1695672599999 0.0 16000
1695672672277 0.0 20000
1695672745212 0.0 24000
1695672809598 0.0 28000
1695672873946 0.0 32000
1695672940633 0.0 36000
1695673005167 0.0 40000
1695673074202 0.0 44000
1695673141144 0.0 48000
1695673218439 0.0 52000
1695673294708 0.0 56000
1695673372431 0.0 60000
1695673449653 0.0 64000
1695673533553 0.0 68000
1695673613750 0.0 72000
1695673696539 0.0 76000
1695673782550 0.0 80000
1695673861038 0.0 84000
1695673945987 0.0 88000
1695674026325 0.0 92000
1695674106776 0.0 96000
1695674188517 0.0 100000
1695674272924 0.0 104000
1695674360528 0.0 108000
1695674442929 0.0 112000
1695674524843 0.0 116000
1695674604761 0.0 120000
1695674686295 0.0 124000
1695674760972 0.0 128000
1695674835832 0.0 132000
1695674905955 0.0 136000
1695674983870 0.0 140000
1695675057405 0.0 144000
1695675130754 0.0 148000
1695675201043 0.0 152000
1695675272634 0.0 156000
1695675343563 0.0 160000
1695675414034 0.0 164000
1695675488865 0.0 168000
1695675564969 0.0 172000
1695675636520 0.0 176000
1695675707644 0.0 180000
1695675779484 0.0 184000
1695675846347 0.0 188000
1695675912976 0.0 192000
1695675979096 0.0 196000
1695676044741 0.0 200000
1695676110970 0.0 204000
1695676191580 0.0 208000
1695676270243 0.0 212000
1695676339847 0.0 216000
1695676408511 0.0 220000
1695676480552 0.0 224000
1695676555043 0.0 228000
1695676625481 0.0 232000
1695676703964 0.0 236000
1695676788198 0.0 240000
1695676877986 0.0 244000
1695676967080 0.0 248000
1695677042668 0.0 252000
1695677114855 0.0 256000
1695677195468 0.0 260000
1695677276804 0.0 264000
1695677358192 0.0 268000
1695677440021 0.0 272000
1695677527170 0.0 276000
