1695672599998 0.0 16000
1695672672276 0.0 20000
1695672745212 0.0 24000
1695672809598 0.0 28000
1695672873945 0.0 32000
1695672940632 0.0 36000
1695673005166 0.0 40000
1695673074201 0.0 44000
1695673141143 0.0 48000
1695673218438 0.0 52000
1695673294707 0.0 56000
1695673372430 0.0 60000
1695673449652 0.0 64000
1695673533552 0.0 68000
1695673613749 0.0 72000
1695673696538 0.0 76000
1695673782549 0.0 80000
1695673861037 0.0 84000
1695673945986 0.0 88000
1695674026324 0.0 92000
1695674106775 0.0 96000
1695674188516 0.0 100000
1695674272923 0.0 104000
1695674360527 0.0 108000
1695674442927 0.0 112000
1695674524842 0.0 116000
1695674604761 0.0 120000
1695674686293 0.0 124000
1695674760970 0.0 128000
1695674835831 0.0 132000
1695674905954 0.0 136000
1695674983869 0.0 140000
1695675057404 0.0 144000
1695675130753 0.0 148000
1695675201043 0.0 152000
1695675272633 0.0 156000
1695675343562 0.0 160000
1695675414033 0.0 164000
1695675488864 0.0 168000
1695675564968 0.0 172000
1695675636519 0.0 176000
1695675707644 0.0 180000
1695675779483 0.0 184000
1695675846347 0.0 188000
1695675912975 0.0 192000
1695675979095 0.0 196000
1695676044741 0.0 200000
1695676110969 0.0 204000
1695676191579 0.0 208000
1695676270242 0.0 212000
1695676339846 0.0 216000
1695676408511 0.0 220000
1695676480551 0.0 224000
1695676555042 0.0 228000
1695676625481 0.0 232000
1695676703963 0.0 236000
1695676788198 0.0 240000
1695676877985 0.0 244000
1695676967078 0.0 248000
1695677042668 0.0 252000
1695677114854 0.0 256000
1695677195467 0.0 260000
1695677276803 0.0 264000
1695677358191 0.0 268000
1695677440020 0.0 272000
1695677527169 0.0 276000
