1695672600007 0.0 16000
1695672672284 0.0 20000
1695672745220 0.0 24000
1695672809605 0.0 28000
1695672873953 0.0 32000
1695672940640 0.0 36000
1695673005174 0.0 40000
1695673074209 0.0 44000
1695673141151 0.0 48000
1695673218446 0.0 52000
1695673294721 0.0 56000
1695673372440 0.0 60000
1695673449662 0.0 64000
1695673533563 0.0 68000
1695673613758 0.0 72000
1695673696548 0.0 76000
1695673782559 0.0 80000
1695673861047 0.0 84000
1695673945996 0.0 88000
1695674026334 0.0 92000
1695674106785 0.0 96000
1695674188526 0.0 100000
1695674272933 0.0 104000
1695674360537 0.0 108000
1695674442940 0.0 112000
1695674524852 0.0 116000
1695674604770 0.0 120000
1695674686307 0.0 124000
1695674760984 0.0 128000
1695674835840 0.0 132000
1695674905964 0.0 136000
1695674983878 0.0 140000
1695675057413 0.0 144000
1695675130763 0.0 148000
1695675201051 0.0 152000
1695675272641 0.0 156000
1695675343570 0.0 160000
1695675414041 0.0 164000
1695675488875 0.0 168000
1695675564977 0.0 172000
1695675636528 0.0 176000
1695675707652 0.0 180000
1695675779492 0.0 184000
1695675846354 0.0 188000
1695675912983 0.0 192000
1695675979104 0.0 196000
1695676044748 0.0 200000
1695676110977 0.0 204000
1695676191588 0.0 208000
1695676270250 0.0 212000
1695676339855 0.0 216000
1695676408519 0.0 220000
1695676480561 0.0 224000
1695676555050 0.0 228000
1695676625489 0.0 232000
1695676703972 0.0 236000
1695676788207 0.0 240000
1695676877995 0.0 244000
1695676967093 0.0 248000
1695677042676 0.0 252000
1695677114863 0.0 256000
1695677195477 0.0 260000
1695677276812 0.0 264000
1695677358200 0.0 268000
1695677440030 0.0 272000
1695677527177 0.0 276000
