1695672600001 0.0 16000
1695672672278 0.0 20000
1695672745214 0.0 24000
1695672809600 0.0 28000
1695672873947 0.0 32000
1695672940634 0.0 36000
1695673005169 0.0 40000
1695673074203 0.0 44000
1695673141145 0.0 48000
1695673218440 0.0 52000
1695673294711 0.0 56000
1695673372433 0.0 60000
1695673449655 0.0 64000
1695673533555 0.0 68000
1695673613751 0.0 72000
1695673696541 0.0 76000
1695673782551 0.0 80000
1695673861040 0.0 84000
1695673945989 0.0 88000
1695674026327 0.0 92000
1695674106778 0.0 96000
1695674188519 0.0 100000
1695674272926 0.0 104000
1695674360530 0.0 108000
1695674442931 0.0 112000
1695674524845 0.0 116000
1695674604763 0.0 120000
1695674686298 0.0 124000
1695674760975 0.0 128000
1695674835834 0.0 132000
1695674905957 0.0 136000
1695674983872 0.0 140000
1695675057407 0.0 144000
1695675130756 0.0 148000
1695675201045 0.0 152000
1695675272636 0.0 156000
1695675343564 0.0 160000
1695675414035 0.0 164000
1695675488867 0.0 168000
1695675564971 0.0 172000
1695675636521 0.0 176000
1695675707646 0.0 180000
1695675779486 0.0 184000
1695675846348 0.0 188000
1695675912977 0.0 192000
1695675979098 0.0 196000
1695676044743 0.0 200000
1695676110971 0.0 204000
1695676191581 0.0 208000
1695676270245 0.0 212000
1695676339849 0.0 216000
1695676408513 0.0 220000
1695676480555 0.0 224000
1695676555044 0.0 228000
1695676625483 0.0 232000
1695676703965 0.0 236000
1695676788200 0.0 240000
1695676877988 0.0 244000
1695676967082 0.0 248000
1695677042670 0.0 252000
1695677114857 0.0 256000
1695677195470 0.0 260000
1695677276805 0.0 264000
1695677358194 0.0 268000
1695677440023 0.0 272000
1695677527171 0.0 276000
