1695672600006 0.0 16000
1695672672283 0.0 20000
1695672745218 0.0 24000
1695672809604 0.0 28000
1695672873951 0.0 32000
1695672940638 0.0 36000
1695673005173 0.0 40000
1695673074208 0.0 44000
1695673141149 0.0 48000
1695673218445 0.0 52000
1695673294719 0.0 56000
1695673372438 0.0 60000
1695673449660 0.0 64000
1695673533561 0.0 68000
1695673613756 0.0 72000
1695673696546 0.0 76000
1695673782557 0.0 80000
1695673861045 0.0 84000
1695673945994 0.0 88000
1695674026332 0.0 92000
1695674106783 0.0 96000
1695674188524 0.0 100000
1695674272931 0.0 104000
1695674360535 0.0 108000
1695674442938 0.0 112000
1695674524850 0.0 116000
1695674604769 0.0 120000
1695674686305 0.0 124000
1695674760982 0.0 128000
1695674835839 0.0 132000
1695674905962 0.0 136000
1695674983876 0.0 140000
1695675057411 0.0 144000
1695675130762 0.0 148000
1695675201049 0.0 152000
1695675272640 0.0 156000
1695675343569 0.0 160000
1695675414039 0.0 164000
1695675488873 0.0 168000
1695675564975 0.0 172000
1695675636526 0.0 176000
1695675707650 0.0 180000
1695675779490 0.0 184000
1695675846352 0.0 188000
1695675912982 0.0 192000
1695675979102 0.0 196000
1695676044747 0.0 200000
1695676110975 0.0 204000
1695676191586 0.0 208000
1695676270249 0.0 212000
1695676339853 0.0 216000
1695676408517 0.0 220000
1695676480560 0.0 224000
1695676555049 0.0 228000
1695676625487 0.0 232000
1695676703970 0.0 236000
1695676788205 0.0 240000
1695676877993 0.0 244000
1695676967091 0.0 248000
1695677042674 0.0 252000
1695677114861 0.0 256000
1695677195475 0.0 260000
1695677276810 0.0 264000
1695677358199 0.0 268000
1695677440028 0.0 272000
1695677527176 0.0 276000
