1695672600002 0.0 16000
1695672672280 0.0 20000
1695672745215 0.0 24000
1695672809601 0.0 28000
1695672873949 0.0 32000
1695672940636 0.0 36000
1695673005170 0.0 40000
1695673074205 0.0 44000
1695673141146 0.0 48000
1695673218442 0.0 52000
1695673294714 0.0 56000
1695673372435 0.0 60000
1695673449657 0.0 64000
1695673533557 0.0 68000
1695673613753 0.0 72000
1695673696542 0.0 76000
1695673782553 0.0 80000
1695673861042 0.0 84000
1695673945990 0.0 88000
1695674026328 0.0 92000
1695674106780 0.0 96000
1695674188520 0.0 100000
1695674272927 0.0 104000
1695674360532 0.0 108000
1695674442934 0.0 112000
1695674524846 0.0 116000
1695674604765 0.0 120000
1695674686301 0.0 124000
1695674760978 0.0 128000
1695674835835 0.0 132000
1695674905959 0.0 136000
1695674983873 0.0 140000
1695675057408 0.0 144000
1695675130758 0.0 148000
1695675201046 0.0 152000
1695675272637 0.0 156000
1695675343566 0.0 160000
1695675414037 0.0 164000
1695675488869 0.0 168000
1695675564972 0.0 172000
1695675636523 0.0 176000
1695675707647 0.0 180000
1695675779487 0.0 184000
1695675846350 0.0 188000
1695675912979 0.0 192000
1695675979099 0.0 196000
1695676044744 0.0 200000
1695676110973 0.0 204000
1695676191583 0.0 208000
1695676270246 0.0 212000
1695676339850 0.0 216000
1695676408514 0.0 220000
1695676480557 0.0 224000
1695676555046 0.0 228000
1695676625484 0.0 232000
1695676703967 0.0 236000
1695676788202 0.0 240000
1695676877989 0.0 244000
1695676967084 0.0 248000
1695677042671 0.0 252000
1695677114858 0.0 256000
1695677195471 0.0 260000
1695677276807 0.0 264000
1695677358195 0.0 268000
1695677440025 0.0 272000
1695677527173 0.0 276000
