1695672600006 0.0 16000
1695672672284 0.0 20000
1695672745219 0.0 24000
1695672809605 0.0 28000
1695672873952 0.0 32000
1695672940639 0.0 36000
1695673005174 0.0 40000
1695673074208 0.0 44000
1695673141150 0.0 48000
1695673218445 0.0 52000
1695673294720 0.0 56000
1695673372439 0.0 60000
1695673449661 0.0 64000
1695673533562 0.0 68000
1695673613757 0.0 72000
1695673696547 0.0 76000
1695673782558 0.0 80000
1695673861046 0.0 84000
1695673945995 0.0 88000
1695674026333 0.0 92000
1695674106784 0.0 96000
1695674188525 0.0 100000
1695674272932 0.0 104000
1695674360536 0.0 108000
1695674442939 0.0 112000
1695674524851 0.0 116000
1695674604769 0.0 120000
1695674686306 0.0 124000
1695674760983 0.0 128000
1695674835839 0.0 132000
1695674905963 0.0 136000
1695674983877 0.0 140000
1695675057412 0.0 144000
1695675130763 0.0 148000
1695675201050 0.0 152000
1695675272641 0.0 156000
1695675343570 0.0 160000
1695675414040 0.0 164000
1695675488874 0.0 168000
1695675564976 0.0 172000
1695675636527 0.0 176000
1695675707651 0.0 180000
1695675779491 0.0 184000
1695675846353 0.0 188000
1695675912982 0.0 192000
1695675979103 0.0 196000
1695676044748 0.0 200000
1695676110976 0.0 204000
1695676191587 0.0 208000
1695676270250 0.0 212000
1695676339854 0.0 216000
1695676408518 0.0 220000
1695676480561 0.0 224000
1695676555050 0.0 228000
1695676625488 0.0 232000
1695676703971 0.0 236000
1695676788206 0.0 240000
1695676877994 0.0 244000
1695676967092 0.0 248000
1695677042675 0.0 252000
1695677114862 0.0 256000
1695677195476 0.0 260000
1695677276811 0.0 264000
1695677358200 0.0 268000
1695677440029 0.0 272000
1695677527177 0.0 276000
