1695672600004 0.0 16000
1695672672281 0.0 20000
1695672745217 0.0 24000
1695672809603 0.0 28000
1695672873950 0.0 32000
1695672940637 0.0 36000
1695673005172 0.0 40000
1695673074206 0.0 44000
1695673141148 0.0 48000
1695673218443 0.0 52000
1695673294717 0.0 56000
1695673372437 0.0 60000
1695673449658 0.0 64000
1695673533559 0.0 68000
1695673613755 0.0 72000
1695673696544 0.0 76000
1695673782555 0.0 80000
1695673861044 0.0 84000
1695673945992 0.0 88000
1695674026330 0.0 92000
1695674106781 0.0 96000
1695674188522 0.0 100000
1695674272929 0.0 104000
1695674360533 0.0 108000
1695674442936 0.0 112000
1695674524848 0.0 116000
1695674604767 0.0 120000
1695674686304 0.0 124000
1695674760980 0.0 128000
1695674835837 0.0 132000
1695674905960 0.0 136000
1695674983875 0.0 140000
1695675057410 0.0 144000
1695675130760 0.0 148000
1695675201048 0.0 152000
1695675272638 0.0 156000
1695675343567 0.0 160000
1695675414038 0.0 164000
1695675488871 0.0 168000
1695675564974 0.0 172000
1695675636525 0.0 176000
1695675707649 0.0 180000
1695675779489 0.0 184000
1695675846351 0.0 188000
1695675912980 0.0 192000
1695675979101 0.0 196000
1695676044746 0.0 200000
1695676110974 0.0 204000
1695676191585 0.0 208000
1695676270248 0.0 212000
1695676339851 0.0 216000
1695676408516 0.0 220000
1695676480558 0.0 224000
1695676555047 0.0 228000
1695676625486 0.0 232000
1695676703969 0.0 236000
1695676788203 0.0 240000
1695676877991 0.0 244000
1695676967088 0.0 248000
1695677042673 0.0 252000
1695677114860 0.0 256000
1695677195473 0.0 260000
1695677276809 0.0 264000
1695677358197 0.0 268000
1695677440026 0.0 272000
1695677527174 0.0 276000
