1695672600005 0.0 16000
1695672672282 0.0 20000
1695672745217 0.0 24000
1695672809603 0.0 28000
1695672873951 0.0 32000
1695672940638 0.0 36000
1695673005172 0.0 40000
1695673074207 0.0 44000
1695673141149 0.0 48000
1695673218444 0.0 52000
1695673294718 0.0 56000
1695673372437 0.0 60000
1695673449659 0.0 64000
1695673533560 0.0 68000
1695673613756 0.0 72000
1695673696545 0.0 76000
1695673782556 0.0 80000
1695673861045 0.0 84000
1695673945993 0.0 88000
1695674026331 0.0 92000
1695674106782 0.0 96000
1695674188523 0.0 100000
1695674272930 0.0 104000
1695674360534 0.0 108000
1695674442937 0.0 112000
1695674524849 0.0 116000
1695674604768 0.0 120000
1695674686305 0.0 124000
1695674760981 0.0 128000
1695674835838 0.0 132000
1695674905961 0.0 136000
1695674983876 0.0 140000
1695675057410 0.0 144000
1695675130761 0.0 148000
1695675201049 0.0 152000
1695675272639 0.0 156000
1695675343568 0.0 160000
1695675414039 0.0 164000
1695675488872 0.0 168000
1695675564975 0.0 172000
1695675636525 0.0 176000
1695675707649 0.0 180000
1695675779490 0.0 184000
1695675846352 0.0 188000
1695675912981 0.0 192000
1695675979102 0.0 196000
1695676044746 0.0 200000
1695676110975 0.0 204000
1695676191585 0.0 208000
1695676270248 0.0 212000
1695676339852 0.0 216000
1695676408516 0.0 220000
1695676480559 0.0 224000
1695676555048 0.0 228000
1695676625486 0.0 232000
1695676703969 0.0 236000
1695676788204 0.0 240000
1695676877992 0.0 244000
1695676967089 0.0 248000
1695677042674 0.0 252000
1695677114860 0.0 256000
1695677195474 0.0 260000
1695677276810 0.0 264000
1695677358198 0.0 268000
1695677440027 0.0 272000
1695677527175 0.0 276000
