1695672600003 0.0 16000
1695672672281 0.0 20000
1695672745216 0.0 24000
1695672809602 0.0 28000
1695672873949 0.0 32000
1695672940636 0.0 36000
1695673005171 0.0 40000
1695673074205 0.0 44000
1695673141147 0.0 48000
1695673218443 0.0 52000
1695673294715 0.0 56000
1695673372436 0.0 60000
1695673449658 0.0 64000
1695673533558 0.0 68000
1695673613754 0.0 72000
1695673696543 0.0 76000
1695673782554 0.0 80000
1695673861043 0.0 84000
1695673945991 0.0 88000
1695674026329 0.0 92000
1695674106781 0.0 96000
1695674188521 0.0 100000
1695674272928 0.0 104000
1695674360532 0.0 108000
1695674442935 0.0 112000
1695674524847 0.0 116000
1695674604766 0.0 120000
1695674686303 0.0 124000
1695674760979 0.0 128000
1695674835836 0.0 132000
1695674905960 0.0 136000
1695674983874 0.0 140000
1695675057409 0.0 144000
1695675130759 0.0 148000
1695675201047 0.0 152000
1695675272638 0.0 156000
1695675343566 0.0 160000
1695675414037 0.0 164000
1695675488870 0.0 168000
1695675564973 0.0 172000
1695675636524 0.0 176000
1695675707648 0.0 180000
1695675779488 0.0 184000
1695675846350 0.0 188000
1695675912979 0.0 192000
1695675979100 0.0 196000
1695676044745 0.0 200000
1695676110973 0.0 204000
1695676191584 0.0 208000
1695676270247 0.0 212000
1695676339851 0.0 216000
1695676408515 0.0 220000
1695676480558 0.0 224000
1695676555046 0.0 228000
1695676625485 0.0 232000
1695676703968 0.0 236000
1695676788203 0.0 240000
1695676877990 0.0 244000
1695676967086 0.0 248000
1695677042672 0.0 252000
1695677114859 0.0 256000
1695677195472 0.0 260000
1695677276808 0.0 264000
1695677358196 0.0 268000
1695677440025 0.0 272000
1695677527174 0.0 276000
