1695672393969 1.0 4000
1695672462665 1.0 8000
1695672529176 1.0 12000
1695672600053 1.0 16000
1695672672327 1.0 20000
1695672745260 1.0 24000
1695672809645 1.0 28000
1695672873992 1.0 32000
1695672940679 1.0 36000
1695673005212 1.0 40000
1695673074249 1.0 44000
1695673141190 1.0 48000
1695673218486 1.0 52000
1695673294770 1.0 56000
1695673372487 1.0 60000
1695673449711 1.0 64000
1695673533617 1.0 68000
1695673613805 1.0 72000
1695673696596 1.0 76000
1695673782609 1.0 80000
1695673861098 1.0 84000
1695673946044 1.0 88000
1695674026385 1.0 92000
1695674106836 1.0 96000
1695674188578 1.0 100000
1695674272986 1.0 104000
1695674360588 1.0 108000
1695674443008 1.0 112000
1695674524902 1.0 116000
1695674604823 1.0 120000
1695674686356 1.0 124000
1695674761047 1.0 128000
1695674835892 1.0 132000
1695674906012 1.0 136000
1695674983922 1.0 140000
1695675057455 1.0 144000
1695675130814 1.0 148000
1695675201095 1.0 152000
1695675272684 1.0 156000
1695675343615 1.0 160000
1695675414080 1.0 164000
1695675488941 1.0 168000
1695675565019 1.0 172000
1695675636572 1.0 176000
1695675707693 1.0 180000
1695675779536 1.0 184000
1695675846395 1.0 188000
1695675913022 1.0 192000
1695675979146 1.0 196000
1695676044790 1.0 200000
1695676111018 1.0 204000
1695676191636 1.0 208000
1695676270293 1.0 212000
1695676339896 1.0 216000
1695676408560 1.0 220000
1695676480603 1.0 224000
1695676555098 1.0 228000
1695676625531 1.0 232000
1695676704020 1.0 236000
1695676788254 1.0 240000
1695676878051 1.0 244000
1695676967154 1.0 248000
1695677042719 1.0 252000
1695677114907 1.0 256000
1695677195525 1.0 260000
1695677276861 1.0 264000
1695677358247 1.0 268000
1695677440079 1.0 272000
1695677527223 1.0 276000
