1695672393998 0.9 4000
1695672462689 0.9 8000
1695672529202 0.9 12000
1695672600080 0.9 16000
1695672672353 0.9 20000
1695672745284 0.9 24000
1695672809669 0.9 28000
1695672874016 0.9 32000
1695672940703 0.9 36000
1695673005237 0.9 40000
1695673074274 0.9 44000
1695673141214 0.9 48000
1695673218510 0.9 52000
1695673294800 0.9 56000
1695673372516 0.9 60000
1695673449742 0.9 64000
1695673533651 0.9 68000
1695673613834 0.9 72000
1695673696627 0.9 76000
1695673782639 0.9 80000
1695673861129 0.9 84000
1695673946073 0.9 88000
1695674026416 0.9 92000
1695674106866 0.9 96000
1695674188608 0.9 100000
1695674273018 0.9 104000
1695674360619 0.9 108000
1695674443048 0.9 112000
1695674524933 0.9 116000
1695674604862 0.9 120000
1695674686387 0.9 124000
1695674761080 0.9 128000
1695674835924 0.9 132000
1695674906041 0.9 136000
1695674983949 0.9 140000
1695675057481 0.9 144000
1695675130845 0.9 148000
1695675201123 0.9 152000
1695675272708 0.9 156000
1695675343642 0.9 160000
1695675414106 0.9 164000
1695675488983 0.9 168000
1695675565045 0.9 172000
1695675636600 0.9 176000
1695675707719 0.9 180000
1695675779563 0.9 184000
1695675846422 0.9 188000
1695675913047 0.9 192000
1695675979171 0.9 196000
1695676044814 0.9 200000
1695676111042 0.9 204000
1695676191663 0.9 208000
1695676270321 0.9 212000
1695676339922 0.9 216000
1695676408585 0.9 220000
1695676480629 0.9 224000
1695676555125 0.9 228000
1695676625557 0.9 232000
1695676704049 0.9 236000
1695676788283 0.9 240000
1695676878099 0.9 244000
1695676967193 0.9 248000
1695677042746 0.9 252000
1695677114933 0.9 256000
1695677195554 0.9 260000
1695677276897 0.9 264000
1695677358275 0.9 268000
1695677440115 0.9 272000
1695677527250 0.9 276000
