1695672599987 0.538191922888519 16000
1695672672265 0.5906430086570992 20000
1695672745202 0.7203528994072409 24000
1695672809588 0.6705572727382957 28000
1695672873936 0.7590117476539159 32000
1695672940622 0.8571200075137191 36000
1695673005156 0.8642053390384594 40000
1695673074192 0.8895575683783257 44000
1695673141133 0.9175943287381524 48000
1695673218428 0.8322666197936706 52000
1695673294694 0.8085332875256325 56000
1695673372419 0.7817638255575038 60000
1695673449640 0.7638009505392883 64000
1695673533539 0.7855606700766298 68000
1695673613738 0.7753197075411751 72000
1695673696526 0.8076146861382589 76000
1695673782535 0.7902898982924466 80000
1695673861025 0.7860123361957857 84000
1695673945974 0.8152394821416468 88000
1695674026312 0.7889944630241037 92000
1695674106761 0.8000078997134369 96000
1695674188504 0.7617532670341906 100000
1695674272910 0.7559994035550429 104000
1695674360514 0.7649863520417802 108000
1695674442912 0.7328808419678032 112000
1695674524829 0.7192157724121928 116000
1695674604749 0.7278560434185163 120000
1695674686278 0.739155348402252 124000
1695674760957 0.7548981767867375 128000
1695674835820 0.7633156128068711 132000
1695674905942 0.7556183040459301 136000
1695674983859 0.7619351883755708 140000
1695675057394 0.766699527187468 144000
1695675130741 0.840969604869247 148000
1695675201032 0.8931556794538932 152000
1695675272624 1.0642820773825232 156000
1695675343550 1.2463096598853713 160000
1695675414023 1.3322343112248618 164000
1695675488850 1.3702107251748616 168000
1695675564956 1.3819352971689711 172000
1695675636508 1.3814868462655598 176000
1695675707633 1.4326752625755 180000
1695675779473 1.458202232378643 184000
1695675846337 1.478534090909091 188000
1695675912966 1.472861132172717 192000
1695675979085 1.4860123127880185 196000
1695676044731 1.4875943359375001 200000
1695676110959 1.4879101072175736 204000
1695676191568 1.4882410804655875 208000
1695676270232 1.4885932559288537 212000
1695676339836 1.488984194015444 216000
1695676408500 1.4890550167624523 220000
1695676480541 1.4887980392156863 224000
1695676555029 1.4893518963675219 228000
1695676625470 1.4893855894549768 232000
1695676703952 1.4874361587982838 236000
1695676788186 1.48886443036965 240000
1695676877971 1.4893332162921349 244000
1695676967064 1.4893774266098487 248000
1695677042657 1.48938592575188 252000
1695677114843 1.4893798122623576 256000
1695677195455 1.4891494391025646 260000
1695677276791 1.4891530448717951 264000
1695677358180 1.4892445083682015 268000
1695677440008 1.482261612354086 272000
1695677527158 1.4893433372641514 276000
