1695731492011 8.0 244000
1695731555384 8.0 248000
1695731627014 8.0 252000
1695731694021 8.0 256000
1695731770468 8.0 260000
1695731847912 8.0 264000
1695731929347 8.0 268000
1695732007579 8.0 272000
1695732085674 8.0 276000
1695732161632 8.0 280000
1695732229866 8.0 284000
1695732296300 8.0 288000
1695732365412 8.0 292000
1695732431746 8.0 296000
1695732499321 8.0 300000
1695732565220 8.0 304000
1695732635490 8.0 308000
1695732703104 8.0 312000
1695732772422 8.0 316000
1695732841610 8.0 320000
1695732910268 8.0 324000
1695732988737 8.0 328000
1695733057802 8.0 332000
1695733127246 8.0 336000
1695733197238 8.0 340000
1695733266954 8.0 344000
1695733337783 8.0 348000
1695733406295 8.0 352000
1695733475134 8.0 356000
1695733547203 8.0 360000
1695733617767 8.0 364000
1695733686260 8.0 368000
1695733756238 8.0 372000
1695733824470 8.0 376000
1695733894980 8.0 380000
1695733964303 8.0 384000
1695734035319 8.0 388000
1695734104285 8.0 392000
1695734175714 8.0 396000
1695734244760 8.0 400000
1695734315787 8.0 404000
1695734384700 8.0 408000
1695734453475 8.0 412000
1695734520766 8.0 416000
1695734588471 8.0 420000
1695734658424 8.0 424000
1695734728089 8.0 428000
1695734796973 8.0 432000
1695734870348 8.0 436000
1695734945856 8.0 440000
1695735017175 8.0 444000
1695735086456 8.0 448000
1695735161781 8.0 452000
1695735232021 8.0 456000
1695735305973 8.0 460000
1695735382234 8.0 464000
1695735453223 8.0 468000
1695735524442 8.0 472000
1695735599231 8.0 476000
1695735678738 8.0 480000
1695735759862 8.0 484000
1695735842425 8.0 488000
1695735925862 8.0 492000
1695736013532 8.0 496000
1695736097377 8.0 500000
1695736173695 8.0 504000
1695736248973 8.0 508000
1695736320673 8.0 512000
1695736388230 8.0 516000
1695736454368 8.0 520000
1695736520696 8.0 524000
1695736587126 8.0 528000
1695736651762 8.0 532000
1695736716193 8.0 536000
1695736779540 8.0 540000
1695736842258 8.0 544000
1695736905460 8.0 548000
1695736968521 8.0 552000
1695737032222 8.0 556000
1695737094132 8.0 560000
1695737158040 8.0 564000
1695737219710 8.0 568000
1695737282028 8.0 572000
1695737344706 8.0 576000
1695737412043 8.0 580000
1695737478318 8.0 584000
1695737541986 8.0 588000
1695737604427 8.0 592000
1695737666510 8.0 596000
1695737728717 8.0 600000
1695737791643 8.0 604000
1695737853600 8.0 608000
1695737916286 8.0 612000
1695737978662 8.0 616000
1695738041301 8.0 620000
1695738103560 8.0 624000
1695738167389 8.0 628000
1695738230065 8.0 632000
1695738292617 8.0 636000
1695738355110 8.0 640000
1695738417966 8.0 644000
1695738479923 8.0 648000
1695738542510 8.0 652000
1695738605945 8.0 656000
1695738668221 8.0 660000
1695738731771 8.0 664000
1695738794242 8.0 668000
1695738858582 8.0 672000
1695738921324 8.0 676000
1695738984540 8.0 680000
1695739046783 8.0 684000
1695739110154 8.0 688000
1695739172031 8.0 692000
1695739235559 8.0 696000
1695739297806 8.0 700000
1695739360619 8.0 704000
1695739423307 8.0 708000
1695739488095 8.0 712000
1695739550746 8.0 716000
1695739613379 8.0 720000
1695739676076 8.0 724000
1695739737866 8.0 728000
1695739800553 8.0 732000
1695739862789 8.0 736000
1695739925933 8.0 740000
1695739987778 8.0 744000
1695740051675 8.0 748000
1695740114490 8.0 752000
1695740177707 8.0 756000
1695740240178 8.0 760000
1695740302047 8.0 764000
1695740363634 8.0 768000
1695740426116 8.0 772000
1695740488952 8.0 776000
1695740550786 8.0 780000
1695740613490 8.0 784000
1695740676112 8.0 788000
1695740739868 8.0 792000
1695740801777 8.0 796000
1695740865037 8.0 800000
1695740927256 8.0 804000
1695740989489 8.0 808000
1695741052828 8.0 812000
1695741116472 8.0 816000
1695741179206 8.0 820000
1695741242118 8.0 824000
1695741305222 8.0 828000
1695741368543 8.0 832000
1695741432786 8.0 836000
1695741500821 8.0 840000
1695741566860 8.0 844000
1695741631810 8.0 848000
1695741707458 8.0 852000
1695741770273 8.0 856000
1695741834351 8.0 860000
1695741896348 8.0 864000
1695741958496 8.0 868000
1695742020744 8.0 872000
1695742083894 8.0 876000
1695742146561 8.0 880000
1695742211680 8.0 884000
1695742275918 8.0 888000
1695742341662 8.0 892000
1695742413693 8.0 896000
1695742482001 8.0 900000
1695742548307 8.0 904000
1695742610771 8.0 908000
1695742672884 8.0 912000
1695742735173 8.0 916000
1695742798479 8.0 920000
1695742861573 8.0 924000
1695742924167 8.0 928000
1695742986398 8.0 932000
1695743049705 8.0 936000
1695743111988 8.0 940000
1695743175958 8.0 944000
1695743237919 8.0 948000
1695743299828 8.0 952000
1695743362025 8.0 956000
1695743425321 8.0 960000
1695743487797 8.0 964000
1695743552182 8.0 968000
1695743614334 8.0 972000
1695743677520 8.0 976000
1695743740568 8.0 980000
1695743804844 8.0 984000
1695743867025 8.0 988000
1695743930140 8.0 992000
1695743991773 8.0 996000
1695744055108 8.0 1000000
