1695731492010 8.0 244000
1695731555383 8.0 248000
1695731627013 8.0 252000
1695731694020 8.0 256000
1695731770467 8.0 260000
1695731847911 8.0 264000
1695731929346 8.0 268000
1695732007579 8.0 272000
1695732085673 8.0 276000
1695732161632 8.0 280000
1695732229866 8.0 284000
1695732296299 8.0 288000
1695732365411 8.0 292000
1695732431746 8.0 296000
1695732499321 8.0 300000
1695732565219 8.0 304000
1695732635489 8.0 308000
1695732703103 8.0 312000
1695732772421 8.0 316000
1695732841609 8.0 320000
1695732910267 8.0 324000
1695732988736 8.0 328000
1695733057801 8.0 332000
1695733127245 8.0 336000
1695733197237 8.0 340000
1695733266953 8.0 344000
1695733337782 8.0 348000
1695733406294 8.0 352000
1695733475133 8.0 356000
1695733547202 8.0 360000
1695733617766 8.0 364000
1695733686259 8.0 368000
1695733756237 8.0 372000
1695733824469 8.0 376000
1695733894979 8.0 380000
1695733964302 8.0 384000
1695734035318 8.0 388000
1695734104285 8.0 392000
1695734175714 8.0 396000
1695734244759 8.0 400000
1695734315786 8.0 404000
1695734384699 8.0 408000
1695734453474 8.0 412000
1695734520765 8.0 416000
1695734588470 8.0 420000
1695734658423 8.0 424000
1695734728088 8.0 428000
1695734796972 8.0 432000
1695734870347 8.0 436000
1695734945855 8.0 440000
1695735017174 8.0 444000
1695735086455 8.0 448000
1695735161780 8.0 452000
1695735232020 8.0 456000
1695735305972 8.0 460000
1695735382233 8.0 464000
1695735453222 8.0 468000
1695735524442 8.0 472000
1695735599230 8.0 476000
1695735678737 8.0 480000
1695735759861 8.0 484000
1695735842424 8.0 488000
1695735925861 8.0 492000
1695736013531 8.0 496000
1695736097376 8.0 500000
1695736173695 8.0 504000
1695736248972 8.0 508000
1695736320672 8.0 512000
1695736388229 8.0 516000
1695736454367 8.0 520000
1695736520695 8.0 524000
1695736587125 8.0 528000
1695736651761 8.0 532000
1695736716192 8.0 536000
1695736779539 8.0 540000
1695736842257 8.0 544000
1695736905460 8.0 548000
1695736968520 8.0 552000
1695737032221 8.0 556000
1695737094131 8.0 560000
1695737158040 8.0 564000
1695737219709 8.0 568000
1695737282027 8.0 572000
1695737344705 8.0 576000
1695737412042 8.0 580000
1695737478317 8.0 584000
1695737541986 8.0 588000
1695737604427 8.0 592000
1695737666510 8.0 596000
1695737728716 8.0 600000
1695737791642 8.0 604000
1695737853599 8.0 608000
1695737916285 8.0 612000
1695737978662 8.0 616000
1695738041300 8.0 620000
1695738103559 8.0 624000
1695738167388 8.0 628000
1695738230064 8.0 632000
1695738292616 8.0 636000
1695738355110 8.0 640000
1695738417965 8.0 644000
1695738479922 8.0 648000
1695738542509 8.0 652000
1695738605944 8.0 656000
1695738668220 8.0 660000
1695738731770 8.0 664000
1695738794241 8.0 668000
1695738858581 8.0 672000
1695738921323 8.0 676000
1695738984540 8.0 680000
1695739046782 8.0 684000
1695739110153 8.0 688000
1695739172031 8.0 692000
1695739235558 8.0 696000
1695739297805 8.0 700000
1695739360618 8.0 704000
1695739423306 8.0 708000
1695739488094 8.0 712000
1695739550745 8.0 716000
1695739613379 8.0 720000
1695739676075 8.0 724000
1695739737866 8.0 728000
1695739800552 8.0 732000
1695739862788 8.0 736000
1695739925932 8.0 740000
1695739987777 8.0 744000
1695740051674 8.0 748000
1695740114489 8.0 752000
1695740177707 8.0 756000
1695740240177 8.0 760000
1695740302046 8.0 764000
1695740363633 8.0 768000
1695740426115 8.0 772000
1695740488951 8.0 776000
1695740550786 8.0 780000
1695740613489 8.0 784000
1695740676112 8.0 788000
1695740739867 8.0 792000
1695740801776 8.0 796000
1695740865036 8.0 800000
1695740927255 8.0 804000
1695740989488 8.0 808000
1695741052827 8.0 812000
1695741116472 8.0 816000
1695741179205 8.0 820000
1695741242118 8.0 824000
1695741305221 8.0 828000
1695741368542 8.0 832000
1695741432785 8.0 836000
1695741500820 8.0 840000
1695741566859 8.0 844000
1695741631809 8.0 848000
1695741707457 8.0 852000
1695741770272 8.0 856000
1695741834350 8.0 860000
1695741896347 8.0 864000
1695741958495 8.0 868000
1695742020743 8.0 872000
1695742083894 8.0 876000
1695742146560 8.0 880000
1695742211680 8.0 884000
1695742275917 8.0 888000
1695742341661 8.0 892000
1695742413692 8.0 896000
1695742482000 8.0 900000
1695742548306 8.0 904000
1695742610770 8.0 908000
1695742672883 8.0 912000
1695742735172 8.0 916000
1695742798479 8.0 920000
1695742861572 8.0 924000
1695742924166 8.0 928000
1695742986397 8.0 932000
1695743049704 8.0 936000
1695743111987 8.0 940000
1695743175958 8.0 944000
1695743237919 8.0 948000
1695743299827 8.0 952000
1695743362024 8.0 956000
1695743425321 8.0 960000
1695743487796 8.0 964000
1695743552182 8.0 968000
1695743614333 8.0 972000
1695743677520 8.0 976000
1695743740567 8.0 980000
1695743804843 8.0 984000
1695743867025 8.0 988000
1695743930139 8.0 992000
1695743991772 8.0 996000
1695744055107 8.0 1000000
