1695672393997 0.9 4000
1695672462689 0.9 8000
1695672529201 0.9 12000
1695672600079 0.9 16000
1695672672353 0.9 20000
1695672745283 0.9 24000
1695672809669 0.9 28000
1695672874015 0.9 32000
1695672940702 0.9 36000
1695673005236 0.9 40000
1695673074273 0.9 44000
1695673141213 0.9 48000
1695673218509 0.9 52000
1695673294799 0.9 56000
1695673372515 0.9 60000
1695673449741 0.9 64000
1695673533650 0.9 68000
1695673613833 0.9 72000
1695673696627 0.9 76000
1695673782638 0.9 80000
1695673861128 0.9 84000
1695673946073 0.9 88000
1695674026415 0.9 92000
1695674106865 0.9 96000
1695674188607 0.9 100000
1695674273018 0.9 104000
1695674360618 0.9 108000
1695674443047 0.9 112000
1695674524932 0.9 116000
1695674604861 0.9 120000
1695674686386 0.9 124000
1695674761079 0.9 128000
1695674835923 0.9 132000
1695674906040 0.9 136000
1695674983948 0.9 140000
1695675057480 0.9 144000
1695675130845 0.9 148000
1695675201122 0.9 152000
1695675272707 0.9 156000
1695675343641 0.9 160000
1695675414106 0.9 164000
1695675488982 0.9 168000
1695675565045 0.9 172000
1695675636600 0.9 176000
1695675707718 0.9 180000
1695675779562 0.9 184000
1695675846421 0.9 188000
1695675913046 0.9 192000
1695675979170 0.9 196000
1695676044813 0.9 200000
1695676111042 0.9 204000
1695676191662 0.9 208000
1695676270321 0.9 212000
1695676339921 0.9 216000
1695676408584 0.9 220000
1695676480628 0.9 224000
1695676555124 0.9 228000
1695676625556 0.9 232000
1695676704048 0.9 236000
1695676788282 0.9 240000
1695676878098 0.9 244000
1695676967191 0.9 248000
1695677042745 0.9 252000
1695677114932 0.9 256000
1695677195553 0.9 260000
1695677276896 0.9 264000
1695677358274 0.9 268000
1695677440114 0.9 272000
1695677527249 0.9 276000
