1695731491980 1.3813851850012602 244000
1695731555351 1.3934705371723588 248000
1695731626985 1.3607200598189426 252000
1695731693987 1.3733714424409378 256000
1695731770433 1.3646755529542318 260000
1695731847878 1.2879070025546298 264000
1695731929312 1.2712951847495906 268000
1695732007544 1.3278471830578897 272000
1695732085631 1.3027195833522847 276000
1695732161603 1.2995631891030472 280000
1695732229837 1.362918070411435 284000
1695732296270 1.3174695683594357 288000
1695732365380 1.2193469826084524 292000
1695732431718 1.2946384499710288 296000
1695732499292 1.2566057462634936 300000
1695732565186 1.3318984151035775 304000
1695732635456 1.3263456944132515 308000
1695732703071 1.3760849084480697 312000
1695732772390 1.3617947124813978 316000
1695732841579 1.358290560012626 320000
1695732910237 1.310673905304601 324000
1695732988704 1.2978853464596276 328000
1695733057771 1.3466684797055963 332000
1695733127217 1.2781984004233529 336000
1695733197205 1.4010515963863814 340000
1695733266922 1.3640363338241999 344000
1695733337747 1.3240566550818427 348000
1695733406265 1.4374638122995032 352000
1695733475103 1.313748452871697 356000
1695733547170 1.3441691965905829 360000
1695733617735 1.343027584593044 364000
1695733686228 1.2693069949059477 368000
1695733756206 1.246444920337433 372000
1695733824441 1.2968729356702156 376000
1695733894948 1.2814264864277358 380000
1695733964275 1.2342953021396978 384000
1695734035286 1.2384509961681793 388000
1695734104256 1.3114098671547472 392000
1695734175684 1.2705631219084979 396000
1695734244729 1.2205224284646188 400000
1695734315755 1.2013057220668095 404000
1695734384669 1.2777103426349525 408000
1695734453445 1.269071638507689 412000
1695734520736 1.2633170425887965 416000
1695734588441 1.2628208347484537 420000
1695734658393 1.2512846422773407 424000
1695734728059 1.2407713989645757 428000
1695734796944 1.301599110773406 432000
1695734870310 1.201124515759672 436000
1695734945825 1.2878673191677275 440000
1695735017142 1.3308914183896083 444000
1695735086425 1.2512517977684827 448000
1695735161750 1.270611421926215 452000
1695735231991 1.2697825383419248 456000
1695735305940 1.3058035700589126 460000
1695735382194 1.316658640714559 464000
1695735453190 1.3595775737198224 468000
1695735524413 1.3143701144106472 472000
1695735599197 1.3376795610413794 476000
1695735678702 1.336797013828906 480000
1695735759825 1.3134113828234117 484000
1695735842390 1.3039751383458673 488000
1695735925823 1.285138842233025 492000
1695736013493 1.2557393740648135 496000
1695736097342 1.352483793299483 500000
1695736173663 1.3427981532731723 504000
1695736248933 1.3245340235457717 508000
1695736320638 1.2936371218257734 512000
1695736388201 1.2856367131805708 516000
1695736454338 1.2512270070262597 520000
1695736520668 1.2130073127027445 524000
1695736587097 1.2496013065901201 528000
1695736651734 1.2818407737008455 532000
1695736716166 1.2687327636609984 536000
1695736779512 1.2414346043542188 540000
1695736842229 1.3243156061919208 544000
1695736905431 1.228787201063035 548000
1695736968492 1.2764915372650991 552000
1695737032193 1.263933016417347 556000
1695737094104 1.2668054300015783 560000
1695737158011 1.2910752546836932 564000
1695737219679 1.2721697543715007 568000
1695737281996 1.2908564836497898 572000
1695737344677 1.2811707770328082 576000
1695737412012 1.2524582980493963 580000
1695737478290 1.3150051361828605 584000
1695737541958 1.377216235841826 588000
1695737604399 1.3230279847458235 592000
1695737666482 1.2886170186460177 596000
1695737728686 1.2709663891301701 600000
1695737791615 1.2409382610096664 604000
1695737853572 1.2883900575447305 608000
1695737916259 1.2881879736160415 612000
1695737978632 1.3155361733470947 616000
1695738041273 1.3383304287844022 620000
1695738103530 1.2516929837185067 624000
1695738167360 1.3643489759021077 628000
1695738230034 1.3202954624484229 632000
1695738292589 1.3262424834945792 636000
1695738355080 1.3387886643009188 640000
1695738417938 1.3850376805712212 644000
1695738479896 1.350220181219376 648000
1695738542481 1.34864271475968 652000
1695738605918 1.3841065339192893 656000
1695738668192 1.376377989149611 660000
1695738731744 1.3115408900522927 664000
1695738794211 1.2811538392114217 668000
1695738858553 1.3426439277498414 672000
1695738921296 1.3228924662282129 676000
1695738984507 1.3284579078991767 680000
1695739046754 1.2756259643145447 684000
1695739110128 1.3573378119938164 688000
1695739172004 1.3620036443088601 692000
1695739235530 1.2666212546060918 696000
1695739297777 1.3685686686106044 700000
1695739360592 1.30192116038229 704000
1695739423278 1.3249163897279297 708000
1695739488068 1.3736546689272537 712000
1695739550718 1.3193813011612567 716000
1695739613348 1.327757370169353 720000
1695739676047 1.2944780518867915 724000
1695739737839 1.2953028116721808 728000
1695739800524 1.3365130122604603 732000
1695739862761 1.3017899777705881 736000
1695739925903 1.335470677381339 740000
1695739987747 1.2781297678399046 744000
1695740051647 1.189522284042714 748000
1695740114461 1.3263991750728832 752000
1695740177680 1.2709842980804364 756000
1695740240150 1.3070350138168194 760000
1695740302017 1.323617943906603 764000
1695740363603 1.2325078869271262 768000
1695740426089 1.3217862875195066 772000
1695740488924 1.2056040203238665 776000
1695740550759 1.2738831827616046 780000
1695740613462 1.191651688685559 784000
1695740676085 1.2701097312375016 788000
1695740739841 1.2885758355169958 792000
1695740801748 1.2291744483134266 796000
1695740865009 1.2842085068977365 800000
1695740927223 1.3207339432750684 804000
1695740989461 1.2756398358326086 808000
1695741052799 1.3026650663841801 812000
1695741116444 1.3282476390866633 816000
1695741179179 1.34895105647018 820000
1695741242089 1.2747523966031205 824000
1695741305193 1.338046483574343 828000
1695741368516 1.32191761520002 832000
1695741432756 1.2573175188858396 836000
1695741500791 1.3005090930647107 840000
1695741566830 1.3008194207166826 844000
1695741631779 1.2976492556793922 848000
1695741707428 1.2926545542851853 852000
1695741770245 1.349990437046122 856000
1695741834321 1.264601678734948 860000
1695741896313 1.256446880804594 864000
1695741958469 1.2975458849009474 868000
1695742020717 1.30862166822745 872000
1695742083864 1.3040426075541973 876000
1695742146531 1.2623608032853542 880000
1695742211649 1.2723825744108208 884000
1695742275888 1.2899885009875234 888000
1695742341633 1.2633218433934172 892000
1695742413656 1.2789220899458955 896000
1695742481967 1.2461086203231855 900000
1695742548278 1.3060624853108405 904000
1695742610743 1.3245079546222447 908000
1695742672855 1.2737441848716118 912000
1695742735145 1.245093519183028 916000
1695742798450 1.3347222012571853 920000
1695742861546 1.293661970558252 924000
1695742924137 1.3005448906151138 928000
1695742986369 1.2886190912669644 932000
1695743049677 1.227815009807883 936000
1695743111959 1.2497453528674822 940000
1695743175928 1.3330910286291144 944000
1695743237890 1.1931886152449602 948000
1695743299801 1.2698168205676377 952000
1695743361994 1.258948966214802 956000
1695743425292 1.304275643290861 960000
1695743487769 1.3264513692329865 964000
1695743552152 1.2650433645997663 968000
1695743614306 1.2885836655862715 972000
1695743677492 1.269433926107294 976000
1695743740540 1.3155804919392804 980000
1695743804816 1.2727630371292364 984000
1695743866995 1.338204976813032 988000
1695743930112 1.2537964741355017 992000
1695743991744 1.264932806524167 996000
1695744055082 1.3362220502976419 1000000
