1695731492045 1.0 244000
1695731555420 1.0 248000
1695731627046 1.0 252000
1695731694060 1.0 256000
1695731770509 1.0 260000
1695731847953 1.0 264000
1695731929388 1.0 268000
1695732007623 1.0 272000
1695732085717 1.0 276000
1695732161665 1.0 280000
1695732229899 1.0 284000
1695732296333 1.0 288000
1695732365446 1.0 292000
1695732431780 1.0 296000
1695732499355 1.0 300000
1695732565254 1.0 304000
1695732635528 1.0 308000
1695732703141 1.0 312000
1695732772457 1.0 316000
1695732841643 1.0 320000
1695732910300 1.0 324000
1695732988776 1.0 328000
1695733057837 1.0 332000
1695733127278 1.0 336000
1695733197274 1.0 340000
1695733266990 1.0 344000
1695733337825 1.0 348000
1695733406328 1.0 352000
1695733475170 1.0 356000
1695733547240 1.0 360000
1695733617801 1.0 364000
1695733686298 1.0 368000
1695733756272 1.0 372000
1695733824503 1.0 376000
1695733895015 1.0 380000
1695733964337 1.0 384000
1695734035356 1.0 388000
1695734104320 1.0 392000
1695734175749 1.0 396000
1695734244797 1.0 400000
1695734315823 1.0 404000
1695734384736 1.0 408000
1695734453508 1.0 412000
1695734520799 1.0 416000
1695734588506 1.0 420000
1695734658458 1.0 424000
1695734728123 1.0 428000
1695734797006 1.0 432000
1695734870387 1.0 436000
1695734945891 1.0 440000
1695735017213 1.0 444000
1695735086491 1.0 448000
1695735161815 1.0 452000
1695735232056 1.0 456000
1695735306010 1.0 460000
1695735382278 1.0 464000
1695735453258 1.0 468000
1695735524475 1.0 472000
1695735599271 1.0 476000
1695735678778 1.0 480000
1695735759900 1.0 484000
1695735842464 1.0 488000
1695735925905 1.0 492000
1695736013573 1.0 496000
1695736097416 1.0 500000
1695736173732 1.0 504000
1695736249018 1.0 508000
1695736320712 1.0 512000
1695736388261 1.0 516000
1695736454398 1.0 520000
1695736520727 1.0 524000
1695736587158 1.0 528000
1695736651793 1.0 532000
1695736716223 1.0 536000
1695736779573 1.0 540000
1695736842290 1.0 544000
1695736905494 1.0 548000
1695736968552 1.0 552000
1695737032254 1.0 556000
1695737094163 1.0 560000
1695737158071 1.0 564000
1695737219744 1.0 568000
1695737282069 1.0 572000
1695737344738 1.0 576000
1695737412077 1.0 580000
1695737478350 1.0 584000
1695737542019 1.0 588000
1695737604458 1.0 592000
1695737666543 1.0 596000
1695737728751 1.0 600000
1695737791674 1.0 604000
1695737853630 1.0 608000
1695737916317 1.0 612000
1695737978695 1.0 616000
1695738041334 1.0 620000
1695738103596 1.0 624000
1695738167420 1.0 628000
1695738230095 1.0 632000
1695738292649 1.0 636000
1695738355142 1.0 640000
1695738417997 1.0 644000
1695738479954 1.0 648000
1695738542543 1.0 652000
1695738605976 1.0 656000
1695738668251 1.0 660000
1695738731802 1.0 664000
1695738794273 1.0 668000
1695738858617 1.0 672000
1695738921354 1.0 676000
1695738984579 1.0 680000
1695739046813 1.0 684000
1695739110186 1.0 688000
1695739172063 1.0 692000
1695739235590 1.0 696000
1695739297838 1.0 700000
1695739360653 1.0 704000
1695739423342 1.0 708000
1695739488126 1.0 712000
1695739550778 1.0 716000
1695739613414 1.0 720000
1695739676110 1.0 724000
1695739737898 1.0 728000
1695739800587 1.0 732000
1695739862822 1.0 736000
1695739925964 1.0 740000
1695739987810 1.0 744000
1695740051706 1.0 748000
1695740114524 1.0 752000
1695740177738 1.0 756000
1695740240212 1.0 760000
1695740302081 1.0 764000
1695740363668 1.0 768000
1695740426146 1.0 772000
1695740488982 1.0 776000
1695740550818 1.0 780000
1695740613520 1.0 784000
1695740676143 1.0 788000
1695740739900 1.0 792000
1695740801810 1.0 796000
1695740865069 1.0 800000
1695740927292 1.0 804000
1695740989521 1.0 808000
1695741052859 1.0 812000
1695741116503 1.0 816000
1695741179237 1.0 820000
1695741242153 1.0 824000
1695741305253 1.0 828000
1695741368576 1.0 832000
1695741432821 1.0 836000
1695741500857 1.0 840000
1695741566893 1.0 844000
1695741631845 1.0 848000
1695741707490 1.0 852000
1695741770305 1.0 856000
1695741834385 1.0 860000
1695741896389 1.0 864000
1695741958527 1.0 868000
1695742020776 1.0 872000
1695742083930 1.0 876000
1695742146593 1.0 880000
1695742211712 1.0 884000
1695742275953 1.0 888000
1695742341695 1.0 892000
1695742413734 1.0 896000
1695742482034 1.0 900000
1695742548338 1.0 904000
1695742610803 1.0 908000
1695742672914 1.0 912000
1695742735204 1.0 916000
1695742798511 1.0 920000
1695742861605 1.0 924000
1695742924199 1.0 928000
1695742986432 1.0 932000
1695743049735 1.0 936000
1695743112020 1.0 940000
1695743175990 1.0 944000
1695743237950 1.0 948000
1695743299858 1.0 952000
1695743362059 1.0 956000
1695743425352 1.0 960000
1695743487828 1.0 964000
1695743552213 1.0 968000
1695743614366 1.0 972000
1695743677551 1.0 976000
1695743740601 1.0 980000
1695743804877 1.0 984000
1695743867059 1.0 988000
1695743930170 1.0 992000
1695743991804 1.0 996000
1695744055139 1.0 1000000
