1695731491974 33.20941176470589 244000
1695731555345 32.08571428571429 248000
1695731626979 33.27745098039216 252000
1695731693981 32.72947368421053 256000
1695731770427 40.82752293577982 260000
1695731847872 44.233636363636364 264000
1695731929306 43.86120689655173 268000
1695732007538 44.505357142857136 272000
1695732085618 44.58468468468468 276000
1695732161598 42.987037037037034 280000
1695732229831 34.172164948453606 284000
1695732296265 34.10736842105263 288000
1695732365375 34.34285714285714 292000
1695732431713 34.18000000000001 296000
1695732499287 34.23333333333333 300000
1695732565180 34.030851063829786 304000
1695732635450 34.164 308000
1695732703065 34.25670103092783 312000
1695732772384 33.967346938775506 316000
1695732841573 34.756565656565655 320000
1695732910232 34.41530612244898 324000
1695732988698 33.248648648648654 328000
1695733057766 34.46868686868687 332000
1695733127212 34.82525252525253 336000
1695733197196 34.989898989899 340000
1695733266916 34.367 344000
1695733337740 34.225 348000
1695733406259 34.820408163265306 352000
1695733475097 34.08877551020409 356000
1695733547164 34.97864077669903 360000
1695733617729 35.174 364000
1695733686222 33.96326530612245 368000
1695733756201 34.136 372000
1695733824435 34.37938144329897 376000
1695733894942 35.056000000000004 380000
1695733964270 34.13434343434344 384000
1695734035280 34.5990099009901 388000
1695734104250 34.59591836734693 392000
1695734175679 35.551960784313735 396000
1695734244723 34.891919191919186 400000
1695734315749 34.48514851485149 404000
1695734384663 34.11020408163265 408000
1695734453439 34.45918367346939 412000
1695734520730 34.48645833333334 416000
1695734588436 34.264583333333334 420000
1695734658387 34.721999999999994 424000
1695734728053 34.541414141414144 428000
1695734796938 34.576530612244895 432000
1695734870304 36.444761904761904 436000
1695734945819 38.83457943925234 440000
1695735017135 34.18921568627451 444000
1695735086419 33.78775510204081 448000
1695735161744 36.99074074074075 452000
1695735231985 34.216 456000
1695735305934 37.85619047619048 460000
1695735382188 37.93853211009174 464000
1695735453184 35.360396039603955 468000
1695735524408 35.20594059405941 472000
1695735599191 35.3177570093458 476000
1695735678696 44.13451327433627 480000
1695735759819 44.234482758620686 484000
1695735842383 44.23247863247864 488000
1695735925817 45.02941176470589 492000
1695736013484 43.3016 496000
1695736097335 34.33529411764706 500000
1695736173657 33.544036697247705 504000
1695736248925 34.75794392523365 508000
1695736320631 34.30588235294118 512000
1695736388196 32.55567010309278 516000
1695736454333 33.09148936170212 520000
1695736520663 33.015957446808514 524000
1695736587092 32.83368421052631 528000
1695736651729 33.14130434782608 532000
1695736716161 32.63152173913043 536000
1695736779507 32.974444444444444 540000
1695736842224 32.455555555555556 544000
1695736905426 33.22333333333333 548000
1695736968486 33.13932584269663 552000
1695737032187 33.21098901098902 556000
1695737094098 33.225 560000
1695737158006 32.722826086956516 564000
1695737219674 32.64597701149425 568000
1695737281990 32.875280898876404 572000
1695737344672 32.86179775280899 576000
1695737412006 33.271874999999994 580000
1695737478285 32.12765957446808 584000
1695737541954 33.137362637362635 588000
1695737604393 32.10674157303371 592000
1695737666477 32.72727272727273 596000
1695737728681 32.933707865168536 600000
1695737791609 32.84777777777778 604000
1695737853567 32.54545454545455 608000
1695737916254 32.74719101123596 612000
1695737978626 32.77303370786517 616000
1695738041267 32.79887640449438 620000
1695738103525 32.534831460674155 624000
1695738167355 33.20989010989011 628000
1695738230029 32.8247191011236 632000
1695738292584 32.88202247191011 636000
1695738355075 32.67078651685394 640000
1695738417933 32.92777777777778 644000
1695738479890 32.57613636363636 648000
1695738542476 32.55393258426966 652000
1695738605913 32.815384615384616 656000
1695738668186 32.33033707865168 660000
1695738731739 33.08777777777778 664000
1695738794206 32.332584269662924 668000
1695738858548 32.69130434782608 672000
1695738921291 33.01460674157303 676000
1695738984500 32.81888888888888 680000
1695739046749 32.41348314606742 684000
1695739110122 33.202222222222225 688000
1695739171998 32.29213483146067 692000
1695739235524 32.94555555555556 696000
1695739297772 32.720224719101125 700000
1695739360587 33.27865168539326 704000
1695739423271 32.56853932584269 708000
1695739488062 32.93118279569892 712000
1695739550713 32.86966292134831 716000
1695739613342 32.886516853932584 720000
1695739676042 32.84719101123596 724000
1695739737834 32.92247191011236 728000
1695739800518 32.708988764044946 732000
1695739862757 32.647191011235954 736000
1695739925897 33.051111111111105 740000
1695739987741 32.61477272727273 744000
1695740051642 33.55714285714286 748000
1695740114456 32.6438202247191 752000
1695740177675 33.46777777777778 756000
1695740240144 32.35842696629213 760000
1695740302010 33.080681818181816 764000
1695740363597 32.84431818181818 768000
1695740426084 32.59438202247191 772000
1695740488919 32.504444444444445 776000
1695740550754 32.810227272727275 780000
1695740613457 33.09438202247191 784000
1695740676080 33.08314606741573 788000
1695740739836 32.793406593406594 792000
1695740801742 32.89204545454545 796000
1695740865005 33.05888888888889 800000
1695740927217 32.779775280898875 804000
1695740989456 32.85505617977528 808000
1695741052794 32.58444444444445 812000
1695741116440 33.26 816000
1695741179174 32.37888888888888 820000
1695741242083 33.007865168539325 824000
1695741305188 32.67333333333333 828000
1695741368510 32.3912087912088 832000
1695741432751 33.04285714285715 836000
1695741500785 33.1958762886598 840000
1695741566824 32.414893617021285 844000
1695741631773 32.78709677419355 848000
1695741707421 33.214953271028044 852000
1695741770240 32.64 856000
1695741834316 33.27912087912088 860000
1695741896305 32.690909090909095 864000
1695741958464 32.668539325842694 868000
1695742020713 32.74831460674158 872000
1695742083859 33.135555555555555 876000
1695742146526 32.8123595505618 880000
1695742211644 32.765591397849455 884000
1695742275883 32.83516483516483 888000
1695742341627 33.176595744680846 892000
1695742413646 32.78431372549019 896000
1695742481959 32.18877551020409 900000
1695742548272 32.217021276595744 904000
1695742610738 32.9685393258427 908000
1695742672850 32.529213483146066 912000
1695742735139 32.675000000000004 916000
1695742798444 32.85824175824176 920000
1695742861542 32.54777777777778 924000
1695742924131 32.96292134831461 928000
1695742986364 32.84886363636364 932000
1695743049672 32.97582417582418 936000
1695743111953 32.99545454545455 940000
1695743175923 32.60329670329671 944000
1695743237885 33.08426966292134 948000
1695743299795 32.93181818181818 952000
1695743361989 32.66404494382023 956000
1695743425287 33.18111111111111 960000
1695743487764 32.76629213483146 964000
1695743552147 32.8304347826087 968000
1695743614301 32.75909090909091 972000
1695743677487 32.86333333333334 976000
1695743740535 32.666666666666664 980000
1695743804811 32.87692307692308 984000
1695743866990 32.98988764044944 988000
1695743930107 32.91888888888888 992000
1695743991739 33.00681818181818 996000
1695744055076 33.120000000000005 1000000
