1695731491975 19.716470588235293 244000
1695731555346 19.984615384615385 248000
1695731626980 20.172549019607843 252000
1695731693982 20.34315789473685 256000
1695731770428 24.21834862385321 260000
1695731847873 28.154545454545467 264000
1695731929307 28.47155172413793 268000
1695732007539 28.765178571428567 272000
1695732085620 28.960360360360358 276000
1695732161599 30.799074074074074 280000
1695732229832 31.174226804123716 284000
1695732296265 31.37368421052632 288000
1695732365375 31.482653061224493 292000
1695732431714 31.714736842105278 296000
1695732499287 31.832291666666663 300000
1695732565181 32.0468085106383 304000
1695732635451 32.20400000000001 308000
1695732703066 32.48762886597939 312000
1695732772385 32.64795918367346 316000
1695732841574 32.772727272727266 320000
1695732910233 32.91428571428571 324000
1695732988699 33.10990990990992 328000
1695733057766 33.306060606060605 332000
1695733127213 33.56868686868687 336000
1695733197197 33.69696969696969 340000
1695733266917 33.86600000000001 344000
1695733337741 34.09199999999999 348000
1695733406260 34.292857142857144 352000
1695733475098 34.4030612244898 356000
1695733547165 34.80291262135922 360000
1695733617730 34.90200000000001 364000
1695733686223 34.869387755102046 368000
1695733756202 35.032999999999994 372000
1695733824436 35.21958762886598 376000
1695733894943 35.358999999999995 380000
1695733964271 35.58585858585859 384000
1695734035281 35.73564356435644 388000
1695734104251 35.92857142857143 392000
1695734175680 36.13725490196078 396000
1695734244724 36.44343434343434 400000
1695734315750 36.45148514851485 404000
1695734384664 36.63265306122449 408000
1695734453440 36.806122448979586 412000
1695734520731 36.958333333333336 416000
1695734588437 37.159375000000004 420000
1695734658388 37.31199999999999 424000
1695734728054 37.52121212121213 428000
1695734796939 37.69387755102042 432000
1695734870305 38.81619047619048 436000
1695734945820 39.47196261682244 440000
1695735017136 38.68333333333334 444000
1695735086420 38.39795918367347 448000
1695735161745 39.348148148148134 452000
1695735231986 39.013 456000
1695735305935 39.879999999999995 460000
1695735382188 40.67706422018349 464000
1695735453185 40.403960396039615 468000
1695735524408 38.25643564356436 472000
1695735599192 30.847663551401872 476000
1695735678697 35.95575221238939 480000
1695735759820 37.93103448275863 484000
1695735842384 38.166666666666686 488000
1695735925818 38.43109243697481 492000
1695736013485 39.717599999999976 496000
1695736097336 40.45210084033614 500000
1695736173657 40.6045871559633 504000
1695736248926 40.91401869158877 508000
1695736320632 40.47058823529412 512000
1695736388196 31.92577319587629 516000
1695736454334 31.975531914893615 520000
1695736520664 32.123404255319166 524000
1695736587092 32.36 528000
1695736651729 32.54673913043477 532000
1695736716162 32.70760869565218 536000
1695736779508 32.892222222222216 540000
1695736842225 33.00555555555556 544000
1695736905426 33.15888888888889 548000
1695736968487 33.34044943820225 552000
1695737032188 33.50000000000001 556000
1695737094099 33.643181818181816 560000
1695737158007 33.82934782608696 564000
1695737219675 33.99540229885057 568000
1695737281991 34.151685393258425 572000
1695737344672 34.359550561797754 576000
1695737412007 34.51666666666667 580000
1695737478285 34.66170212765958 584000
1695737541954 34.823076923076925 588000
1695737604394 34.98426966292135 592000
1695737666478 35.10795454545455 596000
1695737728681 35.31910112359551 600000
1695737791610 35.50000000000001 604000
1695737853567 35.62613636363637 608000
1695737916254 35.80224719101123 612000
1695737978627 35.944943820224715 616000
1695738041268 36.146067415730336 620000
1695738103525 36.29999999999999 624000
1695738167356 36.46153846153847 628000
1695738230029 36.65842696629214 632000
1695738292585 36.816853932584266 636000
1695738355075 36.97640449438203 640000
1695738417934 37.12222222222222 644000
1695738479891 37.2965909090909 648000
1695738542476 37.453932584269666 652000
1695738605914 37.62967032967032 656000
1695738668187 37.79775280898876 660000
1695738731739 37.948888888888895 664000
1695738794207 38.09325842696629 668000
1695738858549 38.23913043478261 672000
1695738921292 38.426966292134836 676000
1695738984500 38.584444444444436 680000
1695739046750 38.743820224719094 684000
1695739110123 38.90111111111111 688000
1695739171999 39.08539325842696 692000
1695739235525 39.233333333333334 696000
1695739297773 39.391011235955055 700000
1695739360587 39.53595505617978 704000
1695739423272 39.69887640449439 708000
1695739488063 39.84516129032258 712000
1695739550714 39.97640449438203 716000
1695739613343 40.13820224719101 720000
1695739676043 40.3 724000
1695739737834 40.438202247191015 728000
1695739800519 40.59101123595505 732000
1695739862757 40.79775280898876 736000
1695739925898 40.98333333333334 740000
1695739987742 41.11931818181818 744000
1695740051642 41.309890109890105 748000
1695740114456 41.47528089887641 752000
1695740177675 41.621111111111105 756000
1695740240145 41.688764044943824 760000
1695740302011 41.904545454545456 764000
1695740363598 42.08636363636363 768000
1695740426084 42.28651685393258 772000
1695740488920 42.4388888888889 776000
1695740550755 42.564772727272725 780000
1695740613457 42.7247191011236 784000
1695740676081 42.86741573033708 788000
1695740739837 43.03296703296703 792000
1695740801742 43.19545454545455 796000
1695740865005 43.33222222222222 800000
1695740927218 43.52134831460675 804000
1695740989457 43.8876404494382 808000
1695741052794 44.03666666666666 812000
1695741116440 44.21888888888889 816000
1695741179174 44.327777777777776 820000
1695741242084 44.48651685393259 824000
1695741305188 44.69666666666667 828000
1695741368511 44.861538461538466 832000
1695741432751 45.03406593406593 836000
1695741500786 45.181443298969064 840000
1695741566825 45.371276595744675 844000
1695741631774 45.548387096774185 848000
1695741707422 45.731775700934584 852000
1695741770241 45.803333333333335 856000
1695741834316 45.9868131868132 860000
1695741896306 46.1625 864000
1695741958465 46.348314606741575 868000
1695742020713 46.479775280898885 872000
1695742083860 46.675555555555555 876000
1695742146527 46.810112359550565 880000
1695742211645 46.9924731182796 884000
1695742275884 47.11428571428572 888000
1695742341628 47.274468085106356 892000
1695742413648 47.491176470588265 896000
1695742481959 47.638775510204084 900000
1695742548273 47.79787234042551 904000
1695742610739 47.97191011235956 908000
1695742672850 48.103370786516855 912000
1695742735140 48.25909090909091 916000
1695742798445 48.44945054945057 920000
1695742861542 48.65555555555556 924000
1695742924132 48.803370786516844 928000
1695742986364 48.92613636363637 932000
1695743049673 49.0956043956044 936000
1695743111954 49.31136363636363 940000
1695743175924 49.44285714285716 944000
1695743237886 49.603370786516855 948000
1695743299796 49.70113636363636 952000
1695743361990 49.88314606741572 956000
1695743425288 50.081111111111106 960000
1695743487764 50.275280898876396 964000
1695743552148 50.40326086956522 968000
1695743614301 50.55681818181818 972000
1695743677488 50.75555555555554 976000
1695743740536 50.86 980000
1695743804812 51.04065934065934 984000
1695743866991 51.24157303370785 988000
1695743930108 51.36444444444444 992000
1695743991740 51.520454545454555 996000
1695744055077 51.712222222222216 1000000
