1695731492048 0.0 244000
1695731555422 0.0 248000
1695731627049 0.0 252000
1695731694062 0.0 256000
1695731770511 0.0 260000
1695731847955 0.0 264000
1695731929390 0.0 268000
1695732007625 0.0 272000
1695732085720 0.0 276000
1695732161667 0.0 280000
1695732229901 0.0 284000
1695732296335 0.0 288000
1695732365449 0.0 292000
1695732431782 0.0 296000
1695732499358 0.0 300000
1695732565256 0.0 304000
1695732635530 0.0 308000
1695732703143 0.0 312000
1695732772460 0.0 316000
1695732841645 0.0 320000
1695732910303 0.0 324000
1695732988778 0.0 328000
1695733057839 0.0 332000
1695733127281 0.0 336000
1695733197277 0.0 340000
1695733266993 0.0 344000
1695733337828 0.0 348000
1695733406331 0.0 352000
1695733475172 0.0 356000
1695733547243 0.0 360000
1695733617803 0.0 364000
1695733686300 0.0 368000
1695733756274 0.0 372000
1695733824505 0.0 376000
1695733895017 0.0 380000
1695733964340 0.0 384000
1695734035359 0.0 388000
1695734104323 0.0 392000
1695734175752 0.0 396000
1695734244800 0.0 400000
1695734315825 0.0 404000
1695734384739 0.0 408000
1695734453511 0.0 412000
1695734520801 0.0 416000
1695734588508 0.0 420000
1695734658461 0.0 424000
1695734728125 0.0 428000
1695734797009 0.0 432000
1695734870390 0.0 436000
1695734945893 0.0 440000
1695735017215 0.0 444000
1695735086493 0.0 448000
1695735161817 0.0 452000
1695735232058 0.0 456000
1695735306013 0.0 460000
1695735382281 0.0 464000
1695735453261 0.0 468000
1695735524477 0.0 472000
1695735599274 0.0 476000
1695735678780 0.0 480000
1695735759903 0.0 484000
1695735842467 0.0 488000
1695735925908 0.0 492000
1695736013576 0.0 496000
1695736097418 0.0 500000
1695736173734 0.0 504000
1695736249021 0.0 508000
1695736320717 0.0 512000
1695736388263 0.0 516000
1695736454401 0.0 520000
1695736520729 0.0 524000
1695736587160 0.0 528000
1695736651795 0.0 532000
1695736716225 0.0 536000
1695736779575 0.0 540000
1695736842293 0.0 544000
1695736905496 0.0 548000
1695736968554 0.0 552000
1695737032256 0.0 556000
1695737094165 0.0 560000
1695737158073 0.0 564000
1695737219746 0.0 568000
1695737282071 0.0 572000
1695737344740 0.0 576000
1695737412079 0.0 580000
1695737478352 0.0 584000
1695737542021 0.0 588000
1695737604461 0.0 592000
1695737666545 0.0 596000
1695737728754 0.0 600000
1695737791677 0.0 604000
1695737853632 0.0 608000
1695737916320 0.0 612000
1695737978699 0.0 616000
1695738041337 0.0 620000
1695738103598 0.0 624000
1695738167422 0.0 628000
1695738230097 0.0 632000
1695738292651 0.0 636000
1695738355144 0.0 640000
1695738418000 0.0 644000
1695738479956 0.0 648000
1695738542545 0.0 652000
1695738605978 0.0 656000
1695738668254 0.0 660000
1695738731804 0.0 664000
1695738794275 0.0 668000
1695738858620 0.0 672000
1695738921357 0.0 676000
1695738984581 0.0 680000
1695739046815 0.0 684000
1695739110189 0.0 688000
1695739172065 0.0 692000
1695739235593 0.0 696000
1695739297840 0.0 700000
1695739360655 0.0 704000
1695739423345 0.0 708000
1695739488128 0.0 712000
1695739550781 0.0 716000
1695739613417 0.0 720000
1695739676113 0.0 724000
1695739737900 0.0 728000
1695739800589 0.0 732000
1695739862824 0.0 736000
1695739925966 0.0 740000
1695739987812 0.0 744000
1695740051708 0.0 748000
1695740114527 0.0 752000
1695740177741 0.0 756000
1695740240214 0.0 760000
1695740302084 0.0 764000
1695740363671 0.0 768000
1695740426148 0.0 772000
1695740488984 0.0 776000
1695740550820 0.0 780000
1695740613522 0.0 784000
1695740676145 0.0 788000
1695740739902 0.0 792000
1695740801813 0.0 796000
1695740865071 0.0 800000
1695740927294 0.0 804000
1695740989524 0.0 808000
1695741052861 0.0 812000
1695741116505 0.0 816000
1695741179239 0.0 820000
1695741242155 0.0 824000
1695741305255 0.0 828000
1695741368578 0.0 832000
1695741432823 0.0 836000
1695741500859 0.0 840000
1695741566895 0.0 844000
1695741631847 0.0 848000
1695741707493 0.0 852000
1695741770307 0.0 856000
1695741834388 0.0 860000
1695741896391 0.0 864000
1695741958529 0.0 868000
1695742020778 0.0 872000
1695742083932 0.0 876000
1695742146595 0.0 880000
1695742211715 0.0 884000
1695742275955 0.0 888000
1695742341697 0.0 892000
1695742413737 0.0 896000
1695742482037 0.0 900000
1695742548341 0.0 904000
1695742610805 0.0 908000
1695742672916 0.0 912000
1695742735206 0.0 916000
1695742798513 0.0 920000
1695742861608 0.0 924000
1695742924202 0.0 928000
1695742986435 0.0 932000
1695743049737 0.0 936000
1695743112023 0.0 940000
1695743175993 0.0 944000
1695743237952 0.0 948000
1695743299861 0.0 952000
1695743362062 0.0 956000
1695743425354 0.0 960000
1695743487830 0.0 964000
1695743552215 0.0 968000
1695743614368 0.0 972000
1695743677553 0.0 976000
1695743740603 0.0 980000
1695743804879 0.0 984000
1695743867061 0.0 988000
1695743930172 0.0 992000
1695743991806 0.0 996000
1695744055141 0.0 1000000
