1695731492050 5.0000000000000016e-05 244000
1695731555425 5.0000000000000016e-05 248000
1695731627051 5.0000000000000016e-05 252000
1695731694065 5.0000000000000016e-05 256000
1695731770514 5.0000000000000016e-05 260000
1695731847958 5.0000000000000016e-05 264000
1695731929393 5.0000000000000016e-05 268000
1695732007628 5.0000000000000016e-05 272000
1695732085723 5.0000000000000016e-05 276000
1695732161669 5.0000000000000016e-05 280000
1695732229904 5.0000000000000016e-05 284000
1695732296337 5.0000000000000016e-05 288000
1695732365451 5.0000000000000016e-05 292000
1695732431784 5.0000000000000016e-05 296000
1695732499360 5.0000000000000016e-05 300000
1695732565259 5.0000000000000016e-05 304000
1695732635533 5.0000000000000016e-05 308000
1695732703146 5.0000000000000016e-05 312000
1695732772462 5.0000000000000016e-05 316000
1695732841648 5.0000000000000016e-05 320000
1695732910305 5.0000000000000016e-05 324000
1695732988781 5.0000000000000016e-05 328000
1695733057842 5.0000000000000016e-05 332000
1695733127285 5.0000000000000016e-05 336000
1695733197280 5.0000000000000016e-05 340000
1695733266995 5.0000000000000016e-05 344000
1695733337830 5.0000000000000016e-05 348000
1695733406333 5.0000000000000016e-05 352000
1695733475175 5.0000000000000016e-05 356000
1695733547245 5.0000000000000016e-05 360000
1695733617806 5.0000000000000016e-05 364000
1695733686303 5.0000000000000016e-05 368000
1695733756277 5.0000000000000016e-05 372000
1695733824508 5.0000000000000016e-05 376000
1695733895020 5.0000000000000016e-05 380000
1695733964342 5.0000000000000016e-05 384000
1695734035361 5.0000000000000016e-05 388000
1695734104325 5.0000000000000016e-05 392000
1695734175754 5.0000000000000016e-05 396000
1695734244802 5.0000000000000016e-05 400000
1695734315827 5.0000000000000016e-05 404000
1695734384742 5.0000000000000016e-05 408000
1695734453513 5.0000000000000016e-05 412000
1695734520803 5.0000000000000016e-05 416000
1695734588510 5.0000000000000016e-05 420000
1695734658463 5.0000000000000016e-05 424000
1695734728128 5.0000000000000016e-05 428000
1695734797011 5.0000000000000016e-05 432000
1695734870393 5.0000000000000016e-05 436000
1695734945896 5.0000000000000016e-05 440000
1695735017218 5.0000000000000016e-05 444000
1695735086496 5.0000000000000016e-05 448000
1695735161820 5.0000000000000016e-05 452000
1695735232060 5.0000000000000016e-05 456000
1695735306015 5.0000000000000016e-05 460000
1695735382283 5.0000000000000016e-05 464000
1695735453263 5.0000000000000016e-05 468000
1695735524479 5.0000000000000016e-05 472000
1695735599277 5.0000000000000016e-05 476000
1695735678783 5.0000000000000016e-05 480000
1695735759905 5.0000000000000016e-05 484000
1695735842470 5.0000000000000016e-05 488000
1695735925911 5.0000000000000016e-05 492000
1695736013579 5.0000000000000016e-05 496000
1695736097421 5.0000000000000016e-05 500000
1695736173737 5.0000000000000016e-05 504000
1695736249024 5.0000000000000016e-05 508000
1695736320720 5.0000000000000016e-05 512000
1695736388266 5.0000000000000016e-05 516000
1695736454403 5.0000000000000016e-05 520000
1695736520731 5.0000000000000016e-05 524000
1695736587163 5.0000000000000016e-05 528000
1695736651797 5.0000000000000016e-05 532000
1695736716228 5.0000000000000016e-05 536000
1695736779577 5.0000000000000016e-05 540000
1695736842295 5.0000000000000016e-05 544000
1695736905499 5.0000000000000016e-05 548000
1695736968556 5.0000000000000016e-05 552000
1695737032259 5.0000000000000016e-05 556000
1695737094167 5.0000000000000016e-05 560000
1695737158076 5.0000000000000016e-05 564000
1695737219748 5.0000000000000016e-05 568000
1695737282074 5.0000000000000016e-05 572000
1695737344742 5.0000000000000016e-05 576000
1695737412082 5.0000000000000016e-05 580000
1695737478355 5.0000000000000016e-05 584000
1695737542024 5.0000000000000016e-05 588000
1695737604463 5.0000000000000016e-05 592000
1695737666547 5.0000000000000016e-05 596000
1695737728756 5.0000000000000016e-05 600000
1695737791679 5.0000000000000016e-05 604000
1695737853634 5.0000000000000016e-05 608000
1695737916322 5.0000000000000016e-05 612000
1695737978702 5.0000000000000016e-05 616000
1695738041339 5.0000000000000016e-05 620000
1695738103601 5.0000000000000016e-05 624000
1695738167424 5.0000000000000016e-05 628000
1695738230100 5.0000000000000016e-05 632000
1695738292653 5.0000000000000016e-05 636000
1695738355146 5.0000000000000016e-05 640000
1695738418002 5.0000000000000016e-05 644000
1695738479958 5.0000000000000016e-05 648000
1695738542548 5.0000000000000016e-05 652000
1695738605980 5.0000000000000016e-05 656000
1695738668256 5.0000000000000016e-05 660000
1695738731806 5.0000000000000016e-05 664000
1695738794278 5.0000000000000016e-05 668000
1695738858622 5.0000000000000016e-05 672000
1695738921359 5.0000000000000016e-05 676000
1695738984584 5.0000000000000016e-05 680000
1695739046817 5.0000000000000016e-05 684000
1695739110191 5.0000000000000016e-05 688000
1695739172067 5.0000000000000016e-05 692000
1695739235595 5.0000000000000016e-05 696000
1695739297842 5.0000000000000016e-05 700000
1695739360658 5.0000000000000016e-05 704000
1695739423348 5.0000000000000016e-05 708000
1695739488130 5.0000000000000016e-05 712000
1695739550783 5.0000000000000016e-05 716000
1695739613419 5.0000000000000016e-05 720000
1695739676115 5.0000000000000016e-05 724000
1695739737903 5.0000000000000016e-05 728000
1695739800591 5.0000000000000016e-05 732000
1695739862826 5.0000000000000016e-05 736000
1695739925968 5.0000000000000016e-05 740000
1695739987814 5.0000000000000016e-05 744000
1695740051710 5.0000000000000016e-05 748000
1695740114529 5.0000000000000016e-05 752000
1695740177743 5.0000000000000016e-05 756000
1695740240216 5.0000000000000016e-05 760000
1695740302086 5.0000000000000016e-05 764000
1695740363673 5.0000000000000016e-05 768000
1695740426150 5.0000000000000016e-05 772000
1695740488987 5.0000000000000016e-05 776000
1695740550823 5.0000000000000016e-05 780000
1695740613524 5.0000000000000016e-05 784000
1695740676147 5.0000000000000016e-05 788000
1695740739905 5.0000000000000016e-05 792000
1695740801815 5.0000000000000016e-05 796000
1695740865073 5.0000000000000016e-05 800000
1695740927296 5.0000000000000016e-05 804000
1695740989526 5.0000000000000016e-05 808000
1695741052863 5.0000000000000016e-05 812000
1695741116507 5.0000000000000016e-05 816000
1695741179241 5.0000000000000016e-05 820000
1695741242158 5.0000000000000016e-05 824000
1695741305257 5.0000000000000016e-05 828000
1695741368580 5.0000000000000016e-05 832000
1695741432825 5.0000000000000016e-05 836000
1695741500861 5.0000000000000016e-05 840000
1695741566897 5.0000000000000016e-05 844000
1695741631850 5.0000000000000016e-05 848000
1695741707495 5.0000000000000016e-05 852000
1695741770309 5.0000000000000016e-05 856000
1695741834390 5.0000000000000016e-05 860000
1695741896394 5.0000000000000016e-05 864000
1695741958532 5.0000000000000016e-05 868000
1695742020780 5.0000000000000016e-05 872000
1695742083934 5.0000000000000016e-05 876000
1695742146597 5.0000000000000016e-05 880000
1695742211717 5.0000000000000016e-05 884000
1695742275957 5.0000000000000016e-05 888000
1695742341700 5.0000000000000016e-05 892000
1695742413740 5.0000000000000016e-05 896000
1695742482039 5.0000000000000016e-05 900000
1695742548343 5.0000000000000016e-05 904000
1695742610807 5.0000000000000016e-05 908000
1695742672918 5.0000000000000016e-05 912000
1695742735208 5.0000000000000016e-05 916000
1695742798516 5.0000000000000016e-05 920000
1695742861610 5.0000000000000016e-05 924000
1695742924204 5.0000000000000016e-05 928000
1695742986437 5.0000000000000016e-05 932000
1695743049739 5.0000000000000016e-05 936000
1695743112025 5.0000000000000016e-05 940000
1695743175995 5.0000000000000016e-05 944000
1695743237954 5.0000000000000016e-05 948000
1695743299863 5.0000000000000016e-05 952000
1695743362065 5.0000000000000016e-05 956000
1695743425357 5.0000000000000016e-05 960000
1695743487832 5.0000000000000016e-05 964000
1695743552217 5.0000000000000016e-05 968000
1695743614370 5.0000000000000016e-05 972000
1695743677555 5.0000000000000016e-05 976000
1695743740605 5.0000000000000016e-05 980000
1695743804881 5.0000000000000016e-05 984000
1695743867064 5.0000000000000016e-05 988000
1695743930174 5.0000000000000016e-05 992000
1695743991809 5.0000000000000016e-05 996000
1695744055144 5.0000000000000016e-05 1000000
