1695731492049 0.018749999999999996 244000
1695731555424 0.009374999999999998 248000
1695731627050 0.014062500000000004 252000
1695731694064 0.014062500000000004 256000
1695731770513 0.014062500000000004 260000
1695731847957 0.014062500000000004 264000
1695731929392 0.014062500000000004 268000
1695732007627 0.014062500000000004 272000
1695732085722 0.021093750000000005 276000
1695732161668 0.021093750000000005 280000
1695732229903 0.021093750000000005 284000
1695732296337 0.021093750000000005 288000
1695732365450 0.021093750000000005 292000
1695732431784 0.021093750000000005 296000
1695732499359 0.021093750000000005 300000
1695732565258 0.021093750000000005 304000
1695732635532 0.021093750000000005 308000
1695732703145 0.021093750000000005 312000
1695732772461 0.021093750000000005 316000
1695732841647 0.021093750000000005 320000
1695732910304 0.021093750000000005 324000
1695732988780 0.021093750000000005 328000
1695733057841 0.021093750000000005 332000
1695733127284 0.021093750000000005 336000
1695733197279 0.021093750000000005 340000
1695733266995 0.021093750000000005 344000
1695733337829 0.021093750000000005 348000
1695733406332 0.021093750000000005 352000
1695733475174 0.03164062499999999 356000
1695733547245 0.03164062499999999 360000
1695733617805 0.03164062499999999 364000
1695733686302 0.03164062499999999 368000
1695733756276 0.03164062499999999 372000
1695733824507 0.03164062499999999 376000
1695733895019 0.03164062499999999 380000
1695733964342 0.03164062499999999 384000
1695734035360 0.03164062499999999 388000
1695734104324 0.03164062499999999 392000
1695734175753 0.03164062499999999 396000
1695734244802 0.03164062499999999 400000
1695734315827 0.03164062499999999 404000
1695734384741 0.03164062499999999 408000
1695734453512 0.03164062499999999 412000
1695734520803 0.03164062499999999 416000
1695734588510 0.03164062499999999 420000
1695734658462 0.03164062499999999 424000
1695734728127 0.03164062499999999 428000
1695734797010 0.03164062499999999 432000
1695734870392 0.03164062499999999 436000
1695734945895 0.03164062499999999 440000
1695735017217 0.03164062499999999 444000
1695735086495 0.03164062499999999 448000
1695735161819 0.03164062499999999 452000
1695735232060 0.03164062499999999 456000
1695735306014 0.03164062499999999 460000
1695735382282 0.03164062499999999 464000
1695735453263 0.03164062499999999 468000
1695735524478 0.03164062499999999 472000
1695735599276 0.03164062499999999 476000
1695735678782 0.03164062499999999 480000
1695735759905 0.03164062499999999 484000
1695735842469 0.03164062499999999 488000
1695735925910 0.03164062499999999 492000
1695736013578 0.03164062499999999 496000
1695736097420 0.03164062499999999 500000
1695736173736 0.03164062499999999 504000
1695736249023 0.03164062499999999 508000
1695736320719 0.015820312499999996 512000
1695736388265 0.015820312499999996 516000
1695736454402 0.015820312499999996 520000
1695736520730 0.023730468750000008 524000
1695736587162 0.035595703124999996 528000
1695736651796 0.035595703124999996 532000
1695736716227 0.035595703124999996 536000
1695736779577 0.05339355468749998 540000
1695736842294 0.05339355468749998 544000
1695736905498 0.05339355468749998 548000
1695736968556 0.02669677734374999 552000
1695737032258 0.04004516601562501 556000
1695737094167 0.04004516601562501 560000
1695737158075 0.04004516601562501 564000
1695737219747 0.04004516601562501 568000
1695737282073 0.04004516601562501 572000
1695737344741 0.04004516601562501 576000
1695737412081 0.04004516601562501 580000
1695737478354 0.04004516601562501 584000
1695737542023 0.04004516601562501 588000
1695737604462 0.020022583007812504 592000
1695737666546 0.020022583007812504 596000
1695737728755 0.030033874511718742 600000
1695737791678 0.045050811767578115 604000
1695737853634 0.045050811767578115 608000
1695737916321 0.045050811767578115 612000
1695737978701 0.022525405883789058 616000
1695738041338 0.022525405883789058 620000
1695738103600 0.022525405883789058 624000
1695738167424 0.011262702941894529 628000
1695738230099 0.011262702941894529 632000
1695738292653 0.005631351470947264 636000
1695738355145 0.005631351470947264 640000
1695738418001 0.005631351470947264 644000
1695738479957 0.005631351470947264 648000
1695738542547 0.005631351470947264 652000
1695738605980 0.005631351470947264 656000
1695738668255 0.002815675735473632 660000
1695738731805 0.002815675735473632 664000
1695738794277 0.002815675735473632 668000
1695738858621 0.002815675735473632 672000
1695738921359 0.002815675735473632 676000
1695738984583 0.002815675735473632 680000
1695739046816 0.002815675735473632 684000
1695739110190 0.001407837867736816 688000
1695739172066 0.000703918933868408 692000
1695739235594 0.0010558784008026126 696000
1695739297842 0.0010558784008026126 700000
1695739360657 0.0010558784008026126 704000
1695739423347 0.0010558784008026126 708000
1695739488129 0.0010558784008026126 712000
1695739550782 0.0010558784008026126 716000
1695739613419 0.0010558784008026126 720000
1695739676114 0.0010558784008026126 724000
1695739737902 0.0010558784008026126 728000
1695739800591 0.0010558784008026126 732000
1695739862825 0.0010558784008026126 736000
1695739925968 0.0010558784008026126 740000
1695739987814 0.0010558784008026126 744000
1695740051709 0.0010558784008026126 748000
1695740114528 0.001583817601203918 752000
1695740177742 0.0023757264018058775 756000
1695740240215 0.0023757264018058775 760000
1695740302085 0.0023757264018058775 764000
1695740363672 0.0023757264018058775 768000
1695740426150 0.0035635896027088176 772000
1695740488986 0.0035635896027088176 776000
1695740550822 0.0035635896027088176 780000
1695740613523 0.0035635896027088176 784000
1695740676147 0.0035635896027088176 788000
1695740739904 0.0035635896027088176 792000
1695740801814 0.005345384404063224 796000
1695740865073 0.005345384404063224 800000
1695740927296 0.005345384404063224 804000
1695740989525 0.005345384404063224 808000
1695741052863 0.005345384404063224 812000
1695741116507 0.005345384404063224 816000
1695741179240 0.005345384404063224 820000
1695741242157 0.005345384404063224 824000
1695741305257 0.005345384404063224 828000
1695741368580 0.005345384404063224 832000
1695741432825 0.005345384404063224 836000
1695741500860 0.005345384404063224 840000
1695741566897 0.005345384404063224 844000
1695741631849 0.005345384404063224 848000
1695741707494 0.005345384404063224 852000
1695741770309 0.005345384404063224 856000
1695741834389 0.005345384404063224 860000
1695741896393 0.005345384404063224 864000
1695741958531 0.005345384404063224 868000
1695742020780 0.005345384404063224 872000
1695742083933 0.005345384404063224 876000
1695742146596 0.005345384404063224 880000
1695742211716 0.005345384404063224 884000
1695742275957 0.005345384404063224 888000
1695742341699 0.008018076606094838 892000
1695742413739 0.008018076606094838 896000
1695742482038 0.008018076606094838 900000
1695742548342 0.008018076606094838 904000
1695742610807 0.008018076606094838 908000
1695742672917 0.008018076606094838 912000
1695742735207 0.008018076606094838 916000
1695742798515 0.008018076606094838 920000
1695742861609 0.012027114909142258 924000
1695742924203 0.012027114909142258 928000
1695742986436 0.012027114909142258 932000
1695743049739 0.012027114909142258 936000
1695743112024 0.012027114909142258 940000
1695743175994 0.012027114909142258 944000
1695743237954 0.012027114909142258 948000
1695743299862 0.012027114909142258 952000
1695743362064 0.012027114909142258 956000
1695743425356 0.012027114909142258 960000
1695743487832 0.012027114909142258 964000
1695743552217 0.012027114909142258 968000
1695743614370 0.012027114909142258 972000
1695743677554 0.012027114909142258 976000
1695743740604 0.012027114909142258 980000
1695743804880 0.012027114909142258 984000
1695743867063 0.012027114909142258 988000
1695743930173 0.012027114909142258 992000
1695743991808 0.012027114909142258 996000
1695744055143 0.012027114909142258 1000000
