1695731492055 0.23957373433125514 244000
1695731555430 0.28626303977022566 248000
1695731627055 0.2930688102574398 252000
1695731694070 0.3872746668600788 256000
1695731770520 0.4695724763907492 260000
1695731847963 0.47391057008256515 264000
1695731929399 0.375363176362589 268000
1695732007633 0.4225654237748434 272000
1695732085729 0.3960269095376134 276000
1695732161674 0.3955872227748235 280000
1695732229909 0.3168414818588644 284000
1695732296342 0.5382605516041319 288000
1695732365456 0.5020561115195353 292000
1695732431790 0.5166769925504923 296000
1695732499365 0.5317002269439399 300000
1695732565264 0.5023231468784313 304000
1695732635538 0.5054007473401725 308000
1695732703151 0.4410941234168907 312000
1695732772467 0.3463246743970861 316000
1695732841652 0.29628302714166543 320000
1695732910309 0.28146297615021465 324000
1695732988786 0.3949004930599282 328000
1695733057847 0.45655986995746695 332000
1695733127290 0.5614089711879691 336000
1695733197285 0.30256536264593403 340000
1695733267000 0.36920681156528495 344000
1695733337836 0.3476733883066724 348000
1695733406338 0.34517649238308273 352000
1695733475180 0.4335356554482132 356000
1695733547251 0.3398650191258639 360000
1695733617811 0.2520860380027443 364000
1695733686308 0.329620353365317 368000
1695733756281 0.331569237044702 372000
1695733824512 0.3895800535722325 376000
1695733895025 0.3752231364293645 380000
1695733964347 0.5391199072512488 384000
1695734035367 0.4501092297025025 388000
1695734104329 0.4195471078157425 392000
1695734175759 0.3991389797690014 396000
1695734244808 0.4598504513502121 400000
1695734315832 0.48569118762388824 404000
1695734384748 0.41012213546782733 408000
1695734453517 0.3703129621067395 412000
1695734520808 0.36882594373698036 416000
1695734588515 0.3587617174877475 420000
1695734658468 0.41816215636208653 424000
1695734728133 0.37628984687229 428000
1695734797016 0.37537385658361017 432000
1695734870398 0.527518946522226 436000
1695734945901 0.46202022579188146 440000
1695735017223 0.35742541919462384 444000
1695735086500 0.37409513724657395 448000
1695735161825 0.4436652653384954 452000
1695735232065 0.3405816441867501 456000
1695735306020 0.29721319490733245 460000
1695735382289 0.22221297542564572 464000
1695735453268 0.1583585279295221 468000
1695735524484 0.1724593554545815 472000
1695735599282 0.2612942460381115 476000
1695735678789 0.3313975765680273 480000
1695735759911 0.3382259024928013 484000
1695735842475 0.3171324596585085 488000
1695735925917 0.28742210678756236 492000
1695736013584 0.3101605160627514 496000
1695736097427 0.20520226549512396 500000
1695736173742 0.2649855569548284 504000
1695736249030 0.11993696631010001 508000
1695736320726 0.23775299889190743 512000
1695736388270 0.25788331856019797 516000
1695736454408 0.3282814740358541 520000
1695736520735 0.3147480391897261 524000
1695736587167 0.3876691662240773 528000
1695736651803 0.4786731691720585 532000
1695736716232 0.3994389130113026 536000
1695736779582 0.3440794340334833 540000
1695736842299 0.40069303965816894 544000
1695736905503 0.3728147783316672 548000
1695736968561 0.439371758295844 552000
1695737032263 0.3099386075201134 556000
1695737094172 0.41551777251685657 560000
1695737158080 0.29251905288547275 564000
1695737219753 0.26916800094768406 568000
1695737282079 0.26884844965922333 572000
1695737344746 0.23391536015551537 576000
1695737412088 0.23055064682072648 580000
1695737478360 0.14662558490332836 584000
1695737542029 0.09473306996563527 588000
1695737604468 0.12563013843415927 592000
1695737666551 0.1455442036385648 596000
1695737728760 0.3203207250529279 600000
1695737791684 0.2580096643107633 604000
1695737853638 0.17080960483290256 608000
1695737916327 0.1277655971585773 612000
1695737978707 0.15113738419410463 616000
1695738041343 0.1268049374591404 620000
1695738103606 0.06939700489941364 624000
1695738167429 0.11072173582700391 628000
1695738230104 0.06050765733816661 632000
1695738292658 0.18811410963535308 636000
1695738355150 0.10958131345299384 640000
1695738418006 0.10926575509753698 644000
1695738479962 0.14363905780483038 648000
1695738542552 0.08438765907388492 652000
1695738605985 0.04069999109342461 656000
1695738668260 0.05611904664256144 660000
1695738731810 0.13459033718099817 664000
1695738794282 0.2924905090437581 668000
1695738858626 0.19181278395311285 672000
1695738921364 0.1883822050333644 676000
1695738984589 0.1138669304860135 680000
1695739046822 0.09236828848952428 684000
1695739110195 0.0696302187629044 688000
1695739172072 0.10475474430325751 692000
1695739235599 0.29841602545542023 696000
1695739297847 0.1434830396901816 700000
1695739360663 0.17737130273987228 704000
1695739423353 0.09413967169821262 708000
1695739488135 0.11272365116747096 712000
1695739550788 0.259810278362905 716000
1695739613424 0.27339340224862096 720000
1695739676120 0.24739053912150363 724000
1695739737907 0.2409966723372539 728000
1695739800596 0.23193806713291754 732000
1695739862830 0.26011185394600034 736000
1695739925973 0.2975841359856228 740000
1695739987818 0.41943212629606325 744000
1695740051714 0.4389509964734316 748000
1695740114534 0.4487784816573063 752000
1695740177748 0.3138832492132982 756000
1695740240220 0.3743238409049809 760000
1695740302091 0.4114439678999285 764000
1695740363678 0.47016846416518093 768000
1695740426155 0.44634025913352765 772000
1695740488991 0.4680322028075655 776000
1695740550827 0.40240597397399447 780000
1695740613528 0.5498836170261104 784000
1695740676152 0.47345659006387 788000
1695740739909 0.4644011148562034 792000
1695740801820 0.42448137073467174 796000
1695740865078 0.39729412624922894 800000
1695740927301 0.43469020997484525 804000
1695740989530 0.44785095541737974 808000
1695741052868 0.3780533021160712 812000
1695741116512 0.2984640444318453 816000
1695741179245 0.2619704801123589 820000
1695741242162 0.3345663910421232 824000
1695741305262 0.23083876349652807 828000
1695741368585 0.23683001527097075 832000
1695741432830 0.2941413431428373 836000
1695741500866 0.34331655567511915 840000
1695741566902 0.35976043255068363 844000
1695741631855 0.2290532876892636 848000
1695741707500 0.14159486666321755 852000
1695741770314 0.1611456330710401 856000
1695741834395 0.21084731422985595 860000
1695741896399 0.24025647797000904 864000
1695741958536 0.2577757657816013 868000
1695742020785 0.15751045442108685 872000
1695742083940 0.1862670490751043 876000
1695742146601 0.31676564992715917 880000
1695742211722 0.34557212235716483 884000
1695742275962 0.35258042140242957 888000
1695742341704 0.34841805283601085 892000
1695742413746 0.3647704644439121 896000
1695742482044 0.36661647632718086 900000
1695742548347 0.2795341162166248 904000
1695742610812 0.27776284380815924 908000
1695742672922 0.29986750511452553 912000
1695742735212 0.27218349538743497 916000
1695742798521 0.26270658305535716 920000
1695742861615 0.17911705365404487 924000
1695742924209 0.22997264545410873 928000
1695742986442 0.2429737826343626 932000
1695743049744 0.35867990197924277 936000
1695743112029 0.33214175927763184 940000
1695743175999 0.3699996638266991 944000
1695743237959 0.33648286170015734 948000
1695743299868 0.3458268007884423 952000
1695743362070 0.34884958386731646 956000
1695743425361 0.2744166855622704 960000
1695743487837 0.24706389127920073 964000
1695743552222 0.27439967296086254 968000
1695743614375 0.263338583909596 972000
1695743677559 0.2284966974053532 976000
1695743740609 0.18666981811790417 980000
1695743804886 0.14711451396966974 984000
1695743867069 0.1226766686673121 988000
1695743930179 0.2452969730521242 992000
1695743991813 0.28958910427366696 996000
1695744055148 0.2173502178862691 1000000
