1695731492056 0.0010000000000000005 244000
1695731555431 0.0010000000000000005 248000
1695731627056 0.0010000000000000005 252000
1695731694071 0.0010000000000000005 256000
1695731770520 0.0010000000000000005 260000
1695731847964 0.0010000000000000005 264000
1695731929400 0.0010000000000000005 268000
1695732007634 0.0010000000000000005 272000
1695732085730 0.0010000000000000005 276000
1695732161674 0.0010000000000000005 280000
1695732229909 0.0010000000000000005 284000
1695732296343 0.0010000000000000005 288000
1695732365457 0.0010000000000000005 292000
1695732431790 0.0010000000000000005 296000
1695732499366 0.0010000000000000005 300000
1695732565264 0.0010000000000000005 304000
1695732635539 0.0010000000000000005 308000
1695732703152 0.0010000000000000005 312000
1695732772468 0.0010000000000000005 316000
1695732841653 0.0010000000000000005 320000
1695732910310 0.0010000000000000005 324000
1695732988787 0.0010000000000000005 328000
1695733057847 0.0010000000000000005 332000
1695733127291 0.0010000000000000005 336000
1695733197286 0.0010000000000000005 340000
1695733267002 0.0010000000000000005 344000
1695733337837 0.0010000000000000005 348000
1695733406339 0.0010000000000000005 352000
1695733475181 0.0010000000000000005 356000
1695733547251 0.0010000000000000005 360000
1695733617811 0.0010000000000000005 364000
1695733686309 0.0010000000000000005 368000
1695733756282 0.0010000000000000005 372000
1695733824513 0.0010000000000000005 376000
1695733895026 0.0010000000000000005 380000
1695733964348 0.0010000000000000005 384000
1695734035367 0.0010000000000000005 388000
1695734104330 0.0010000000000000005 392000
1695734175760 0.0010000000000000005 396000
1695734244808 0.0010000000000000005 400000
1695734315833 0.0010000000000000005 404000
1695734384749 0.0010000000000000005 408000
1695734453518 0.0010000000000000005 412000
1695734520809 0.0010000000000000005 416000
1695734588516 0.0010000000000000005 420000
1695734658469 0.0010000000000000005 424000
1695734728134 0.0010000000000000005 428000
1695734797016 0.0010000000000000005 432000
1695734870399 0.0010000000000000005 436000
1695734945902 0.0010000000000000005 440000
1695735017224 0.0010000000000000005 444000
1695735086501 0.0010000000000000005 448000
1695735161826 0.0010000000000000005 452000
1695735232066 0.0010000000000000005 456000
1695735306021 0.0010000000000000005 460000
1695735382290 0.0010000000000000005 464000
1695735453269 0.0010000000000000005 468000
1695735524485 0.0010000000000000005 472000
1695735599283 0.0010000000000000005 476000
1695735678790 0.0010000000000000005 480000
1695735759912 0.0010000000000000005 484000
1695735842476 0.0010000000000000005 488000
1695735925918 0.0010000000000000005 492000
1695736013585 0.0010000000000000005 496000
1695736097427 0.0010000000000000005 500000
1695736173743 0.0010000000000000005 504000
1695736249031 0.0010000000000000005 508000
1695736320727 0.0010000000000000005 512000
1695736388271 0.0010000000000000005 516000
1695736454408 0.0010000000000000005 520000
1695736520736 0.0010000000000000005 524000
1695736587168 0.0010000000000000005 528000
1695736651804 0.0010000000000000005 532000
1695736716233 0.0010000000000000005 536000
1695736779583 0.0010000000000000005 540000
1695736842300 0.0010000000000000005 544000
1695736905504 0.0010000000000000005 548000
1695736968562 0.0010000000000000005 552000
1695737032264 0.0010000000000000005 556000
1695737094172 0.0010000000000000005 560000
1695737158081 0.0010000000000000005 564000
1695737219754 0.0010000000000000005 568000
1695737282080 0.0010000000000000005 572000
1695737344747 0.0010000000000000005 576000
1695737412088 0.0010000000000000005 580000
1695737478360 0.0010000000000000005 584000
1695737542030 0.0010000000000000005 588000
1695737604468 0.0010000000000000005 592000
1695737666552 0.0010000000000000005 596000
1695737728761 0.0010000000000000005 600000
1695737791684 0.0010000000000000005 604000
1695737853639 0.0010000000000000005 608000
1695737916328 0.0010000000000000005 612000
1695737978708 0.0010000000000000005 616000
1695738041344 0.0010000000000000005 620000
1695738103606 0.0010000000000000005 624000
1695738167429 0.0010000000000000005 628000
1695738230106 0.0010000000000000005 632000
1695738292659 0.0010000000000000005 636000
1695738355151 0.0010000000000000005 640000
1695738418007 0.0010000000000000005 644000
1695738479963 0.0010000000000000005 648000
1695738542553 0.0010000000000000005 652000
1695738605986 0.0010000000000000005 656000
1695738668261 0.0010000000000000005 660000
1695738731811 0.0010000000000000005 664000
1695738794282 0.0010000000000000005 668000
1695738858627 0.0010000000000000005 672000
1695738921365 0.0010000000000000005 676000
1695738984589 0.0010000000000000005 680000
1695739046822 0.0010000000000000005 684000
1695739110196 0.0010000000000000005 688000
1695739172073 0.0010000000000000005 692000
1695739235599 0.0010000000000000005 696000
1695739297847 0.0010000000000000005 700000
1695739360663 0.0010000000000000005 704000
1695739423354 0.0010000000000000005 708000
1695739488135 0.0010000000000000005 712000
1695739550789 0.0010000000000000005 716000
1695739613425 0.0010000000000000005 720000
1695739676121 0.0010000000000000005 724000
1695739737908 0.0010000000000000005 728000
1695739800597 0.0010000000000000005 732000
1695739862831 0.0010000000000000005 736000
1695739925974 0.0010000000000000005 740000
1695739987819 0.0010000000000000005 744000
1695740051715 0.0010000000000000005 748000
1695740114535 0.0010000000000000005 752000
1695740177748 0.0010000000000000005 756000
1695740240221 0.0010000000000000005 760000
1695740302092 0.0010000000000000005 764000
1695740363678 0.0010000000000000005 768000
1695740426156 0.0010000000000000005 772000
1695740488992 0.0010000000000000005 776000
1695740550827 0.0010000000000000005 780000
1695740613529 0.0010000000000000005 784000
1695740676152 0.0010000000000000005 788000
1695740739910 0.0010000000000000005 792000
1695740801821 0.0010000000000000005 796000
1695740865078 0.0010000000000000005 800000
1695740927302 0.0010000000000000005 804000
1695740989531 0.0010000000000000005 808000
1695741052869 0.0010000000000000005 812000
1695741116512 0.0010000000000000005 816000
1695741179246 0.0010000000000000005 820000
1695741242163 0.0010000000000000005 824000
1695741305263 0.0010000000000000005 828000
1695741368586 0.0010000000000000005 832000
1695741432831 0.0010000000000000005 836000
1695741500867 0.0010000000000000005 840000
1695741566902 0.0010000000000000005 844000
1695741631856 0.0010000000000000005 848000
1695741707500 0.0010000000000000005 852000
1695741770314 0.0010000000000000005 856000
1695741834396 0.0010000000000000005 860000
1695741896400 0.0010000000000000005 864000
1695741958537 0.0010000000000000005 868000
1695742020786 0.0010000000000000005 872000
1695742083941 0.0010000000000000005 876000
1695742146602 0.0010000000000000005 880000
1695742211723 0.0010000000000000005 884000
1695742275963 0.0010000000000000005 888000
1695742341705 0.0010000000000000005 892000
1695742413746 0.0010000000000000005 896000
1695742482044 0.0010000000000000005 900000
1695742548348 0.0010000000000000005 904000
1695742610813 0.0010000000000000005 908000
1695742672923 0.0010000000000000005 912000
1695742735213 0.0010000000000000005 916000
1695742798522 0.0010000000000000005 920000
1695742861616 0.0010000000000000005 924000
1695742924210 0.0010000000000000005 928000
1695742986443 0.0010000000000000005 932000
1695743049745 0.0010000000000000005 936000
1695743112030 0.0010000000000000005 940000
1695743176000 0.0010000000000000005 944000
1695743237959 0.0010000000000000005 948000
1695743299868 0.0010000000000000005 952000
1695743362071 0.0010000000000000005 956000
1695743425362 0.0010000000000000005 960000
1695743487838 0.0010000000000000005 964000
1695743552222 0.0010000000000000005 968000
1695743614376 0.0010000000000000005 972000
1695743677560 0.0010000000000000005 976000
1695743740610 0.0010000000000000005 980000
1695743804887 0.0010000000000000005 984000
1695743867069 0.0010000000000000005 988000
1695743930179 0.0010000000000000005 992000
1695743991814 0.0010000000000000005 996000
1695744055149 0.0010000000000000005 1000000
