1695731492049 0.5968215710638712 244000
1695731555423 0.7138386565027759 248000
1695731627049 1.067603239354988 252000
1695731694063 1.0268518712371588 256000
1695731770512 1.344022733500848 260000
1695731847956 1.2689810535870492 264000
1695731929391 1.4011998717983565 268000
1695732007626 1.39120202443252 272000
1695732085721 1.503796708304435 276000
1695732161668 1.4805113582561413 280000
1695732229902 1.2289800088231762 284000
1695732296336 1.3598621348850428 288000
1695732365450 1.4123603427161773 292000
1695732431783 1.290833508161207 296000
1695732499358 1.4666160720090071 300000
1695732565257 1.0183400845776 304000
1695732635531 1.029483521838362 308000
1695732703144 1.2347470584170273 312000
1695732772460 1.1374550879312058 316000
1695732841646 1.0726852869149297 320000
1695732910303 0.8803318528924138 324000
1695732988779 1.3548858982510865 328000
1695733057840 1.2394830242420236 332000
1695733127282 1.078587416249017 336000
1695733197278 1.0581745051313192 340000
1695733266994 1.3208235617727042 344000
1695733337829 1.1251206198707222 348000
1695733406332 0.7898768376093358 352000
1695733475173 0.9717354736290872 356000
1695733547244 0.9700366019892196 360000
1695733617804 1.1187420993422468 364000
1695733686301 1.1587056426641842 368000
1695733756275 0.8630520295662184 372000
1695733824506 1.0355778760276735 376000
1695733895018 0.9384283045617242 380000
1695733964341 1.0536290053588648 384000
1695734035359 0.7482807860554507 388000
1695734104323 0.685489977694427 392000
1695734175753 0.9609578064642846 396000
1695734244801 0.8329484164714813 400000
1695734315826 0.7816783000404636 404000
1695734384740 0.8703274802304805 408000
1695734453511 0.8167442536291977 412000
1695734520802 0.6650145288556815 416000
1695734588509 0.5737587357560794 420000
1695734658462 0.6577781351593633 424000
1695734728126 0.4080190672383954 428000
1695734797009 0.4316258423961699 432000
1695734870391 0.44593831001160045 436000
1695734945894 0.4681668296766778 440000
1695735017216 0.4855391008158525 444000
1695735086494 0.4120271020724128 448000
1695735161818 0.7540693882387132 452000
1695735232059 0.9116648005787283 456000
1695735306013 1.0462491275432209 460000
1695735382282 0.8225270504752795 464000
1695735453262 1.157519711414352 468000
1695735524478 0.9739939303758244 472000
1695735599275 0.8577718212890129 476000
1695735678781 1.0794458700343967 480000
1695735759904 0.9104276436846703 484000
1695735842468 0.7946975962103655 488000
1695735925909 0.9923956954851747 492000
1695736013577 0.9263580903410912 496000
1695736097419 0.6654277400889744 500000
1695736173735 0.7440676976305743 504000
1695736249022 0.3812853953257824 508000
1695736320718 0.39157206199597566 512000
1695736388264 0.32731971744603167 516000
1695736454402 0.6942357372958213 520000
1695736520729 0.9714073191086451 524000
1695736587161 0.7920464294962585 528000
1695736651796 0.6840179730206728 532000
1695736716226 0.5198451819053541 536000
1695736779576 0.9689644198243816 540000
1695736842294 0.6084662212679783 544000
1695736905497 0.48816958799337345 548000
1695736968555 0.5422050379216671 552000
1695737032257 0.7409506103334328 556000
1695737094166 0.49146589484686654 560000
1695737158074 0.5471585293766111 564000
1695737219747 0.6316984606906771 568000
1695737282072 0.8220424317599585 572000
1695737344741 0.6808984836097807 576000
1695737412080 0.5323242384629945 580000
1695737478353 0.5873368072789162 584000
1695737542022 0.5241091827318693 588000
1695737604461 0.5419754081172868 592000
1695737666546 0.5696740909867609 596000
1695737728754 0.8145922954194248 600000
1695737791678 0.8447761972124378 604000
1695737853633 0.9327211851409326 608000
1695737916321 0.4888341693207622 612000
1695737978700 0.6565457002803062 616000
1695738041337 0.3815310799439127 620000
1695738103599 0.49802369472260277 624000
1695738167423 0.6165044912292311 628000
1695738230098 0.35550696530068915 632000
1695738292652 0.491595152237763 636000
1695738355145 0.5864615861326457 640000
1695738418000 0.4498452183480064 644000
1695738479957 0.5903081165160984 648000
1695738542546 0.5133974593908837 652000
1695738605979 0.46153529804044713 656000
1695738668254 0.48263575200301906 660000
1695738731805 0.8455932573260119 664000
1695738794276 0.9008607683703304 668000
1695738858620 0.7043418661380808 672000
1695738921358 0.5177985078189522 676000
1695738984582 0.3962030378791193 680000
1695739046816 0.5105670320879047 684000
1695739110189 0.6138092161544288 688000
1695739172066 0.47097704611563435 692000
1695739235593 0.70524582574144 696000
1695739297841 0.5093348090769723 700000
1695739360656 0.49815973662771285 704000
1695739423346 0.7990880301066985 708000
1695739488129 0.6641579414873073 712000
1695739550782 0.8519884396654864 716000
1695739613418 0.8131529335863888 720000
1695739676113 0.6519593057533105 724000
1695739737901 0.6347933674075951 728000
1695739800590 0.48037737254053353 732000
1695739862825 0.5051650605630129 736000
1695739925967 0.6406847414871056 740000
1695739987813 0.8375537523534149 744000
1695740051708 0.6680489694854865 748000
1695740114527 0.7085621824177603 752000
1695740177741 0.6559819891738395 756000
1695740240214 0.740956285300975 760000
1695740302085 0.5709277443898221 764000
1695740363671 0.6944865028063456 768000
1695740426149 0.6166424552754809 772000
1695740488985 0.580021953318889 776000
1695740550821 0.415945116787528 780000
1695740613523 0.5661193798296154 784000
1695740676146 0.66442701369524 788000
1695740739903 0.6289619140792638 792000
1695740801814 0.5763582259106139 796000
1695740865072 0.49362589839535453 800000
1695740927295 0.5570923462510109 804000
1695740989524 0.5935008708698054 808000
1695741052862 0.904917917229856 812000
1695741116506 0.6587489388572673 816000
1695741179240 0.6875370957267781 820000
1695741242156 0.5962143141465882 824000
1695741305256 0.6340896795503795 828000
1695741368579 0.7400478898081928 832000
1695741432824 0.6175112640485168 836000
1695741500860 0.7430910748429597 840000
1695741566896 0.8350042695800464 844000
1695741631848 0.7588453623931855 848000
1695741707494 0.6667407366447151 852000
1695741770308 0.5885300136171281 856000
1695741834388 0.7166065910365432 860000
1695741896392 0.819815546926111 864000
1695741958530 0.7990776519135883 868000
1695742020779 0.6679541204124689 872000
1695742083933 0.7651639213630309 876000
1695742146595 0.8951806417666376 880000
1695742211715 1.0810825762649376 884000
1695742275956 1.0529775848146528 888000
1695742341698 1.2447840380171935 892000
1695742413738 0.9075024595794579 896000
1695742482038 0.8297850136334698 900000
1695742548341 0.7480417054456969 904000
1695742610806 0.7895646374672651 908000
1695742672917 0.8010512846987694 912000
1695742735206 0.8537585426898052 916000
1695742798514 0.9416380984165396 920000
1695742861609 0.7170023122491936 924000
1695742924203 0.7939008194487542 928000
1695742986435 0.9225910253667583 932000
1695743049738 1.2879677940780918 936000
1695743112023 1.2233923744410276 940000
1695743175993 1.1255822428967803 944000
1695743237953 0.8109399831543366 948000
1695743299861 1.120142351773878 952000
1695743362063 0.9635904670072098 956000
1695743425355 0.7766865701569865 960000
1695743487831 0.9295040412650754 964000
1695743552216 0.8499627128243447 968000
1695743614369 0.6964717797624568 972000
1695743677554 0.640359507718434 976000
1695743740603 0.5956547985396659 980000
1695743804880 0.4820817268298318 984000
1695743867062 0.5274487482771898 988000
1695743930173 0.7077199350887289 992000
1695743991807 0.5874018837853024 996000
1695744055142 0.5048847356811166 1000000
