1695731492054 0.003842497960296146 244000
1695731555429 0.14409148426137552 248000
1695731627054 0.014633669697869596 252000
1695731694069 0.011879658677323839 256000
1695731770519 0.011645012685037592 260000
1695731847962 0.017515690230009887 264000
1695731929398 0.011282477138686886 268000
1695732007633 0.04329363545311746 272000
1695732085728 0.01575793315391809 276000
1695732161673 0.008048166449268972 280000
1695732229908 0.0058867781335013285 284000
1695732296342 0.011457796767886183 288000
1695732365455 0.012052177552502978 292000
1695732431789 0.009650584639914557 296000
1695732499365 0.018308881164221063 300000
1695732565263 0.011877588049859323 304000
1695732635537 0.014833281563849906 308000
1695732703150 0.011525351762180235 312000
1695732772466 0.009039638757221665 316000
1695732841652 0.007643678830461965 320000
1695732910309 0.010564424505060984 324000
1695732988785 0.010725943900539606 328000
1695733057846 0.01722805178684009 332000
1695733127289 0.016939021029864786 336000
1695733197284 0.00844164304642606 340000
1695733267000 0.011687302066344826 344000
1695733337835 0.00619634082817487 348000
1695733406338 0.04376528241808219 352000
1695733475179 0.009928000802752928 356000
1695733547250 0.011038458883008124 360000
1695733617810 0.012374973141540945 364000
1695733686307 0.008562874353859945 368000
1695733756281 0.011521972437082839 372000
1695733824511 0.012086837844138146 376000
1695733895024 0.008506006356512804 380000
1695733964347 0.008891041600353351 384000
1695734035366 0.009631391662366677 388000
1695734104329 0.009106159542245832 392000
1695734175758 0.009936529272075289 396000
1695734244807 0.006772096625176754 400000
1695734315832 0.010504783794197812 404000
1695734384747 0.009147523130384909 408000
1695734453517 0.007178236505797031 412000
1695734520807 0.009393491560055619 416000
1695734588514 0.00760624290469822 420000
1695734658467 0.009885962883097458 424000
1695734728132 0.007730251905082016 428000
1695734797015 0.00602168812577023 432000
1695734870398 0.007211568775671721 436000
1695734945900 0.012469415548387512 440000
1695735017222 0.01237735128103823 444000
1695735086500 0.0075067895137114725 448000
1695735161824 0.017093935409683906 452000
1695735232064 0.010836328637609919 456000
1695735306019 0.01622548476348588 460000
1695735382288 0.007839243913347596 464000
1695735453267 0.0065271408991795475 468000
1695735524483 0.012077837061014899 472000
1695735599281 0.010429164973499154 476000
1695735678788 0.006393220460061381 480000
1695735759910 0.007234111585969605 484000
1695735842474 0.005183031949066671 488000
1695735925916 0.005231888397177842 492000
1695736013583 0.006352552157360554 496000
1695736097426 0.006910432347085175 500000
1695736173741 0.012597703429674605 504000
1695736249029 0.0033970764239541723 508000
1695736320725 0.006642414244233637 512000
1695736388269 0.011879950112594352 516000
1695736454407 0.028288668075224222 520000
1695736520735 0.022357415512693175 524000
1695736587166 0.007934456659274105 528000
1695736651802 0.008153441078089923 532000
1695736716231 0.02688826139672811 536000
1695736779581 0.011407652266988378 540000
1695736842298 0.009146486597502465 544000
1695736905502 0.004867008688531608 548000
1695736968560 0.020388069343631517 552000
1695737032262 0.007101385622543986 556000
1695737094171 0.007006724043652467 560000
1695737158079 0.006927728072990498 564000
1695737219752 0.0066878177868630925 568000
1695737282078 0.006992349358025256 572000
1695737344746 0.007583299930489695 576000
1695737412087 0.006285079213794591 580000
1695737478359 0.006678652748452407 584000
1695737542028 0.003420962093649181 588000
1695737604467 0.007037731931225729 592000
1695737666551 0.028898920992664074 596000
1695737728759 0.026634707497251046 600000
1695737791683 0.011663362146769411 604000
1695737853638 0.0053188860257535 608000
1695737916326 0.0033074944065318505 612000
1695737978706 0.00978438495407884 616000
1695738041343 0.011043959063476853 620000
1695738103605 0.004274518375786784 624000
1695738167428 0.01843350528101401 628000
1695738230103 0.0034633682219452648 632000
1695738292657 0.015113893511200039 636000
1695738355150 0.008660043207624273 640000
1695738418006 0.0058620076630673 644000
1695738479962 0.013764082424677875 648000
1695738542551 0.00665355165603102 652000
1695738605985 0.004335910585647917 656000
1695738668259 0.012750579913824703 660000
1695738731810 0.017950200752475633 664000
1695738794281 0.01014355612154472 668000
1695738858625 0.006630746614301474 672000
1695738921363 0.011506504734195238 676000
1695738984588 0.0076203609550469864 680000
1695739046821 0.004957720470751781 684000
1695739110195 0.003771713664637901 688000
1695739172070 0.02360348558945146 692000
1695739235598 0.009139446560525935 696000
1695739297846 0.0088714203858211 700000
1695739360662 0.009482693836861426 704000
1695739423352 0.0053838835952306615 708000
1695739488134 0.018286469123715503 712000
1695739550787 0.015721884011773345 716000
1695739613424 0.01260674194947931 720000
1695739676119 0.007836836770542277 724000
1695739737907 0.008762192121134256 728000
1695739800595 0.013007884312688652 732000
1695739862829 0.007202506724381119 736000
1695739925972 0.013112773911077097 740000
1695739987818 0.018828551484634207 744000
1695740051713 0.02017095432851261 748000
1695740114533 0.0220041372997677 752000
1695740177747 0.010151887654522965 756000
1695740240219 0.014574646087967668 760000
1695740302090 0.011794454955126203 764000
1695740363677 0.021747557873802538 768000
1695740426154 0.010958212722167515 772000
1695740488990 0.0114659807784805 776000
1695740550826 0.008122538353056142 780000
1695740613528 0.013210838661903297 784000
1695740676151 0.01503370296944471 788000
1695740739908 0.023402129374416495 792000
1695740801819 0.012565297997298804 796000
1695740865077 0.014128269950949937 800000
1695740927300 0.009807770981712842 804000
1695740989529 0.014141190037211577 808000
1695741052867 0.017503054288622057 812000
1695741116511 0.00811193370381946 816000
1695741179245 0.008473538706730448 820000
1695741242161 0.014026251364588032 824000
1695741305261 0.007970367907792241 828000
1695741368584 0.009651463969033122 832000
1695741432829 0.019818794968379374 836000
1695741500865 0.016782202006772256 840000
1695741566901 0.011556163082142199 844000
1695741631854 0.009763411295268217 848000
1695741707499 0.005437902610276309 852000
1695741770313 0.005736318255960289 856000
1695741834394 0.007302652578471404 860000
1695741896398 0.012993639095841066 864000
1695741958536 0.009419033314511117 868000
1695742020784 0.008505938382428335 872000
1695742083939 0.00946286422024823 876000
1695742146600 0.015675111730446754 880000
1695742211721 0.016204318030505014 884000
1695742275961 0.030337623084349532 888000
1695742341703 0.011488759739070872 892000
1695742413745 0.011903191112915578 896000
1695742482043 0.008176324534460553 900000
1695742548347 0.008274474574780947 904000
1695742610811 0.011288553265737435 908000
1695742672921 0.016774246580335255 912000
1695742735211 0.006098364703604867 916000
1695742798520 0.04651751927916294 920000
1695742861614 0.009389921845456093 924000
1695742924208 0.01149206442186331 928000
1695742986441 0.009322216518895992 932000
1695743049743 0.011522710892434064 936000
1695743112029 0.009962100946671111 940000
1695743175999 0.015999911168983506 944000
1695743237958 0.00994075399619659 948000
1695743299867 0.014743157638657354 952000
1695743362069 0.011135519659311527 956000
1695743425360 0.01182342965171642 960000
1695743487837 0.016984407422431156 964000
1695743552221 0.008300225653322234 968000
1695743614374 0.008880186803961241 972000
1695743677558 0.012707244667752785 976000
1695743740608 0.009700282282310275 980000
1695743804885 0.008272828117960143 984000
1695743867068 0.011490924670695084 988000
1695743930178 0.015972995593127832 992000
1695743991812 0.010888978969921232 996000
1695744055148 0.008682735315536335 1000000
