1695731492052 -0.008005911758906829 244000
1695731555427 -0.038242172933678376 248000
1695731627052 -0.0185241548785901 252000
1695731694066 -0.012637959507022364 256000
1695731770516 -0.01764746643602848 260000
1695731847960 -0.017261100954783615 264000
1695731929395 -0.01736809141220874 268000
1695732007630 -0.02634507412634169 272000
1695732085725 -0.01874558899338202 276000
1695732161671 -0.010757019097703354 280000
1695732229905 -0.008693662257428514 284000
1695732296339 -0.013099779834252938 288000
1695732365453 -0.015142100578426227 292000
1695732431786 -0.011618782942969119 296000
1695732499362 -0.02046829977625748 300000
1695732565261 -0.011621676350235552 304000
1695732635534 -0.01430258818315148 308000
1695732703148 -0.015558625223153892 312000
1695732772464 -0.012851295912696514 316000
1695732841649 -0.014803252654382959 320000
1695732910306 -0.011532884962798562 324000
1695732988783 -0.015247001171276982 328000
1695733057843 -0.01901079644424802 332000
1695733127287 -0.018993443335057238 336000
1695733197281 -0.012472035617975052 340000
1695733266997 -0.017697348451959746 344000
1695733337832 -0.011357531936179536 348000
1695733406335 -0.01136034404480597 352000
1695733475177 -0.012372546711170192 356000
1695733547247 -0.014252505251837041 360000
1695733617807 -0.015314804137354561 364000
1695733686304 -0.01390842487696015 368000
1695733756278 -0.013427587276722382 372000
1695733824509 -0.017490106282639317 376000
1695733895022 -0.011391824250555753 380000
1695733964344 -0.01086941606772598 384000
1695734035363 -0.009441788784170058 388000
1695734104326 -0.009356476956357558 392000
1695734175756 -0.014899484544002917 396000
1695734244804 -0.009935351546058275 400000
1695734315829 -0.009344515768073809 404000
1695734384744 -0.009475785012182315 408000
1695734453514 -0.008870016059154296 412000
1695734520805 -0.00916872660551841 416000
1695734588512 -0.008079710638412507 420000
1695734658465 -0.009717960288738444 424000
1695734728130 -0.004345653274018938 428000
1695734797012 -0.0041976001530808086 432000
1695734870395 -0.0027348916737537365 436000
1695734945897 -0.005972850965918042 440000
1695735017220 -0.009927315562284397 444000
1695735086497 -0.0048832592265777445 448000
1695735161821 -0.010056319979776162 452000
1695735232062 -0.00924996082370247 456000
1695735306017 -0.0149819685476056 460000
1695735382285 -0.011873916318290868 464000
1695735453265 -0.006480258243876354 468000
1695735524481 -0.009819919933215715 472000
1695735599278 -0.009571281220996753 476000
1695735678785 -0.006512097948143491 480000
1695735759907 -0.0074703911835968025 484000
1695735842471 -0.004186556554729274 488000
1695735925913 -0.007700934821817403 492000
1695736013580 -0.007026797749373751 496000
1695736097423 -0.00553389326062946 500000
1695736173738 -0.004980458269710652 504000
1695736249026 -0.002809087291097967 508000
1695736320722 -0.004293974104803056 512000
1695736388267 -0.002653756278111056 516000
1695736454405 -0.008587337478335637 520000
1695736520732 -0.011305593225794533 524000
1695736587164 -0.010440845857859433 528000
1695736651799 -0.006061534519540146 532000
1695736716229 -0.019920374566572717 536000
1695736779579 -0.009469991067696052 540000
1695736842296 -0.00813504503397174 544000
1695736905500 -0.0048630983071537535 548000
1695736968558 -0.015246239148109453 552000
1695737032260 -0.008103340717207174 556000
1695737094169 -0.006096727698362277 560000
1695737158077 -0.00876884313620394 564000
1695737219750 -0.00737837096627724 568000
1695737282076 -0.010160577290177268 572000
1695737344744 -0.007359510933262451 576000
1695737412083 -0.006273043960391078 580000
1695737478356 -0.009514858810628841 584000
1695737542026 -0.004652936246808774 588000
1695737604465 -0.0033430654567685753 592000
1695737666549 -0.014996203196399922 596000
1695737728757 -0.018170236436708363 600000
1695737791681 -0.011717250898558025 604000
1695737853636 -0.0032397446845910355 608000
1695737916324 -0.0037131129914390235 612000
1695737978704 -0.011292465839263362 616000
1695738041341 -0.008258065787473848 620000
1695738103602 -0.007882751092499045 624000
1695738167426 -0.012961566370601455 628000
1695738230101 -0.007530660382083928 632000
1695738292655 -0.010056624269054737 636000
1695738355148 -0.006686541717742026 640000
1695738418004 -0.005526019733952126 644000
1695738479959 -0.012571846337717336 648000
1695738542549 -0.008584230838459916 652000
1695738605982 -0.003035788264484533 656000
1695738668257 -0.0047115154292744895 660000
1695738731808 -0.011427509182249196 664000
1695738794279 -0.00446980626390238 668000
1695738858623 -0.004921115458516093 672000
1695738921361 -0.007260393177663597 676000
1695738984585 -0.004774369283889731 680000
1695739046818 -0.005578262588824145 684000
1695739110192 -0.002932789622354903 688000
1695739172068 -0.00674597448669374 692000
1695739235596 -0.005328782310243696 696000
1695739297844 -0.005936260213153825 700000
1695739360659 -0.00274964889176772 704000
1695739423350 -0.005314963325993934 708000
1695739488132 -0.005391980315956365 712000
1695739550785 -0.012587616597253751 716000
1695739613421 -0.009253404113527116 720000
1695739676117 -0.00659612089972749 724000
1695739737904 -0.006858369523494427 728000
1695739800593 -0.006358075520741598 732000
1695739862827 -0.004683328860119218 736000
1695739925970 -0.009178374954838848 740000
1695739987816 -0.009783446248426723 744000
1695740051711 -0.00973172990270541 748000
1695740114530 -0.013336449607353036 752000
1695740177744 -0.009639921549387509 756000
1695740240217 -0.007004558385718459 760000
1695740302088 -0.005509292350810332 764000
1695740363674 -0.014264861444583705 768000
1695740426152 -0.007674314807809423 772000
1695740488988 -0.006564296245536146 776000
1695740550824 -0.005022965125681367 780000
1695740613525 -0.005552277490157091 784000
1695740676149 -0.007918499242562878 788000
1695740739906 -0.010233393229039696 792000
1695740801817 -0.006785412610285372 796000
1695740865075 -0.005874058677485057 800000
1695740927298 -0.004736652387024757 804000
1695740989527 -0.010628022532303778 808000
1695741052865 -0.012296665797475726 812000
1695741116509 -0.007875049362579982 816000
1695741179242 -0.006982176101882942 820000
1695741242159 -0.00984377430480284 824000
1695741305259 -0.008529601300930759 828000
1695741368582 -0.00848471148541042 832000
1695741432827 -0.011725615665879256 836000
1695741500863 -0.011520799242134672 840000
1695741566899 -0.010716129255403455 844000
1695741631851 -0.010568830735428492 848000
1695741707497 -0.00505426842913342 852000
1695741770311 -0.009522789761346455 856000
1695741834391 -0.00835786459526086 860000
1695741896396 -0.006847993207581264 864000
1695741958533 -0.007884668434902172 868000
1695742020782 -0.0054063556638235845 872000
1695742083936 -0.005504779950570082 876000
1695742146598 -0.005833660480857361 880000
1695742211719 -0.005872583890838238 884000
1695742275959 -0.02523768926524402 888000
1695742341701 -0.008735895553400042 892000
1695742413742 -0.008852558996295556 896000
1695742482041 -0.00851110947696725 900000
1695742548344 -0.007274404416966718 904000
1695742610809 -0.007914100764416314 908000
1695742672919 -0.01049588787354878 912000
1695742735209 -0.008178394864929335 916000
1695742798517 -0.03244860009338784 920000
1695742861612 -0.005262888404831756 924000
1695742924206 -0.005418156631640159 928000
1695742986439 -0.006001453700931355 932000
1695743049741 -0.007867771044160084 936000
1695743112026 -0.005218707675036664 940000
1695743175997 -0.00832361118324722 944000
1695743237956 -0.009253063585007718 948000
1695743299865 -0.011348213118617423 952000
1695743362067 -0.007795257505980165 956000
1695743425358 -0.007877527691016439 960000
1695743487834 -0.009473234036461994 964000
1695743552219 -0.007727371370856417 968000
1695743614372 -0.005735934986296343 972000
1695743677556 -0.007819120646066343 976000
1695743740606 -0.004078404735870815 980000
1695743804883 -0.002671533891892371 984000
1695743867065 -0.005065089721756522 988000
1695743930176 -0.012806212046173944 992000
1695743991810 -0.007977219523309032 996000
1695744055145 -0.005258241741588184 1000000
