1695731492051 0.007611143700273715 244000
1695731555426 -0.03170283668071837 248000
1695731627052 -0.0053032486742570955 252000
1695731694065 -0.007802823253261219 256000
1695731770515 -0.0015907047573819 260000
1695731847959 -0.0015517429615556466 264000
1695731929394 -0.002691444433836902 268000
1695732007629 -0.011198938883414182 272000
1695732085724 -0.005954902567191311 276000
1695732161670 0.0038179995937753118 280000
1695732229905 0.010053076222447999 284000
1695732296338 -0.002523979556614601 288000
1695732365452 -0.001989942950876866 292000
1695732431785 0.00456634243003767 296000
1695732499361 -0.004999679105731047 300000
1695732565260 -0.00032877131234272384 304000
1695732635534 -0.00011519247171539367 308000
1695732703147 -0.003541699930974573 312000
1695732772463 0.007674134442254399 316000
1695732841648 3.632955664822172e-05 320000
1695732910306 0.004008287340548122 324000
1695732988782 0.0009131684081997567 328000
1695733057842 -0.00869416853444515 332000
1695733127286 -0.004740484434660175 336000
1695733197281 0.002230373109099067 340000
1695733266996 -0.0028554920525342216 344000
1695733337831 0.005400093601959573 348000
1695733406334 0.0004544724870205149 352000
1695733475176 0.0010604801830595533 356000
1695733547246 0.0005705106136701943 360000
1695733617806 0.010070929120562748 364000
1695733686304 0.004950961379290675 368000
1695733756277 0.008265173027272492 372000
1695733824508 -0.0025145579513264236 376000
1695733895021 0.0037888753478910074 380000
1695733964343 0.0010739105812111423 384000
1695734035362 0.0040713009872282175 388000
1695734104326 0.004265514924766952 392000
1695734175755 0.0001631075919400852 396000
1695734244803 0.002043431502973666 400000
1695734315828 0.0024181308038654 404000
1695734384743 0.004232744637306496 408000
1695734453514 0.003982440360838761 412000
1695734520804 0.0018271317306395455 416000
1695734588511 0.003858108188872696 420000
1695734658464 5.9044615303112856e-05 424000
1695734728129 0.005622967808312751 428000
1695734797012 0.004466092330449101 432000
1695734870394 0.005495150570808013 436000
1695734945897 0.002364145767311735 440000
1695735017219 0.0016986775398133128 444000
1695735086496 0.0063678193217735195 448000
1695735161821 0.0019697356928494022 452000
1695735232061 0.007330089462872517 456000
1695735306016 0.007989556931018644 460000
1695735382284 0.006981846631636775 464000
1695735453264 0.012662662531207994 468000
1695735524480 0.009559115383156798 472000
1695735599278 0.004526475261718588 476000
1695735678784 0.007895859372517104 480000
1695735759906 0.004573754858589988 484000
1695735842470 0.007446599372845715 488000
1695735925912 0.00727279624059823 492000
1695736013580 0.005797980086390453 496000
1695736097422 0.007690613232504499 500000
1695736173738 0.00671138571915435 504000
1695736249025 0.008756317935816089 508000
1695736320721 0.006445492487076384 512000
1695736388266 0.008961875878079202 516000
1695736454404 0.004794241611125472 520000
1695736520732 0.0046084150095945615 524000
1695736587163 0.005350026200570331 528000
1695736651798 0.0007145571826337497 532000
1695736716229 -0.010574259029029538 536000
1695736779578 -0.000577052546335229 540000
1695736842296 -0.0011433144918555627 544000
1695736905499 0.003918071482864131 548000
1695736968557 -0.005499326737784334 552000
1695737032259 0.004522058698815575 556000
1695737094168 0.0032831193215618745 560000
1695737158076 0.00014463253513288994 564000
1695737219749 0.0030176034921169047 568000
1695737282075 5.918236489984944e-05 572000
1695737344743 0.0050019854158866416 576000
1695737412082 0.005950793553938638 580000
1695737478355 0.0052865480654872956 584000
1695737542025 0.007747378225568961 588000
1695737604464 0.010064552263308239 592000
1695737666548 -0.0046299074331424585 596000
1695737728757 -0.007177946856821412 600000
1695737791680 -0.002286453123285052 604000
1695737853635 0.00885803282675018 608000
1695737916323 0.004624102328883358 612000
1695737978703 -0.002796497489354503 616000
1695738041340 0.002892855407753814 620000
1695738103601 0.005041138400702039 624000
1695738167425 -0.003030167855884732 628000
1695738230100 -0.0003642395104179741 632000
1695738292654 0.002913180388471422 636000
1695738355147 0.0071881400420352294 640000
1695738418003 0.004012699562357132 644000
1695738479959 -0.003705933536851565 648000
1695738542548 0.006157799633956529 652000
1695738605981 0.00935479514804077 656000
1695738668257 0.009701764672039795 660000
1695738731807 0.0002810721932898256 664000
1695738794278 0.005223445435664568 668000
1695738858622 0.006157435712873393 672000
1695738921360 0.0029856054475658313 676000
1695738984585 0.005100161075779397 680000
1695739046818 0.005654297243927431 684000
1695739110192 0.01060050431677458 688000
1695739172068 0.017189102919496692 692000
1695739235595 0.006977499562215901 696000
1695739297843 0.008841826469703544 700000
1695739360658 0.010565294598344129 704000
1695739423348 0.012393704985386951 708000
1695739488131 0.008186164869681534 712000
1695739550784 -0.00019351873136959816 716000
1695739613420 0.0019408688107053725 720000
1695739676116 0.005824562319097974 724000
1695739737903 0.0032357593851277972 728000
1695739800592 0.003223641393623211 732000
1695739862827 0.0039622116278451355 736000
1695739925969 0.003942334866784828 740000
1695739987815 -0.004437281126547532 744000
1695740051710 0.002069310627211962 748000
1695740114530 0.001317506381705395 752000
1695740177744 0.00024340568544782096 756000
1695740240216 0.002354087745182672 760000
1695740302087 0.0017784657142973022 764000
1695740363674 -0.008568664997937958 768000
1695740426151 -0.00047501140879073017 772000
1695740488987 -0.000525237123918032 776000
1695740550823 0.004015636122142041 780000
1695740613525 0.001265351487230267 784000
1695740676148 -0.0016880902172943025 788000
1695740739905 -0.0026930380479143422 792000
1695740801816 0.004801150808907551 796000
1695740865074 0.0023687259120947603 800000
1695740927297 0.002371718377302538 804000
1695740989526 0.0014867268499491122 808000
1695741052864 0.003961890301836016 812000
1695741116508 0.005179499362941442 816000
1695741179242 0.01083550581944716 820000
1695741242158 0.0015098125735524567 824000
1695741305258 0.00925167931557856 828000
1695741368581 0.005662124858372408 832000
1695741432826 -0.004162214005585459 836000
1695741500862 0.004280913330910607 840000
1695741566898 0.0011924526628566432 844000
1695741631851 0.0015249032326513164 848000
1695741707496 0.008993480103864233 852000
1695741770310 0.007617555665778279 856000
1695741834391 0.005114831090596302 860000
1695741896395 0.012821325555266109 864000
1695741958532 0.005469920035981583 868000
1695742020781 0.006943968561400501 872000
1695742083935 0.007011252020250444 876000
1695742146598 0.007055253391384516 880000
1695742211718 0.003948223920785191 884000
1695742275958 -0.011274976126075368 888000
1695742341700 0.002485568815723127 892000
1695742413741 0.005025710447353049 896000
1695742482040 0.002245855971917384 900000
1695742548344 0.005375848579797093 904000
1695742610808 0.0069216785260096 908000
1695742672919 0.0019112981424086683 912000
1695742735208 0.008846685452742047 916000
1695742798517 -0.017298336298608774 920000
1695742861611 0.0077528540160983535 924000
1695742924205 0.004911937322079515 928000
1695742986438 0.006416613160278454 932000
1695743049740 0.0039403504834202374 936000
1695743112026 0.005620374126374372 940000
1695743175996 0.007759115742176922 944000
1695743237955 0.0036747368859323614 948000
1695743299864 0.0018177496735916066 952000
1695743362066 0.0015983069774089624 956000
1695743425358 0.004267841502890709 960000
1695743487833 0.008488631326160127 964000
1695743552218 0.007301353788867952 968000
1695743614371 0.004438249042383783 972000
1695743677556 0.0022762247435669752 976000
1695743740605 0.008464272418344384 980000
1695743804882 0.008354028450169911 984000
1695743867065 0.004167808768761461 988000
1695743930175 0.002487157885646714 992000
1695743991809 0.00023468559914666305 996000
1695744055144 0.006548588024861602 1000000
