1695731492053 0.7669964797173937 244000
1695731555428 0.7716596563657124 248000
1695731627054 0.8166877803703149 252000
1695731694068 0.8287015066792568 256000
1695731770518 0.7632466633493702 260000
1695731847962 0.8056589548786481 264000
1695731929397 0.8812569059431553 268000
1695732007632 0.8594948250179489 272000
1695732085727 0.8764023572827379 276000
1695732161672 0.8721608451878031 280000
1695732229907 0.8663185297201077 284000
1695732296341 0.8732470858221253 288000
1695732365455 0.8568775008122126 292000
1695732431788 0.8448698278516531 296000
1695732499364 0.8633992291986943 300000
1695732565262 0.8996447493632634 304000
1695732635536 0.8835806219528118 308000
1695732703149 0.8864728032300869 312000
1695732772465 0.8629854012280702 316000
1695732841651 0.8808620032543938 320000
1695732910308 0.8779842517028252 324000
1695732988784 0.8771611489976446 328000
1695733057845 0.91114368258665 332000
1695733127289 0.8614679247761766 336000
1695733197283 0.9195275890951355 340000
1695733266999 0.9047754380231102 344000
1695733337834 0.898996086170276 348000
1695733406337 0.9333337712412079 352000
1695733475178 0.9095153142387669 356000
1695733547249 0.9070077648386359 360000
1695733617809 0.8666973114013672 364000
1695733686306 0.8912953001757463 368000
1695733756280 0.8767816476523876 372000
1695733824511 0.9126478051145871 376000
1695733895023 0.9097250002746781 380000
1695733964346 0.9183802455663681 384000
1695734035365 0.9125752735882997 388000
1695734104328 0.9214661516870062 392000
1695734175757 0.905158345401287 396000
1695734244806 0.9155074874560039 400000
1695734315831 0.918840891495347 404000
1695734384746 0.9183470801760752 408000
1695734453516 0.9237093596408764 412000
1695734520806 0.927354350561897 416000
1695734588514 0.9289644922440251 420000
1695734658466 0.9378192501763503 424000
1695734728131 0.9391800651326776 428000
1695734797014 0.9497029619912306 432000
1695734870397 0.9395156918714443 436000
1695734945899 0.9522707389667631 440000
1695735017221 0.9382498298461238 444000
1695735086499 0.9405117621645331 448000
1695735161823 0.9350594046215216 452000
1695735232063 0.91501280143857 456000
1695735306018 0.8816404548163216 460000
1695735382287 0.8997857498625914 464000
1695735453267 0.8947300059720874 468000
1695735524482 0.8961998838931322 472000
1695735599280 0.9284084714328249 476000
1695735678787 0.9239986616497239 480000
1695735759909 0.9378577678153912 484000
1695735842473 0.9408579196160038 488000
1695735925915 0.9227993415047725 492000
1695736013582 0.9319178007543087 496000
1695736097425 0.9366335449740291 500000
1695736173740 0.9433009483541052 504000
1695736249028 0.9443314404537281 508000
1695736320724 0.9480605519687136 512000
1695736388269 0.9435933891062935 516000
1695736454406 0.930487565882504 520000
1695736520734 0.9180701059599717 524000
1695736587165 0.9148699507117272 528000
1695736651801 0.9558141306663553 532000
1695736716231 0.9389465638746818 536000
1695736779581 0.9499193779503305 540000
1695736842298 0.9580227633938193 544000
1695736905502 0.9499888986969988 548000
1695736968559 0.9390722567215561 552000
1695737032262 0.9342771940554182 556000
1695737094170 0.9419290024166306 560000
1695737158078 0.9512586309884985 564000
1695737219751 0.9460871309041977 568000
1695737282077 0.943540673640867 572000
1695737344745 0.9335766742626826 576000
1695737412085 0.9354070070510109 580000
1695737478358 0.9272767674177885 584000
1695737542027 0.9398353246971964 588000
1695737604466 0.93443773748974 592000
1695737666550 0.9485364641994238 596000
1695737728759 0.9319785500566165 600000
1695737791682 0.948115280456841 604000
1695737853637 0.936682642561694 608000
1695737916325 0.9573471122110884 612000
1695737978706 0.9569934556260705 616000
1695738041342 0.9431632573405901 620000
1695738103604 0.927711284533143 624000
1695738167427 0.9507773914684852 628000
1695738230103 0.9633519425988197 632000
1695738292656 0.9348824738835295 636000
1695738355149 0.9309929757068555 640000
1695738418005 0.9538659948855639 644000
1695738479961 0.9565858678892255 648000
1695738542551 0.9235662487645944 652000
1695738605984 0.9328299290811022 656000
1695738668259 0.9211579206089179 660000
1695738731809 0.9427647534757853 664000
1695738794280 0.9510710702588161 668000
1695738858625 0.9466268700857957 672000
1695738921363 0.9512178882956505 676000
1695738984587 0.9516719660411278 680000
1695739046820 0.944784407193462 684000
1695739110194 0.9339815537755688 688000
1695739172070 0.8858927235007286 692000
1695739235597 0.9363196341941754 696000
1695739297845 0.9273792683457335 700000
1695739360661 0.9350672520076235 704000
1695739423351 0.9090513080358505 708000
1695739488133 0.9342067842061321 712000
1695739550786 0.9385551813989877 716000
1695739613423 0.9440053631241123 720000
1695739676118 0.937544518088301 724000
1695739737906 0.9511781078452866 728000
1695739800595 0.9509709474320213 732000
1695739862829 0.9565756260106961 736000
1695739925971 0.9337229539950689 740000
1695739987817 0.9615836065883437 744000
1695740051712 0.9215219335630536 748000
1695740114532 0.9097760690376162 752000
1695740177746 0.9408558867250879 756000
1695740240219 0.9492223065967361 760000
1695740302090 0.9591971900314092 764000
1695740363676 0.9624776429807146 768000
1695740426153 0.9603034131849806 772000
1695740488989 0.9572037293265263 776000
1695740550825 0.9479215577244758 780000
1695740613527 0.944519346828262 784000
1695740676150 0.9581750977784396 788000
1695740739907 0.9541719906032086 792000
1695740801818 0.9343395081038276 796000
1695740865076 0.9564546067888539 800000
1695740927300 0.9612299556533496 804000
1695740989529 0.9247335689763229 808000
1695741052866 0.915905928487579 812000
1695741116510 0.9358599269762635 816000
1695741179244 0.9134815864885847 820000
1695741242161 0.9389736047635476 824000
1695741305260 0.9146612259248893 828000
1695741368584 0.9293519848957658 832000
1695741432829 0.9586989162489772 836000
1695741500864 0.9162252277135849 840000
1695741566900 0.9346844747041663 844000
1695741631853 0.9393112543349464 848000
1695741707498 0.9288556542868416 852000
1695741770312 0.918039231436948 856000
1695741834393 0.9314226248612006 860000
1695741896397 0.897923281788826 864000
1695741958535 0.9320324353252848 868000
1695742020784 0.9372602488845587 872000
1695742083937 0.9375617004310092 876000
1695742146600 0.9334744131813447 880000
1695742211720 0.9481764545664191 884000
1695742275961 0.9285617740203936 888000
1695742341703 0.9381988977392515 892000
1695742413744 0.9228814443573355 896000
1695742482042 0.9425614979738991 900000
1695742548346 0.9348364840572079 904000
1695742610810 0.9214554553230604 908000
1695742672921 0.9357036922127009 912000
1695742735210 0.9117898082360625 916000
1695742798519 0.9224467502286037 920000
1695742861613 0.9352793972318371 924000
1695742924207 0.9497067087640365 928000
1695742986440 0.9356878434618314 932000
1695743049742 0.934484449091057 936000
1695743112028 0.9404247141132752 940000
1695743175998 0.9150176146999002 944000
1695743237957 0.9267309218645096 948000
1695743299866 0.9307740359877547 952000
1695743362068 0.9485377404217918 956000
1695743425360 0.9381621059651176 960000
1695743487835 0.9076330604031682 964000
1695743552220 0.9194038327783346 968000
1695743614373 0.9474792436386148 972000
1695743677558 0.9498253647858897 976000
1695743740608 0.9370886662974953 980000
1695743804885 0.945602941699326 984000
1695743867067 0.9560348115240535 988000
1695743930177 0.9235638648892442 992000
1695743991812 0.9514412744591634 996000
1695744055147 0.9440670415759087 1000000
