1695731492053 0.03156916417647153 244000
1695731555427 0.010949482618404243 248000
1695731627053 0.026616377566339604 252000
1695731694067 0.010110707731776832 256000
1695731770517 0.03272515262069646 260000
1695731847961 0.03187390771636274 264000
1695731929396 0.029786700133505897 268000
1695732007631 0.029919768031686545 272000
1695732085726 0.02570863752043806 276000
1695732161671 0.029601679481371927 280000
1695732229906 0.037878811808574636 284000
1695732296340 0.021744746658077928 288000
1695732365454 0.026799976018082816 292000
1695732431787 0.032996470995324975 296000
1695732499363 0.03122823625211216 300000
1695732565261 0.02308937017223798 304000
1695732635535 0.028759814029035623 308000
1695732703148 0.02442981321219122 312000
1695732772464 0.04136214929749258 316000
1695732841650 0.029949262465621965 320000
1695732910307 0.031199582998427407 324000
1695732988783 0.03265763951979655 328000
1695733057844 0.020819567877333613 332000
1695733127288 0.02891412036503122 336000
1695733197282 0.029653817598591557 340000
1695733266998 0.02992906966828741 344000
1695733337833 0.03394919052661862 348000
1695733406336 0.022473639035888483 352000
1695733475177 0.02710487053554971 356000
1695733547248 0.02962723492528312 360000
1695733617808 0.05049253355634088 364000
1695733686305 0.037836144094277796 368000
1695733756279 0.043319534436644366 372000
1695733824510 0.029965385200921447 376000
1695733895023 0.030573574840673245 380000
1695733964345 0.02440225765337042 384000
1695734035364 0.02731691146424661 388000
1695734104327 0.027506829180250256 392000
1695734175757 0.030294665966842636 396000
1695734244805 0.024448721039031323 400000
1695734315830 0.023831920679367614 404000
1695734384745 0.027658436884909557 408000
1695734453515 0.025991291484388057 412000
1695734520806 0.02213493717693685 416000
1695734588513 0.024111828060025195 420000
1695734658466 0.019764737619455748 424000
1695734728131 0.020200641799116664 428000
1695734797013 0.017697072247392497 432000
1695734870396 0.017058765750941045 436000
1695734945898 0.016808953192230545 440000
1695735017220 0.023183582334119514 444000
1695735086498 0.022775308584580975 448000
1695735161822 0.023857714732002933 452000
1695735232063 0.03315552681548676 456000
1695735306017 0.04551070906648723 460000
1695735382286 0.03765987420532232 464000
1695735453266 0.03818951327994 468000
1695735524481 0.038338689728213166 472000
1695735599279 0.028058131212795465 476000
1695735678786 0.029074137537584952 480000
1695735759908 0.02430695935957677 484000
1695735842472 0.023572588486422318 488000
1695735925914 0.030191224948309052 492000
1695736013581 0.025867879343180297 496000
1695736097424 0.026422116246734125 500000
1695736173739 0.02311646159650991 504000
1695736249027 0.02315571296736986 508000
1695736320723 0.021744268033459472 512000
1695736388268 0.023371142371130797 516000
1695736454405 0.02652464989660075 520000
1695736520733 0.03139640778827015 524000
1695736587165 0.0317922168324003 528000
1695736651800 0.013929075062090608 532000
1695736716230 0.017576896431273782 536000
1695736779580 0.017255844500323293 540000
1695736842297 0.013808120030565382 544000
1695736905501 0.017788236324607472 548000
1695736968559 0.01928397751568506 552000
1695737032261 0.02530192373378668 556000
1695737094170 0.019029559069652653 560000
1695737158078 0.01785714528984196 564000
1695737219751 0.020794656805325454 568000
1695737282076 0.02041719748546408 572000
1695737344744 0.0245834743604064 576000
1695737412084 0.024405402111491035 580000
1695737478357 0.029361168794760792 584000
1695737542026 0.024716107618102494 588000
1695737604465 0.026784667416844363 592000
1695737666549 0.01986641665692635 596000
1695737728758 0.021025332640419947 600000
1695737791682 0.01832672777964035 604000
1695737853636 0.0240579336352918 608000
1695737916325 0.016631950484103677 612000
1695737978705 0.016853417949459982 616000
1695738041341 0.022057913638612568 620000
1695738103603 0.02579400209360756 624000
1695738167426 0.019669018153217623 628000
1695738230102 0.014375840649396803 632000
1695738292656 0.026145614738440296 636000
1695738355148 0.027870989719910238 640000
1695738418004 0.019229946088065237 644000
1695738479960 0.01786408061719461 648000
1695738542550 0.02957789918097357 652000
1695738605983 0.02481373121214953 656000
1695738668258 0.028866994026854324 660000
1695738731808 0.023585258285553815 664000
1695738794280 0.01991436099682081 668000
1695738858624 0.02250338711795242 672000
1695738921362 0.020803964673541488 676000
1695738984586 0.019933881033405973 680000
1695739046819 0.022621937148020757 684000
1695739110193 0.027195226107141934 688000
1695739172069 0.04804643439128995 692000
1695739235597 0.025190095120827514 696000
1695739297845 0.02982440362975467 700000
1695739360660 0.02696460321409783 704000
1695739423350 0.03559424689447042 708000
1695739488132 0.027343120390044835 712000
1695739550786 0.025274616801956046 716000
1695739613422 0.02290870966608054 720000
1695739676117 0.025319595858551716 724000
1695739737905 0.02065174608384647 728000
1695739800594 0.019599839493457692 732000
1695739862828 0.017796094667573925 736000
1695739925971 0.026808896476965553 740000
1695739987816 0.01149143344470455 744000
1695740051712 0.02443738646688871 748000
1695740114531 0.030135768070370734 752000
1695740177745 0.020346185033849905 756000
1695740240218 0.019396687304833904 760000
1695740302089 0.015342362869705539 764000
1695740363675 0.012229397797636921 768000
1695740426153 0.015213185678779459 772000
1695740488989 0.012932460385006077 776000
1695740550825 0.018824123749315427 780000
1695740613526 0.014640869825780101 784000
1695740676149 0.013300582564382542 788000
1695740739907 0.01584272016286074 792000
1695740801818 0.02388775792957555 796000
1695740865076 0.01712911531770563 800000
1695740927299 0.014981269428608357 804000
1695740989528 0.024974019338575695 808000
1695741052865 0.03308609761346209 812000
1695741116509 0.026619301968215343 816000
1695741179243 0.03606871486990713 820000
1695741242160 0.023226356292434504 824000
1695741305260 0.0359390294814754 828000
1695741368583 0.02866415128519293 832000
1695741432828 0.015503208639105044 836000
1695741500864 0.03211064259764195 840000
1695741566899 0.02441314018506091 844000
1695741631852 0.024541195872006937 848000
1695741707497 0.028320551280436725 852000
1695741770312 0.0345416569141283 856000
1695741834392 0.02728901450318517 860000
1695741896396 0.039680239573256885 864000
1695741958534 0.02712403276624779 868000
1695742020783 0.024924736476289885 872000
1695742083936 0.025303431312689403 876000
1695742146599 0.026243778693606147 880000
1695742211719 0.020159523619319466 884000
1695742275960 0.028306255417798337 888000
1695742341702 0.022955529102667547 892000
1695742413743 0.02829519742760264 896000
1695742482041 0.022116047481783124 900000
1695742548345 0.02572688323270995 904000
1695742610810 0.030046058483033752 908000
1695742672920 0.025145113059746413 912000
1695742735210 0.03449673381498239 916000
1695742798518 0.030079978821837963 920000
1695742861613 0.026163851357220363 924000
1695742924206 0.0208436980159604 928000
1695742986439 0.025097843596692353 932000
1695743049742 0.024056430355024836 936000
1695743112027 0.022102815222509283 940000
1695743175997 0.03252058700406148 944000
1695743237957 0.026289451590370543 948000
1695743299865 0.026668943655628632 952000
1695743362068 0.019216971666901374 956000
1695743425359 0.02455516872481288 960000
1695743487834 0.03600931169251756 964000
1695743552219 0.030406592988583725 968000
1695743614373 0.02066143829530726 972000
1695743677557 0.020342020552197936 976000
1695743740607 0.02522536056227788 980000
1695743804884 0.022146356615121477 984000
1695743867066 0.018434743597754277 988000
1695743930176 0.03069311547151301 992000
1695743991811 0.016741061571641087 996000
1695744055146 0.02383950365522954 1000000
