1695672393991 0.5 4000
1695672462684 0.5 8000
1695672529196 0.5 12000
1695672600074 0.5 16000
1695672672347 0.5 20000
1695672745278 0.5 24000
1695672809663 0.5 28000
1695672874010 0.5 32000
1695672940697 0.5 36000
1695673005231 0.5 40000
1695673074268 0.5 44000
1695673141208 0.5 48000
1695673218504 0.5 52000
1695673294794 0.5 56000
1695673372509 0.5 60000
1695673449735 0.5 64000
1695673533643 0.5 68000
1695673613827 0.5 72000
1695673696620 0.5 76000
1695673782632 0.5 80000
1695673861121 0.5 84000
1695673946067 0.5 88000
1695674026409 0.5 92000
1695674106859 0.5 96000
1695674188601 0.5 100000
1695674273011 0.5 104000
1695674360612 0.5 108000
1695674443040 0.5 112000
1695674524925 0.5 116000
1695674604854 0.5 120000
1695674686380 0.5 124000
1695674761072 0.5 128000
1695674835917 0.5 132000
1695674906034 0.5 136000
1695674983943 0.5 140000
1695675057475 0.5 144000
1695675130838 0.5 148000
1695675201116 0.5 152000
1695675272702 0.5 156000
1695675343635 0.5 160000
1695675414100 0.5 164000
1695675488972 0.5 168000
1695675565039 0.5 172000
1695675636594 0.5 176000
1695675707713 0.5 180000
1695675779557 0.5 184000
1695675846416 0.5 188000
1695675913041 0.5 192000
1695675979165 0.5 196000
1695676044808 0.5 200000
1695676111037 0.5 204000
1695676191657 0.5 208000
1695676270315 0.5 212000
1695676339916 0.5 216000
1695676408579 0.5 220000
1695676480623 0.5 224000
1695676555119 0.5 228000
1695676625551 0.5 232000
1695676704042 0.5 236000
1695676788276 0.5 240000
1695676878092 0.5 244000
1695676967184 0.5 248000
1695677042740 0.5 252000
1695677114927 0.5 256000
1695677195548 0.5 260000
1695677276890 0.5 264000
1695677358268 0.5 268000
1695677440108 0.5 272000
1695677527244 0.5 276000
