1695672393989 0.5 4000
1695672462682 0.5 8000
1695672529195 0.5 12000
1695672600072 0.5 16000
1695672672346 0.5 20000
1695672745277 0.5 24000
1695672809662 0.5 28000
1695672874009 0.5 32000
1695672940696 0.5 36000
1695673005230 0.5 40000
1695673074266 0.5 44000
1695673141207 0.5 48000
1695673218502 0.5 52000
1695673294792 0.5 56000
1695673372507 0.5 60000
1695673449733 0.5 64000
1695673533641 0.5 68000
1695673613825 0.5 72000
1695673696618 0.5 76000
1695673782630 0.5 80000
1695673861120 0.5 84000
1695673946065 0.5 88000
1695674026407 0.5 92000
1695674106857 0.5 96000
1695674188599 0.5 100000
1695674273009 0.5 104000
1695674360610 0.5 108000
1695674443038 0.5 112000
1695674524924 0.5 116000
1695674604852 0.5 120000
1695674686378 0.5 124000
1695674761070 0.5 128000
1695674835915 0.5 132000
1695674906032 0.5 136000
1695674983941 0.5 140000
1695675057474 0.5 144000
1695675130836 0.5 148000
1695675201114 0.5 152000
1695675272701 0.5 156000
1695675343634 0.5 160000
1695675414098 0.5 164000
1695675488968 0.5 168000
1695675565038 0.5 172000
1695675636592 0.5 176000
1695675707711 0.5 180000
1695675779555 0.5 184000
1695675846414 0.5 188000
1695675913039 0.5 192000
1695675979164 0.5 196000
1695676044807 0.5 200000
1695676111035 0.5 204000
1695676191655 0.5 208000
1695676270313 0.5 212000
1695676339914 0.5 216000
1695676408578 0.5 220000
1695676480621 0.5 224000
1695676555117 0.5 228000
1695676625549 0.5 232000
1695676704040 0.5 236000
1695676788274 0.5 240000
1695676878088 0.5 244000
1695676967182 0.5 248000
1695677042738 0.5 252000
1695677114926 0.5 256000
1695677195546 0.5 260000
1695677276888 0.5 264000
1695677358267 0.5 268000
1695677440106 0.5 272000
1695677527242 0.5 276000
