1695672393992 0.001 4000
1695672462684 0.001 8000
1695672529197 0.001 12000
1695672600074 0.001 16000
1695672672348 0.001 20000
1695672745279 0.001 24000
1695672809664 0.001 28000
1695672874011 0.001 32000
1695672940698 0.001 36000
1695673005232 0.001 40000
1695673074269 0.001 44000
1695673141209 0.001 48000
1695673218505 0.001 52000
1695673294794 0.001 56000
1695673372510 0.001 60000
1695673449735 0.001 64000
1695673533644 0.001 68000
1695673613828 0.001 72000
1695673696621 0.001 76000
1695673782633 0.001 80000
1695673861122 0.001 84000
1695673946067 0.001 88000
1695674026410 0.001 92000
1695674106860 0.001 96000
1695674188602 0.001 100000
1695674273012 0.001 104000
1695674360613 0.001 108000
1695674443041 0.001 112000
1695674524926 0.001 116000
1695674604855 0.001 120000
1695674686381 0.001 124000
1695674761073 0.001 128000
1695674835917 0.001 132000
1695674906035 0.001 136000
1695674983943 0.001 140000
1695675057476 0.001 144000
1695675130839 0.001 148000
1695675201116 0.001 152000
1695675272703 0.001 156000
1695675343636 0.001 160000
1695675414101 0.001 164000
1695675488974 0.001 168000
1695675565040 0.001 172000
1695675636594 0.001 176000
1695675707713 0.001 180000
1695675779557 0.001 184000
1695675846417 0.001 188000
1695675913041 0.001 192000
1695675979166 0.001 196000
1695676044809 0.001 200000
1695676111037 0.001 204000
1695676191657 0.001 208000
1695676270316 0.001 212000
1695676339916 0.001 216000
1695676408580 0.001 220000
1695676480624 0.001 224000
1695676555119 0.001 228000
1695676625552 0.001 232000
1695676704043 0.001 236000
1695676788277 0.001 240000
1695676878093 0.001 244000
1695676967185 0.001 248000
1695677042740 0.001 252000
1695677114928 0.001 256000
1695677195548 0.001 260000
1695677276891 0.001 264000
1695677358269 0.001 268000
1695677440109 0.001 272000
1695677527244 0.001 276000
