1695672393990 0.5 4000
1695672462683 0.5 8000
1695672529195 0.5 12000
1695672600073 0.5 16000
1695672672347 0.5 20000
1695672745277 0.5 24000
1695672809663 0.5 28000
1695672874009 0.5 32000
1695672940697 0.5 36000
1695673005231 0.5 40000
1695673074267 0.5 44000
1695673141208 0.5 48000
1695673218503 0.5 52000
1695673294793 0.5 56000
1695673372508 0.5 60000
1695673449734 0.5 64000
1695673533642 0.5 68000
1695673613826 0.5 72000
1695673696619 0.5 76000
1695673782631 0.5 80000
1695673861120 0.5 84000
1695673946066 0.5 88000
1695674026408 0.5 92000
1695674106858 0.5 96000
1695674188600 0.5 100000
1695674273010 0.5 104000
1695674360611 0.5 108000
1695674443039 0.5 112000
1695674524924 0.5 116000
1695674604853 0.5 120000
1695674686379 0.5 124000
1695674761071 0.5 128000
1695674835916 0.5 132000
1695674906033 0.5 136000
1695674983942 0.5 140000
1695675057474 0.5 144000
1695675130837 0.5 148000
1695675201115 0.5 152000
1695675272702 0.5 156000
1695675343635 0.5 160000
1695675414099 0.5 164000
1695675488970 0.5 168000
1695675565038 0.5 172000
1695675636593 0.5 176000
1695675707712 0.5 180000
1695675779556 0.5 184000
1695675846415 0.5 188000
1695675913040 0.5 192000
1695675979164 0.5 196000
1695676044807 0.5 200000
1695676111036 0.5 204000
1695676191656 0.5 208000
1695676270314 0.5 212000
1695676339915 0.5 216000
1695676408579 0.5 220000
1695676480622 0.5 224000
1695676555118 0.5 228000
1695676625550 0.5 232000
1695676704041 0.5 236000
1695676788275 0.5 240000
1695676878090 0.5 244000
1695676967183 0.5 248000
1695677042739 0.5 252000
1695677114926 0.5 256000
1695677195547 0.5 260000
1695677276889 0.5 264000
1695677358268 0.5 268000
1695677440107 0.5 272000
1695677527243 0.5 276000
