1695731492073 0.9 244000
1695731555449 0.9 248000
1695731627071 0.9 252000
1695731694089 0.9 256000
1695731770542 0.9 260000
1695731847983 0.9 264000
1695731929421 0.9 268000
1695732007654 0.9 272000
1695732085751 0.9 276000
1695732161690 0.9 280000
1695732229927 0.9 284000
1695732296360 0.9 288000
1695732365475 0.9 292000
1695732431806 0.9 296000
1695732499383 0.9 300000
1695732565281 0.9 304000
1695732635557 0.9 308000
1695732703170 0.9 312000
1695732772485 0.9 316000
1695732841670 0.9 320000
1695732910327 0.9 324000
1695732988804 0.9 328000
1695733057864 0.9 332000
1695733127307 0.9 336000
1695733197303 0.9 340000
1695733267020 0.9 344000
1695733337859 0.9 348000
1695733406357 0.9 352000
1695733475198 0.9 356000
1695733547270 0.9 360000
1695733617829 0.9 364000
1695733686329 0.9 368000
1695733756299 0.9 372000
1695733824529 0.9 376000
1695733895043 0.9 380000
1695733964366 0.9 384000
1695734035386 0.9 388000
1695734104346 0.9 392000
1695734175777 0.9 396000
1695734244827 0.9 400000
1695734315851 0.9 404000
1695734384771 0.9 408000
1695734453535 0.9 412000
1695734520825 0.9 416000
1695734588533 0.9 420000
1695734658486 0.9 424000
1695734728151 0.9 428000
1695734797032 0.9 432000
1695734870420 0.9 436000
1695734945919 0.9 440000
1695735017242 0.9 444000
1695735086518 0.9 448000
1695735161845 0.9 452000
1695735232083 0.9 456000
1695735306038 0.9 460000
1695735382310 0.9 464000
1695735453287 0.9 468000
1695735524501 0.9 472000
1695735599302 0.9 476000
1695735678809 0.9 480000
1695735759930 0.9 484000
1695735842495 0.9 488000
1695735925939 0.9 492000
1695736013606 0.9 496000
1695736097447 0.9 500000
1695736173761 0.9 504000
1695736249055 0.9 508000
1695736320747 0.9 512000
1695736388287 0.9 516000
1695736454423 0.9 520000
1695736520751 0.9 524000
1695736587184 0.9 528000
1695736651820 0.9 532000
1695736716248 0.9 536000
1695736779600 0.9 540000
1695736842316 0.9 544000
1695736905520 0.9 548000
1695736968577 0.9 552000
1695737032280 0.9 556000
1695737094187 0.9 560000
1695737158095 0.9 564000
1695737219771 0.9 568000
1695737282097 0.9 572000
1695737344764 0.9 576000
1695737412105 0.9 580000
1695737478378 0.9 584000
1695737542047 0.9 588000
1695737604483 0.9 592000
1695737666568 0.9 596000
1695737728776 0.9 600000
1695737791699 0.9 604000
1695737853654 0.9 608000
1695737916343 0.9 612000
1695737978724 0.9 616000
1695738041360 0.9 620000
1695738103623 0.9 624000
1695738167444 0.9 628000
1695738230122 0.9 632000
1695738292674 0.9 636000
1695738355167 0.9 640000
1695738418022 0.9 644000
1695738479979 0.9 648000
1695738542570 0.9 652000
1695738606002 0.9 656000
1695738668276 0.9 660000
1695738731827 0.9 664000
1695738794298 0.9 668000
1695738858642 0.9 672000
1695738921382 0.9 676000
1695738984606 0.9 680000
1695739046837 0.9 684000
1695739110211 0.9 688000
1695739172090 0.9 692000
1695739235615 0.9 696000
1695739297863 0.9 700000
1695739360681 0.9 704000
1695739423372 0.9 708000
1695739488152 0.9 712000
1695739550805 0.9 716000
1695739613442 0.9 720000
1695739676138 0.9 724000
1695739737925 0.9 728000
1695739800614 0.9 732000
1695739862847 0.9 736000
1695739925989 0.9 740000
1695739987834 0.9 744000
1695740051731 0.9 748000
1695740114551 0.9 752000
1695740177763 0.9 756000
1695740240236 0.9 760000
1695740302109 0.9 764000
1695740363694 0.9 768000
1695740426173 0.9 772000
1695740489008 0.9 776000
1695740550843 0.9 780000
1695740613545 0.9 784000
1695740676169 0.9 788000
1695740739927 0.9 792000
1695740801836 0.9 796000
1695740865094 0.9 800000
1695740927320 0.9 804000
1695740989546 0.9 808000
1695741052884 0.9 812000
1695741116527 0.9 816000
1695741179262 0.9 820000
1695741242179 0.9 824000
1695741305279 0.9 828000
1695741368602 0.9 832000
1695741432847 0.9 836000
1695741500884 0.9 840000
1695741566918 0.9 844000
1695741631873 0.9 848000
1695741707517 0.9 852000
1695741770330 0.9 856000
1695741834412 0.9 860000
1695741896419 0.9 864000
1695741958554 0.9 868000
1695742020803 0.9 872000
1695742083961 0.9 876000
1695742146618 0.9 880000
1695742211739 0.9 884000
1695742275980 0.9 888000
1695742341721 0.9 892000
1695742413767 0.9 896000
1695742482061 0.9 900000
1695742548363 0.9 904000
1695742610829 0.9 908000
1695742672938 0.9 912000
1695742735228 0.9 916000
1695742798540 0.9 920000
1695742861633 0.9 924000
1695742924227 0.9 928000
1695742986460 0.9 932000
1695743049759 0.9 936000
1695743112047 0.9 940000
1695743176015 0.9 944000
1695743237975 0.9 948000
1695743299885 0.9 952000
1695743362089 0.9 956000
1695743425376 0.9 960000
1695743487853 0.9 964000
1695743552237 0.9 968000
1695743614392 0.9 972000
1695743677575 0.9 976000
1695743740626 0.9 980000
1695743804902 0.9 984000
1695743867086 0.9 988000
1695743930194 0.9 992000
1695743991830 0.9 996000
1695744055165 0.9 1000000
