1695672393996 2.0 4000
1695672462688 2.0 8000
1695672529201 2.0 12000
1695672600078 2.0 16000
1695672672352 2.0 20000
1695672745282 2.0 24000
1695672809668 2.0 28000
1695672874014 2.0 32000
1695672940702 2.0 36000
1695673005236 2.0 40000
1695673074272 2.0 44000
1695673141212 2.0 48000
1695673218508 2.0 52000
1695673294799 2.0 56000
1695673372514 2.0 60000
1695673449740 2.0 64000
1695673533649 2.0 68000
1695673613832 2.0 72000
1695673696626 2.0 76000
1695673782637 2.0 80000
1695673861127 2.0 84000
1695673946072 2.0 88000
1695674026414 2.0 92000
1695674106864 2.0 96000
1695674188606 2.0 100000
1695674273017 2.0 104000
1695674360617 2.0 108000
1695674443046 2.0 112000
1695674524931 2.0 116000
1695674604860 2.0 120000
1695674686386 2.0 124000
1695674761078 2.0 128000
1695674835922 2.0 132000
1695674906039 2.0 136000
1695674983947 2.0 140000
1695675057480 2.0 144000
1695675130844 2.0 148000
1695675201121 2.0 152000
1695675272706 2.0 156000
1695675343640 2.0 160000
1695675414105 2.0 164000
1695675488981 2.0 168000
1695675565044 2.0 172000
1695675636599 2.0 176000
1695675707717 2.0 180000
1695675779561 2.0 184000
1695675846421 2.0 188000
1695675913045 2.0 192000
1695675979170 2.0 196000
1695676044812 2.0 200000
1695676111041 2.0 204000
1695676191661 2.0 208000
1695676270320 2.0 212000
1695676339921 2.0 216000
1695676408583 2.0 220000
1695676480628 2.0 224000
1695676555124 2.0 228000
1695676625555 2.0 232000
1695676704047 2.0 236000
1695676788281 2.0 240000
1695676878097 2.0 244000
1695676967191 2.0 248000
1695677042744 2.0 252000
1695677114932 2.0 256000
1695677195553 2.0 260000
1695677276895 2.0 264000
1695677358274 2.0 268000
1695677440113 2.0 272000
1695677527248 2.0 276000
