1695672599984 -0.2865000000000002 16000
1695672672262 -0.2865000000000002 20000
1695672745200 -0.2865000000000002 24000
1695672809586 -0.2865000000000002 28000
1695672873934 -0.2865000000000002 32000
1695672940620 -0.2865000000000002 36000
1695673005154 -0.35400000000000026 40000
1695673074189 -0.35400000000000026 44000
1695673141131 -0.35400000000000026 48000
1695673218426 -0.35400000000000026 52000
1695673294692 -0.35400000000000026 56000
1695673372416 -0.35400000000000026 60000
1695673449637 -0.35400000000000026 64000
1695673533536 -0.35400000000000026 68000
1695673613735 -0.35400000000000026 72000
1695673696523 -0.35400000000000026 76000
1695673782533 -0.35400000000000026 80000
1695673861022 -0.35400000000000026 84000
1695673945971 -0.35400000000000026 88000
1695674026309 -0.35400000000000026 92000
1695674106759 -0.35400000000000026 96000
1695674188501 -0.35400000000000026 100000
1695674272907 -0.35400000000000026 104000
1695674360512 -0.35400000000000026 108000
1695674442909 -0.35400000000000026 112000
1695674524826 -0.35400000000000026 116000
1695674604746 -0.35400000000000026 120000
1695674686276 -0.35400000000000026 124000
1695674760954 -0.35400000000000026 128000
1695674835818 -0.35400000000000026 132000
1695674905940 -0.35400000000000026 136000
1695674983856 0.17449999999999977 140000
1695675057391 0.17449999999999977 144000
1695675130738 0.17449999999999977 148000
1695675201029 0.17449999999999977 152000
1695675272621 -0.04500000000000002 156000
1695675343547 -0.04500000000000002 160000
1695675414021 -0.04500000000000002 164000
1695675488847 -0.1560000000000001 168000
1695675564954 -0.1560000000000001 172000
1695675636506 -0.1560000000000001 176000
1695675707631 0.35959020427211486 180000
1695675779470 0.855 184000
1695675846335 1.1830500000000002 188000
1695675912964 0.30649999999999983 192000
1695675979083 0.8535 196000
1695676044729 0.855 200000
1695676110957 1.1830500000000002 204000
1695676191565 0.8490000000000002 208000
1695676270230 0.855 212000
1695676339834 1.3967836050000002 216000
1695676408498 1.3982836050000003 220000
1695676480539 0.8415000000000005 224000
1695676555026 1.4909346144425923 228000
1695676625468 1.4909346144425923 232000
1695676703949 1.4411932378161698 236000
1695676788184 -0.7299999999999925 240000
1695676877969 1.4909346144425923 244000
1695676967060 1.4909346144425923 248000
1695677042655 1.1830500000000002 252000
1695677114841 1.17705 256000
1695677195452 1.5081030335440548 260000
1695677276788 1.3982836050000003 264000
1695677358178 1.4909346144425923 268000
1695677440005 1.4909346144425923 272000
1695677527156 1.4909346144425923 276000
