1695672599983 -0.1450000000000001 16000
1695672672262 -0.1450000000000001 20000
1695672745199 -0.1450000000000001 24000
1695672809585 -0.18500000000000014 28000
1695672873933 -0.18500000000000014 32000
1695672940620 -0.18500000000000014 36000
1695673005154 -0.18500000000000014 40000
1695673074189 -0.18500000000000014 44000
1695673141130 -0.18500000000000014 48000
1695673218425 -0.22700000000000017 52000
1695673294691 -0.22700000000000017 56000
1695673372416 -0.22700000000000017 60000
1695673449636 -0.22700000000000017 64000
1695673533535 -0.22700000000000017 68000
1695673613734 -0.22700000000000017 72000
1695673696522 -0.22700000000000017 76000
1695673782532 -0.22700000000000017 80000
1695673861021 -0.22700000000000017 84000
1695673945970 -0.22700000000000017 88000
1695674026308 -0.22700000000000017 92000
1695674106758 -0.22700000000000017 96000
1695674188500 -0.22700000000000017 100000
1695674272906 -0.22700000000000017 104000
1695674360511 -0.22700000000000017 108000
1695674442908 -0.22700000000000017 112000
1695674524826 -0.22700000000000017 116000
1695674604745 -0.22700000000000017 120000
1695674686275 -0.22700000000000017 124000
1695674760953 -0.22700000000000017 128000
1695674835817 -0.22700000000000017 132000
1695674905939 -0.22700000000000017 136000
1695674983856 -0.22700000000000017 140000
1695675057391 -0.22700000000000017 144000
1695675130737 -0.19700000000000015 148000
1695675201029 -0.19700000000000015 152000
1695675272621 -0.19700000000000015 156000
1695675343547 -0.1420000000000001 160000
1695675414021 -0.1420000000000001 164000
1695675488846 -0.15500000000000055 168000
1695675564953 -0.15500000000000055 172000
1695675636505 -0.15500000000000055 176000
1695675707630 0.37975862337357735 180000
1695675779469 -0.12240979572788512 184000
1695675846334 0.8744531249999999 188000
1695675912963 -0.6380000000000005 192000
1695675979082 1.381640625 196000
1695676044728 1.4559843749999999 200000
1695676110956 1.482125 204000
1695676191564 1.475796875 208000
1695676270229 1.48353125 212000
1695676339833 1.4843437499999999 216000
1695676408497 1.4829375 220000
1695676480538 1.382703125 224000
1695676555025 1.4866406250000002 228000
1695676625467 1.4870468749999999 232000
1695676703949 1.0496249999999998 236000
1695676788183 1.368283605000003 240000
1695676877968 1.4803125000000001 244000
1695676967059 1.485640625 248000
1695677042654 1.485234375 252000
1695677114840 1.47890625 256000
1695677195452 1.459546875 260000
1695677276788 1.486046875 264000
1695677358177 1.486046875 268000
1695677440004 -0.2800000000000002 272000
1695677527155 1.485640625 276000
