1695731491870 -0.003 244000
1695731555245 -0.006 248000
1695731626893 -0.024000000000000004 252000
1695731693890 -0.024000000000000004 256000
1695731770323 -0.07350000000000004 260000
1695731847752 -0.17100000000000012 264000
1695731929200 -0.17100000000000012 268000
1695732007432 -0.003 272000
1695732085496 -0.4965000000000004 276000
1695732161513 -0.21300000000000016 280000
1695732229742 -0.18100000000000055 284000
1695732296171 -0.18100000000000055 288000
1695732365281 -0.05400000000000003 292000
1695732431630 -0.07800000000000004 296000
1695732499199 -0.17550000000000013 300000
1695732565083 -0.05550000000000003 304000
1695732635347 -0.1365000000000001 308000
1695732702967 -0.05850000000000003 312000
1695732772293 -0.21450000000000016 316000
1695732841485 -0.040500000000000015 320000
1695732910147 -0.042000000000000016 324000
1695732988610 -0.042000000000000016 328000
1695733057670 -0.0195 332000
1695733127126 -0.028500000000000008 336000
1695733197105 0.482 340000
1695733266820 -0.021 344000
1695733337623 -0.010499999999999999 348000
1695733406171 -0.016499999999999997 352000
1695733475003 -0.013499999999999998 356000
1695733547066 -0.011999999999999999 360000
1695733617638 -0.07200000000000004 364000
1695733686125 -0.025500000000000005 368000
1695733756111 -0.11250000000000007 372000
1695733824349 -0.07050000000000003 376000
1695733894851 -0.016499999999999997 380000
1695733964183 -0.03600000000000001 384000
1695734035182 -0.0075 388000
1695734104162 -0.022500000000000003 392000
1695734175590 -0.039000000000000014 396000
1695734244635 -0.03450000000000001 400000
1695734315659 -0.042000000000000016 404000
1695734384567 -0.006 408000
1695734453352 -0.011999999999999999 412000
1695734520639 -0.011999999999999999 416000
1695734588345 -0.0195 420000
1695734658295 -0.006 424000
1695734727962 -0.03000000000000001 428000
1695734796853 0.45499999999999996 432000
1695734870189 0.46399999999999997 436000
1695734945724 0.45799999999999996 440000
1695735017035 0.43399999999999994 444000
1695735086329 -0.0045000000000000005 448000
1695735161653 -0.07950000000000004 452000
1695735231894 -0.0045000000000000005 456000
1695735305830 0.45349999999999996 460000
1695735382080 -0.009 464000
1695735453091 0.4835 468000
1695735524321 0.011758623373577573 472000
1695735599088 0.4895 476000
1695735678595 0.491 480000
1695735759716 0.45949999999999996 484000
1695735842281 0.494 488000
1695735925707 0.4925 492000
1695736013383 0.4940006950432281 496000
1695736097230 0.497 500000
1695736173557 0.4955 504000
1695736248797 0.47 508000
1695736320522 -0.022500000000000003 512000
1695736388113 -0.0075 516000
1695736454249 -0.018 520000
1695736520580 -0.040500000000000015 524000
1695736587008 -0.020999304956771946 528000
1695736651637 -0.03750000000000001 532000
1695736716075 -0.0054097957278850155 536000
1695736779427 0.3889999999999999 540000
1695736842140 0.0 544000
1695736905336 0.4024999999999999 548000
1695736968408 0.32899999999999985 552000
1695737032103 0.46759020427114883 556000
1695737094016 -0.016499999999999997 560000
1695737157924 0.4805 564000
1695737219589 0.491 568000
1695737281906 0.473 572000
1695737344585 0.491 576000
1695737411913 0.3211432378161698 580000
1695737478202 -0.022500000000000003 584000
1695737541871 0.4895 588000
1695737604310 0.482 592000
1695737666388 -0.01499999999903383 596000
1695737728599 0.42349999999999993 600000
1695737791526 -0.051000000000000024 604000
1695737853486 0.42499999999999993 608000
1695737916172 0.42199999999999993 612000
1695737978543 0.45349999999999996 616000
1695738041187 0.19609020427211477 620000
1695738103436 1.866959243705146e-24 624000
1695738167273 0.32564323781616983 628000
1695738229944 0.35599999999999987 632000
1695738292502 -0.0195 636000
1695738354988 0.3934999999999999 640000
1695738417854 0.4715 644000
1695738479806 0.45049999999999996 648000
1695738542394 -0.006 652000
1695738605830 0.4925 656000
1695738668104 0.447 660000
1695738731656 0.46549999999999997 664000
1695738794123 0.485 668000
1695738858468 0.4835 672000
1695738921203 0.485 676000
1695738984398 0.479 680000
1695739046669 0.4715 684000
1695739110042 0.47 688000
1695739171916 0.3211432378161698 692000
1695739235444 0.42349999999999993 696000
1695739297693 0.45799999999999996 700000
1695739360501 0.46249999999999997 704000
1695739423184 0.473 708000
1695739487978 0.44899999999999995 712000
1695739550632 0.4865 716000
1695739613257 0.4805 720000
1695739675958 0.485 724000
1695739737748 0.45499999999999996 728000
1695739800434 0.46099999999999997 732000
1695739862666 0.4925 736000
1695739925811 0.485 740000
1695739987655 0.494 744000
1695740051554 -0.013499999999999998 748000
1695740114368 0.0 752000
1695740177593 -0.016499999999999997 756000
1695740240065 -0.0195 760000
1695740301930 0.43849999999999995 764000
1695740363510 -0.061500000000000034 768000
1695740426003 0.44149999999999995 772000
1695740488833 -0.05550000000000003 776000
1695740550671 -0.013499999999999998 780000
1695740613374 0.479 784000
1695740675996 -0.009 788000
1695740739755 0.4129999999999999 792000
1695740801661 -0.006 796000
1695740864924 0.43699999999999994 800000
1695740927125 0.476 804000
1695740989376 0.45649999999999996 808000
1695741052706 0.4084999999999999 812000
1695741116357 0.44149999999999995 816000
1695741179090 0.485 820000
1695741241997 -0.013499999999999998 824000
1695741305101 0.485 828000
1695741368428 0.4805 832000
1695741432666 0.4775 836000
1695741500695 0.476 840000
1695741566739 0.488 844000
1695741631683 0.4745 848000
1695741707319 0.4410006950432281 852000
1695741770158 0.423 856000
1695741834229 0.45349999999999996 860000
1695741896198 0.42799999999999994 864000
1695741958382 0.1014096328161697 868000
1695742020626 0.46099999999999997 872000
1695742083772 0.44149999999999995 876000
1695742146442 0.0 880000
1695742211558 0.4835 884000
1695742275801 0.441 888000
1695742341541 0.3211432378161698 892000
1695742413529 -0.006 896000
1695742481869 -0.0015 900000
1695742548189 -0.003 904000
1695742610657 -0.010499999999999999 908000
1695742672768 -0.0015 912000
1695742735054 -0.03600000000000001 916000
1695742798357 -0.011999999999999999 920000
1695742861456 -0.09600000000000006 924000
1695742924039 0.46699999999999997 928000
1695742986283 0.1029096328161697 932000
1695743049588 0.4745 936000
1695743111867 0.482 940000
1695743175839 -0.003 944000
1695743237804 -0.009 948000
1695743299709 -0.003 952000
1695743361905 0.45649999999999996 956000
1695743425204 0.4485 960000
1695743487683 0.4715 964000
1695743552066 -0.010499999999999999 968000
1695743614218 -0.04800000000000002 972000
1695743677409 0.3211432378161698 976000
1695743740451 0.47 980000
1695743804727 0.43549999999999994 984000
1695743866901 0.3904999999999999 988000
1695743930025 -0.027000000000000007 992000
1695743991654 0.473 996000
1695744054995 -0.35850000000000026 1000000
