1695731491869 0.8466406249999999 244000
1695731555244 0.6183593749999999 248000
1695731626892 0.6183593749999999 252000
1695731693889 0.4149999999999999 256000
1695731770323 -0.08800000000000006 260000
1695731847751 -0.08800000000000006 264000
1695731929199 0.2079999999999998 268000
1695732007431 1.0022343749999998 272000
1695732085495 0.947296875 276000
1695732161512 0.947296875 280000
1695732229741 0.8695625 284000
1695732296170 1.05025 288000
1695732365280 1.05025 292000
1695732431629 0.446 296000
1695732499198 0.8578125000000001 300000
1695732565082 1.2893125 304000
1695732635346 1.197421875 308000
1695732702966 1.3768281249999998 312000
1695732772292 0.94275 316000
1695732841484 1.37009375 320000
1695732910146 1.37009375 324000
1695732988609 0.6239375 328000
1695733057669 0.29369323781525913 332000
1695733127126 0.2252836050000434 336000
1695733197104 0.31669323781622527 340000
1695733266819 1.4065937499999999 344000
1695733337622 1.398078125 348000
1695733406170 1.388015625 352000
1695733475002 0.9302656249999999 356000
1695733547066 1.35659375 360000
1695733617637 1.446671875 364000
1695733686124 1.44415625 368000
1695733756110 1.3991875 372000
1695733824348 1.421578125 376000
1695733894850 1.425796875 380000
1695733964182 1.416359375 384000
1695734035181 1.38915625 388000
1695734104161 1.417765625 392000
1695734175589 1.379765625 396000
1695734244634 1.460734375 400000
1695734315658 1.468359375 404000
1695734384566 0.96384375 408000
1695734453351 1.4265 412000
1695734520638 1.450515625 416000
1695734588345 1.464578125 420000
1695734658295 1.448140625 424000
1695734727961 1.390671875 428000
1695734796852 1.44778125 432000
1695734870188 1.242734375 436000
1695734945723 1.4696875 440000
1695735017034 1.438515625 444000
1695735086329 1.4206875 448000
1695735161652 1.468359375 452000
1695735231893 0.9675 456000
1695735305828 0.97009375 460000
1695735382079 1.4152500000000001 464000
1695735453090 0.953 468000
1695735524321 1.4236875 472000
1695735599087 0.97690625 476000
1695735678594 1.427203125 480000
1695735759715 1.4293125 484000
1695735842280 0.9809375 488000
1695735925706 1.47871875 492000
1695736013382 1.434234375 496000
1695736097229 1.42771875 500000
1695736173556 1.4328281250000001 504000
1695736248796 1.43353125 508000
1695736320521 1.479609375 512000
1695736388112 1.481015625 516000
1695736454248 1.434234375 520000
1695736520579 1.434234375 524000
1695736587008 0.9680625 528000
1695736651636 1.471984375 532000
1695736716075 0.987046875 536000
1695736779427 1.43353125 540000
1695736842140 0.852 544000
1695736905335 1.4807187499999999 548000
1695736968407 0.982125 552000
1695737032102 0.980015625 556000
1695737094016 1.4739843750000001 560000
1695737157923 0.97171875 564000
1695737219588 0.97228125 568000
1695737281905 1.41946875 572000
1695737344584 0.9819375 576000
1695737411912 0.970171875 580000
1695737478201 1.42409375 584000
1695737541870 1.419171875 588000
1695737604309 0.981421875 592000
1695737666388 1.4255 596000
1695737728599 0.9765 600000
1695737791525 1.4773125 604000
1695737853485 0.5114374999999998 608000
1695737916171 1.4782031249999998 612000
1695737978542 1.3905625 616000
1695738041186 0.941953125 620000
1695738103435 1.470875 624000
1695738167272 1.437046875 628000
1695738229943 1.43634375 632000
1695738292501 1.435640625 636000
1695738354987 1.424390625 640000
1695738417853 1.418765625 644000
1695738479805 1.416171875 648000
1695738542393 1.4636875 652000
1695738605829 0.985640625 656000
1695738668103 1.43534375 660000
1695738731655 1.471171875 664000
1695738794122 1.417796875 668000
1695738858467 1.4736875 672000
1695738921202 1.4308281250000001 676000
1695738984397 1.472203125 680000
1695739046668 1.4520625 684000
1695739110042 0.984234375 688000
1695739171915 0.968609375 692000
1695739235443 0.984234375 696000
1695739297692 0.984234375 700000
1695739360500 0.984234375 704000
1695739423183 0.940640625 708000
1695739487977 0.985640625 712000
1695739550631 0.98775 716000
1695739613257 1.386421875 720000
1695739675957 0.98253125 724000
1695739737748 0.987046875 728000
1695739800434 1.4656562499999999 732000
1695739862665 0.988453125 736000
1695739925810 0.970171875 740000
1695739987655 1.32569323781619 744000
1695740051553 1.3585156250000001 748000
1695740114368 0.979015625 752000
1695740177592 0.841 756000
1695740240064 1.475390625 760000
1695740301929 0.98353125 764000
1695740363509 1.422984375 768000
1695740426002 0.6679999999999998 772000
1695740488832 1.485234375 776000
1695740550670 0.9796932378162259 780000
1695740613373 1.099693237816215 784000
1695740675995 1.42128125 788000
1695740739754 0.981828125 792000
1695740801660 0.020999999999999575 796000
1695740864923 1.483125 800000
1695740927124 1.4832343749999999 804000
1695740989375 0.97790625 808000
1695741052705 0.97509375 812000
1695741116357 0.984234375 816000
1695741179090 0.978609375 820000
1695741241996 0.984234375 824000
1695741305100 0.974390625 828000
1695741368427 0.984234375 832000
1695741432666 1.4832343749999999 836000
1695741500694 0.964546875 840000
1695741566738 0.46799999999999997 844000
1695741631682 1.4782031249999998 848000
1695741707318 0.98634375 852000
1695741770158 0.982828125 856000
1695741834228 0.9793125 860000
1695741896197 0.6305625 864000
1695741958382 0.98253125 868000
1695742020625 1.346015625 872000
1695742083771 0.984234375 876000
1695742146441 0.982828125 880000
1695742211557 1.419171875 884000
1695742275800 1.45503125 888000
1695742341540 0.985640625 892000
1695742413527 1.4782031249999998 896000
1695742481868 0.978609375 900000
1695742548189 1.4773125 904000
1695742610656 1.252609375 908000
1695742672767 1.409125 912000
1695742735054 0.982125 916000
1695742798356 1.4732812499999999 920000
1695742861455 1.4680625 924000
1695742924039 1.4828281250000002 928000
1695742986282 1.480421875 932000
1695743049587 0.97409375 936000
1695743111866 1.482125 940000
1695743175838 0.975796875 944000
1695743237803 0.32999999999999985 948000
1695743299708 0.980015625 952000
1695743361904 0.984234375 956000
1695743425204 0.5984531249999997 960000
1695743487682 0.977203125 964000
1695743552065 1.43071875 968000
1695743614218 1.297171875 972000
1695743677408 0.4139999999999999 976000
1695743740450 0.98775 980000
1695743804726 1.4328281250000001 984000
1695743866900 0.98071875 988000
1695743930025 0.980015625 992000
1695743991653 1.483828125 996000
1695744054995 0.97690625 1000000
