1695731492067 0.5 244000
1695731555443 0.5 248000
1695731627066 0.5 252000
1695731694083 0.5 256000
1695731770533 0.5 260000
1695731847977 0.5 264000
1695731929414 0.5 268000
1695732007647 0.5 272000
1695732085744 0.5 276000
1695732161685 0.5 280000
1695732229921 0.5 284000
1695732296355 0.5 288000
1695732365469 0.5 292000
1695732431800 0.5 296000
1695732499377 0.5 300000
1695732565275 0.5 304000
1695732635551 0.5 308000
1695732703164 0.5 312000
1695732772479 0.5 316000
1695732841664 0.5 320000
1695732910321 0.5 324000
1695732988798 0.5 328000
1695733057859 0.5 332000
1695733127302 0.5 336000
1695733197298 0.5 340000
1695733267014 0.5 344000
1695733337851 0.5 348000
1695733406351 0.5 352000
1695733475192 0.5 356000
1695733547263 0.5 360000
1695733617823 0.5 364000
1695733686323 0.5 368000
1695733756293 0.5 372000
1695733824524 0.5 376000
1695733895038 0.5 380000
1695733964360 0.5 384000
1695734035380 0.5 388000
1695734104341 0.5 392000
1695734175771 0.5 396000
1695734244820 0.5 400000
1695734315845 0.5 404000
1695734384764 0.5 408000
1695734453529 0.5 412000
1695734520820 0.5 416000
1695734588527 0.5 420000
1695734658481 0.5 424000
1695734728145 0.5 428000
1695734797027 0.5 432000
1695734870413 0.5 436000
1695734945913 0.5 440000
1695735017236 0.5 444000
1695735086512 0.5 448000
1695735161838 0.5 452000
1695735232077 0.5 456000
1695735306032 0.5 460000
1695735382303 0.5 464000
1695735453281 0.5 468000
1695735524495 0.5 472000
1695735599296 0.5 476000
1695735678802 0.5 480000
1695735759924 0.5 484000
1695735842489 0.5 488000
1695735925931 0.5 492000
1695736013599 0.5 496000
1695736097440 0.5 500000
1695736173755 0.5 504000
1695736249047 0.5 508000
1695736320740 0.5 512000
1695736388282 0.5 516000
1695736454418 0.5 520000
1695736520746 0.5 524000
1695736587178 0.5 528000
1695736651815 0.5 532000
1695736716242 0.5 536000
1695736779594 0.5 540000
1695736842310 0.5 544000
1695736905514 0.5 548000
1695736968572 0.5 552000
1695737032275 0.5 556000
1695737094182 0.5 560000
1695737158090 0.5 564000
1695737219765 0.5 568000
1695737282091 0.5 572000
1695737344758 0.5 576000
1695737412099 0.5 580000
1695737478372 0.5 584000
1695737542042 0.5 588000
1695737604478 0.5 592000
1695737666563 0.5 596000
1695737728771 0.5 600000
1695737791694 0.5 604000
1695737853649 0.5 608000
1695737916338 0.5 612000
1695737978719 0.5 616000
1695738041354 0.5 620000
1695738103617 0.5 624000
1695738167439 0.5 628000
1695738230116 0.5 632000
1695738292669 0.5 636000
1695738355162 0.5 640000
1695738418017 0.5 644000
1695738479974 0.5 648000
1695738542564 0.5 652000
1695738605997 0.5 656000
1695738668270 0.5 660000
1695738731822 0.5 664000
1695738794293 0.5 668000
1695738858637 0.5 672000
1695738921376 0.5 676000
1695738984601 0.5 680000
1695739046832 0.5 684000
1695739110206 0.5 688000
1695739172083 0.5 692000
1695739235610 0.5 696000
1695739297858 0.5 700000
1695739360675 0.5 704000
1695739423366 0.5 708000
1695739488146 0.5 712000
1695739550800 0.5 716000
1695739613437 0.5 720000
1695739676133 0.5 724000
1695739737919 0.5 728000
1695739800608 0.5 732000
1695739862842 0.5 736000
1695739925985 0.5 740000
1695739987829 0.5 744000
1695740051725 0.5 748000
1695740114546 0.5 752000
1695740177758 0.5 756000
1695740240231 0.5 760000
1695740302104 0.5 764000
1695740363688 0.5 768000
1695740426167 0.5 772000
1695740489002 0.5 776000
1695740550838 0.5 780000
1695740613540 0.5 784000
1695740676163 0.5 788000
1695740739922 0.5 792000
1695740801831 0.5 796000
1695740865089 0.5 800000
1695740927314 0.5 804000
1695740989541 0.5 808000
1695741052879 0.5 812000
1695741116522 0.5 816000
1695741179257 0.5 820000
1695741242174 0.5 824000
1695741305274 0.5 828000
1695741368597 0.5 832000
1695741432842 0.5 836000
1695741500878 0.5 840000
1695741566913 0.5 844000
1695741631867 0.5 848000
1695741707512 0.5 852000
1695741770325 0.5 856000
1695741834407 0.5 860000
1695741896412 0.5 864000
1695741958549 0.5 868000
1695742020798 0.5 872000
1695742083953 0.5 876000
1695742146613 0.5 880000
1695742211733 0.5 884000
1695742275974 0.5 888000
1695742341716 0.5 892000
1695742413760 0.5 896000
1695742482055 0.5 900000
1695742548358 0.5 904000
1695742610824 0.5 908000
1695742672932 0.5 912000
1695742735223 0.5 916000
1695742798534 0.5 920000
1695742861627 0.5 924000
1695742924221 0.5 928000
1695742986454 0.5 932000
1695743049754 0.5 936000
1695743112041 0.5 940000
1695743176010 0.5 944000
1695743237970 0.5 948000
1695743299879 0.5 952000
1695743362084 0.5 956000
1695743425372 0.5 960000
1695743487848 0.5 964000
1695743552232 0.5 968000
1695743614387 0.5 972000
1695743677569 0.5 976000
1695743740621 0.5 980000
1695743804897 0.5 984000
1695743867081 0.5 988000
1695743930189 0.5 992000
1695743991824 0.5 996000
1695744055160 0.5 1000000
