1695731492065 0.5 244000
1695731555441 0.5 248000
1695731627064 0.5 252000
1695731694081 0.5 256000
1695731770532 0.5 260000
1695731847975 0.5 264000
1695731929412 0.5 268000
1695732007646 0.5 272000
1695732085742 0.5 276000
1695732161683 0.5 280000
1695732229919 0.5 284000
1695732296353 0.5 288000
1695732365467 0.5 292000
1695732431799 0.5 296000
1695732499376 0.5 300000
1695732565274 0.5 304000
1695732635549 0.5 308000
1695732703162 0.5 312000
1695732772478 0.5 316000
1695732841663 0.5 320000
1695732910320 0.5 324000
1695732988797 0.5 328000
1695733057857 0.5 332000
1695733127300 0.5 336000
1695733197296 0.5 340000
1695733267012 0.5 344000
1695733337849 0.5 348000
1695733406349 0.5 352000
1695733475190 0.5 356000
1695733547262 0.5 360000
1695733617821 0.5 364000
1695733686321 0.5 368000
1695733756292 0.5 372000
1695733824522 0.5 376000
1695733895036 0.5 380000
1695733964358 0.5 384000
1695734035378 0.5 388000
1695734104339 0.5 392000
1695734175769 0.5 396000
1695734244819 0.5 400000
1695734315843 0.5 404000
1695734384762 0.5 408000
1695734453528 0.5 412000
1695734520818 0.5 416000
1695734588525 0.5 420000
1695734658479 0.5 424000
1695734728144 0.5 428000
1695734797025 0.5 432000
1695734870411 0.5 436000
1695734945912 0.5 440000
1695735017234 0.5 444000
1695735086511 0.5 448000
1695735161836 0.5 452000
1695735232076 0.5 456000
1695735306031 0.5 460000
1695735382301 0.5 464000
1695735453279 0.5 468000
1695735524494 0.5 472000
1695735599294 0.5 476000
1695735678801 0.5 480000
1695735759922 0.5 484000
1695735842487 0.5 488000
1695735925929 0.5 492000
1695736013597 0.5 496000
1695736097438 0.5 500000
1695736173753 0.5 504000
1695736249045 0.5 508000
1695736320739 0.5 512000
1695736388280 0.5 516000
1695736454417 0.5 520000
1695736520745 0.5 524000
1695736587177 0.5 528000
1695736651814 0.5 532000
1695736716241 0.5 536000
1695736779593 0.5 540000
1695736842309 0.5 544000
1695736905513 0.5 548000
1695736968570 0.5 552000
1695737032273 0.5 556000
1695737094181 0.5 560000
1695737158089 0.5 564000
1695737219763 0.5 568000
1695737282089 0.5 572000
1695737344756 0.5 576000
1695737412098 0.5 580000
1695737478370 0.5 584000
1695737542040 0.5 588000
1695737604477 0.5 592000
1695737666561 0.5 596000
1695737728769 0.5 600000
1695737791693 0.5 604000
1695737853648 0.5 608000
1695737916337 0.5 612000
1695737978717 0.5 616000
1695738041353 0.5 620000
1695738103616 0.5 624000
1695738167438 0.5 628000
1695738230115 0.5 632000
1695738292668 0.5 636000
1695738355160 0.5 640000
1695738418015 0.5 644000
1695738479972 0.5 648000
1695738542562 0.5 652000
1695738605996 0.5 656000
1695738668269 0.5 660000
1695738731820 0.5 664000
1695738794291 0.5 668000
1695738858636 0.5 672000
1695738921375 0.5 676000
1695738984599 0.5 680000
1695739046831 0.5 684000
1695739110204 0.5 688000
1695739172082 0.5 692000
1695739235608 0.5 696000
1695739297856 0.5 700000
1695739360673 0.5 704000
1695739423364 0.5 708000
1695739488145 0.5 712000
1695739550798 0.5 716000
1695739613435 0.5 720000
1695739676131 0.5 724000
1695739737918 0.5 728000
1695739800606 0.5 732000
1695739862840 0.5 736000
1695739925983 0.5 740000
1695739987827 0.5 744000
1695740051724 0.5 748000
1695740114544 0.5 752000
1695740177757 0.5 756000
1695740240229 0.5 760000
1695740302102 0.5 764000
1695740363687 0.5 768000
1695740426165 0.5 772000
1695740489001 0.5 776000
1695740550836 0.5 780000
1695740613538 0.5 784000
1695740676162 0.5 788000
1695740739920 0.5 792000
1695740801829 0.5 796000
1695740865088 0.5 800000
1695740927312 0.5 804000
1695740989539 0.5 808000
1695741052877 0.5 812000
1695741116520 0.5 816000
1695741179255 0.5 820000
1695741242173 0.5 824000
1695741305272 0.5 828000
1695741368595 0.5 832000
1695741432840 0.5 836000
1695741500877 0.5 840000
1695741566911 0.5 844000
1695741631866 0.5 848000
1695741707510 0.5 852000
1695741770323 0.5 856000
1695741834405 0.5 860000
1695741896410 0.5 864000
1695741958547 0.5 868000
1695742020796 0.5 872000
1695742083952 0.5 876000
1695742146611 0.5 880000
1695742211732 0.5 884000
1695742275973 0.5 888000
1695742341714 0.5 892000
1695742413758 0.5 896000
1695742482054 0.5 900000
1695742548357 0.5 904000
1695742610822 0.5 908000
1695742672931 0.5 912000
1695742735222 0.5 916000
1695742798532 0.5 920000
1695742861626 0.5 924000
1695742924219 0.5 928000
1695742986452 0.5 932000
1695743049753 0.5 936000
1695743112040 0.5 940000
1695743176008 0.5 944000
1695743237968 0.5 948000
1695743299878 0.5 952000
1695743362081 0.5 956000
1695743425370 0.5 960000
1695743487846 0.5 964000
1695743552231 0.5 968000
1695743614385 0.5 972000
1695743677568 0.5 976000
1695743740619 0.5 980000
1695743804895 0.5 984000
1695743867079 0.5 988000
1695743930188 0.5 992000
1695743991823 0.5 996000
1695744055158 0.5 1000000
