1695731492067 0.001 244000
1695731555444 0.001 248000
1695731627067 0.001 252000
1695731694084 0.001 256000
1695731770534 0.001 260000
1695731847978 0.001 264000
1695731929415 0.001 268000
1695732007648 0.001 272000
1695732085745 0.001 276000
1695732161686 0.001 280000
1695732229922 0.001 284000
1695732296356 0.001 288000
1695732365470 0.001 292000
1695732431801 0.001 296000
1695732499378 0.001 300000
1695732565276 0.001 304000
1695732635551 0.001 308000
1695732703165 0.001 312000
1695732772480 0.001 316000
1695732841665 0.001 320000
1695732910322 0.001 324000
1695732988799 0.001 328000
1695733057859 0.001 332000
1695733127302 0.001 336000
1695733197298 0.001 340000
1695733267015 0.001 344000
1695733337852 0.001 348000
1695733406352 0.001 352000
1695733475193 0.001 356000
1695733547264 0.001 360000
1695733617824 0.001 364000
1695733686324 0.001 368000
1695733756294 0.001 372000
1695733824525 0.001 376000
1695733895038 0.001 380000
1695733964361 0.001 384000
1695734035381 0.001 388000
1695734104342 0.001 392000
1695734175772 0.001 396000
1695734244821 0.001 400000
1695734315846 0.001 404000
1695734384765 0.001 408000
1695734453530 0.001 412000
1695734520820 0.001 416000
1695734588528 0.001 420000
1695734658481 0.001 424000
1695734728146 0.001 428000
1695734797027 0.001 432000
1695734870414 0.001 436000
1695734945914 0.001 440000
1695735017237 0.001 444000
1695735086513 0.001 448000
1695735161839 0.001 452000
1695735232078 0.001 456000
1695735306033 0.001 460000
1695735382304 0.001 464000
1695735453282 0.001 468000
1695735524496 0.001 472000
1695735599296 0.001 476000
1695735678803 0.001 480000
1695735759925 0.001 484000
1695735842490 0.001 488000
1695735925932 0.001 492000
1695736013600 0.001 496000
1695736097441 0.001 500000
1695736173756 0.001 504000
1695736249048 0.001 508000
1695736320741 0.001 512000
1695736388283 0.001 516000
1695736454419 0.001 520000
1695736520747 0.001 524000
1695736587179 0.001 528000
1695736651816 0.001 532000
1695736716243 0.001 536000
1695736779595 0.001 540000
1695736842311 0.001 544000
1695736905515 0.001 548000
1695736968573 0.001 552000
1695737032276 0.001 556000
1695737094183 0.001 560000
1695737158091 0.001 564000
1695737219766 0.001 568000
1695737282092 0.001 572000
1695737344759 0.001 576000
1695737412100 0.001 580000
1695737478373 0.001 584000
1695737542042 0.001 588000
1695737604479 0.001 592000
1695737666564 0.001 596000
1695737728772 0.001 600000
1695737791695 0.001 604000
1695737853650 0.001 608000
1695737916339 0.001 612000
1695737978719 0.001 616000
1695738041355 0.001 620000
1695738103618 0.001 624000
1695738167440 0.001 628000
1695738230117 0.001 632000
1695738292670 0.001 636000
1695738355162 0.001 640000
1695738418017 0.001 644000
1695738479975 0.001 648000
1695738542565 0.001 652000
1695738605998 0.001 656000
1695738668271 0.001 660000
1695738731822 0.001 664000
1695738794293 0.001 668000
1695738858638 0.001 672000
1695738921377 0.001 676000
1695738984602 0.001 680000
1695739046833 0.001 684000
1695739110206 0.001 688000
1695739172084 0.001 692000
1695739235611 0.001 696000
1695739297858 0.001 700000
1695739360676 0.001 704000
1695739423366 0.001 708000
1695739488147 0.001 712000
1695739550801 0.001 716000
1695739613437 0.001 720000
1695739676133 0.001 724000
1695739737920 0.001 728000
1695739800609 0.001 732000
1695739862842 0.001 736000
1695739925985 0.001 740000
1695739987830 0.001 744000
1695740051726 0.001 748000
1695740114546 0.001 752000
1695740177759 0.001 756000
1695740240231 0.001 760000
1695740302105 0.001 764000
1695740363689 0.001 768000
1695740426168 0.001 772000
1695740489003 0.001 776000
1695740550839 0.001 780000
1695740613540 0.001 784000
1695740676164 0.001 788000
1695740739923 0.001 792000
1695740801831 0.001 796000
1695740865090 0.001 800000
1695740927315 0.001 804000
1695740989542 0.001 808000
1695741052879 0.001 812000
1695741116523 0.001 816000
1695741179258 0.001 820000
1695741242175 0.001 824000
1695741305275 0.001 828000
1695741368597 0.001 832000
1695741432842 0.001 836000
1695741500879 0.001 840000
1695741566913 0.001 844000
1695741631868 0.001 848000
1695741707512 0.001 852000
1695741770325 0.001 856000
1695741834408 0.001 860000
1695741896413 0.001 864000
1695741958550 0.001 868000
1695742020798 0.001 872000
1695742083954 0.001 876000
1695742146614 0.001 880000
1695742211734 0.001 884000
1695742275975 0.001 888000
1695742341716 0.001 892000
1695742413761 0.001 896000
1695742482056 0.001 900000
1695742548359 0.001 904000
1695742610824 0.001 908000
1695742672933 0.001 912000
1695742735224 0.001 916000
1695742798535 0.001 920000
1695742861628 0.001 924000
1695742924221 0.001 928000
1695742986455 0.001 932000
1695743049755 0.001 936000
1695743112042 0.001 940000
1695743176010 0.001 944000
1695743237970 0.001 948000
1695743299880 0.001 952000
1695743362084 0.001 956000
1695743425372 0.001 960000
1695743487848 0.001 964000
1695743552233 0.001 968000
1695743614388 0.001 972000
1695743677570 0.001 976000
1695743740621 0.001 980000
1695743804897 0.001 984000
1695743867082 0.001 988000
1695743930190 0.001 992000
1695743991825 0.001 996000
1695744055160 0.001 1000000
