1695731492066 0.5 244000
1695731555442 0.5 248000
1695731627065 0.5 252000
1695731694082 0.5 256000
1695731770532 0.5 260000
1695731847976 0.5 264000
1695731929413 0.5 268000
1695732007646 0.5 272000
1695732085743 0.5 276000
1695732161684 0.5 280000
1695732229920 0.5 284000
1695732296354 0.5 288000
1695732365468 0.5 292000
1695732431800 0.5 296000
1695732499376 0.5 300000
1695732565274 0.5 304000
1695732635550 0.5 308000
1695732703163 0.5 312000
1695732772478 0.5 316000
1695732841663 0.5 320000
1695732910320 0.5 324000
1695732988798 0.5 328000
1695733057858 0.5 332000
1695733127301 0.5 336000
1695733197297 0.5 340000
1695733267013 0.5 344000
1695733337850 0.5 348000
1695733406350 0.5 352000
1695733475191 0.5 356000
1695733547263 0.5 360000
1695733617822 0.5 364000
1695733686322 0.5 368000
1695733756292 0.5 372000
1695733824523 0.5 376000
1695733895037 0.5 380000
1695733964359 0.5 384000
1695734035379 0.5 388000
1695734104340 0.5 392000
1695734175770 0.5 396000
1695734244820 0.5 400000
1695734315844 0.5 404000
1695734384763 0.5 408000
1695734453528 0.5 412000
1695734520819 0.5 416000
1695734588526 0.5 420000
1695734658480 0.5 424000
1695734728145 0.5 428000
1695734797026 0.5 432000
1695734870412 0.5 436000
1695734945912 0.5 440000
1695735017235 0.5 444000
1695735086512 0.5 448000
1695735161837 0.5 452000
1695735232077 0.5 456000
1695735306031 0.5 460000
1695735382302 0.5 464000
1695735453280 0.5 468000
1695735524495 0.5 472000
1695735599295 0.5 476000
1695735678802 0.5 480000
1695735759923 0.5 484000
1695735842488 0.5 488000
1695735925930 0.5 492000
1695736013598 0.5 496000
1695736097439 0.5 500000
1695736173754 0.5 504000
1695736249046 0.5 508000
1695736320740 0.5 512000
1695736388281 0.5 516000
1695736454417 0.5 520000
1695736520745 0.5 524000
1695736587177 0.5 528000
1695736651814 0.5 532000
1695736716242 0.5 536000
1695736779593 0.5 540000
1695736842310 0.5 544000
1695736905514 0.5 548000
1695736968571 0.5 552000
1695737032274 0.5 556000
1695737094181 0.5 560000
1695737158089 0.5 564000
1695737219764 0.5 568000
1695737282090 0.5 572000
1695737344757 0.5 576000
1695737412099 0.5 580000
1695737478371 0.5 584000
1695737542041 0.5 588000
1695737604477 0.5 592000
1695737666562 0.5 596000
1695737728770 0.5 600000
1695737791694 0.5 604000
1695737853648 0.5 608000
1695737916337 0.5 612000
1695737978718 0.5 616000
1695738041354 0.5 620000
1695738103616 0.5 624000
1695738167438 0.5 628000
1695738230116 0.5 632000
1695738292668 0.5 636000
1695738355161 0.5 640000
1695738418016 0.5 644000
1695738479973 0.5 648000
1695738542563 0.5 652000
1695738605996 0.5 656000
1695738668270 0.5 660000
1695738731821 0.5 664000
1695738794292 0.5 668000
1695738858637 0.5 672000
1695738921375 0.5 676000
1695738984600 0.5 680000
1695739046831 0.5 684000
1695739110205 0.5 688000
1695739172082 0.5 692000
1695739235609 0.5 696000
1695739297857 0.5 700000
1695739360674 0.5 704000
1695739423365 0.5 708000
1695739488146 0.5 712000
1695739550799 0.5 716000
1695739613436 0.5 720000
1695739676132 0.5 724000
1695739737919 0.5 728000
1695739800607 0.5 732000
1695739862841 0.5 736000
1695739925984 0.5 740000
1695739987828 0.5 744000
1695740051725 0.5 748000
1695740114545 0.5 752000
1695740177758 0.5 756000
1695740240230 0.5 760000
1695740302103 0.5 764000
1695740363688 0.5 768000
1695740426166 0.5 772000
1695740489001 0.5 776000
1695740550837 0.5 780000
1695740613539 0.5 784000
1695740676163 0.5 788000
1695740739921 0.5 792000
1695740801830 0.5 796000
1695740865088 0.5 800000
1695740927313 0.5 804000
1695740989540 0.5 808000
1695741052878 0.5 812000
1695741116521 0.5 816000
1695741179256 0.5 820000
1695741242173 0.5 824000
1695741305273 0.5 828000
1695741368596 0.5 832000
1695741432841 0.5 836000
1695741500877 0.5 840000
1695741566912 0.5 844000
1695741631867 0.5 848000
1695741707511 0.5 852000
1695741770324 0.5 856000
1695741834406 0.5 860000
1695741896411 0.5 864000
1695741958548 0.5 868000
1695742020797 0.5 872000
1695742083952 0.5 876000
1695742146612 0.5 880000
1695742211732 0.5 884000
1695742275974 0.5 888000
1695742341715 0.5 892000
1695742413759 0.5 896000
1695742482054 0.5 900000
1695742548358 0.5 904000
1695742610823 0.5 908000
1695742672932 0.5 912000
1695742735222 0.5 916000
1695742798533 0.5 920000
1695742861626 0.5 924000
1695742924219 0.5 928000
1695742986453 0.5 932000
1695743049753 0.5 936000
1695743112041 0.5 940000
1695743176009 0.5 944000
1695743237969 0.5 948000
1695743299878 0.5 952000
1695743362082 0.5 956000
1695743425371 0.5 960000
1695743487847 0.5 964000
1695743552231 0.5 968000
1695743614386 0.5 972000
1695743677569 0.5 976000
1695743740620 0.5 980000
1695743804896 0.5 984000
1695743867080 0.5 988000
1695743930188 0.5 992000
1695743991824 0.5 996000
1695744055159 0.5 1000000
