1695731491872 1.9966932378161695 244000
1695731555246 1.9966932378161695 248000
1695731626894 1.9966932378161695 252000
1695731693891 1.9966932378161695 256000
1695731770325 1.9876932378161691 260000
1695731847754 1.9636932378161682 264000
1695731929201 1.67855 268000
1695732007434 1.50869323781617 272000
1695732085498 1.67855 276000
1695732161514 1.67855 280000
1695732229743 1.5199346144425923 284000
1695732296172 1.5199346144425923 288000
1695732365282 1.50869323781617 292000
1695732431632 1.50869323781617 296000
1695732499201 1.50869323781617 300000
1695732565084 1.50869323781617 304000
1695732635349 1.50869323781617 308000
1695732702969 1.5226932378161697 312000
1695732772294 2.0041932378161698 316000
1695732841486 1.50869323781617 320000
1695732910149 1.50869323781617 324000
1695732988612 1.50869323781617 328000
1695733057671 1.50869323781617 332000
1695733127128 1.50869323781617 336000
1695733197107 1.50869323781617 340000
1695733266822 1.50869323781617 344000
1695733337625 1.50869323781617 348000
1695733406173 1.50869323781617 352000
1695733475005 1.50869323781617 356000
1695733547068 1.50869323781617 360000
1695733617640 1.50869323781617 364000
1695733686126 1.50869323781617 368000
1695733756112 1.50869323781617 372000
1695733824351 1.50869323781617 376000
1695733894852 1.50869323781617 380000
1695733964184 1.50869323781617 384000
1695734035183 1.50869323781617 388000
1695734104164 1.50869323781617 392000
1695734175592 1.50869323781617 396000
1695734244636 1.50869323781617 400000
1695734315660 1.50869323781617 404000
1695734384569 1.9909346144425923 408000
1695734453354 1.50869323781617 412000
1695734520641 1.50869323781617 416000
1695734588347 1.50869323781617 420000
1695734658297 1.50869323781617 424000
1695734727964 1.50869323781617 428000
1695734796854 1.50869323781617 432000
1695734870191 1.50869323781617 436000
1695734945726 1.50869323781617 440000
1695735017036 1.50869323781617 444000
1695735086331 1.50869323781617 448000
1695735161654 1.50869323781617 452000
1695735231895 1.68005 456000
1695735305833 2.00719323781617 460000
1695735382082 1.5571932378161697 464000
1695735453093 2.0056932378152035 468000
1695735524323 1.5586932378161698 472000
1695735599090 2.00869323781617 476000
1695735678596 1.50869323781617 480000
1695735759718 1.50869323781617 484000
1695735842283 1.6830500000000002 488000
1695735925709 1.50869323781617 492000
1695736013384 1.50869323781617 496000
1695736097232 1.50869323781617 500000
1695736173559 1.50869323781617 504000
1695736248800 1.50869323781617 508000
1695736320524 1.50869323781617 512000
1695736388114 1.50869323781617 516000
1695736454250 1.50869323781617 520000
1695736520581 1.50869323781617 524000
1695736587010 1.98469323781617 528000
1695736651638 1.50869323781617 532000
1695736716078 1.8982836050000003 536000
1695736779429 1.50869323781617 540000
1695736842142 1.50869323781617 544000
1695736905337 1.50869323781617 548000
1695736968409 2.006603033544055 552000
1695737032105 2.0071932378152035 556000
1695737094018 1.50869323781617 560000
1695737157925 1.6830500000000002 564000
1695737219591 2.0041932378161698 568000
1695737281907 1.5586932378161698 572000
1695737344586 1.8982836050000003 576000
1695737411914 2.00869323781617 580000
1695737478203 1.5586932378161698 584000
1695737541872 1.5586932378161698 588000
1695737604311 2.00869323781617 592000
1695737666390 1.5586932378161698 596000
1695737728601 1.8967836050000002 600000
1695737791527 1.50869323781617 604000
1695737853487 1.5180500000000001 608000
1695737916174 1.50869323781617 612000
1695737978544 1.50869323781617 616000
1695738041188 1.9909346144425923 620000
1695738103437 1.50869323781617 624000
1695738167275 1.5581030335440547 628000
1695738229945 1.5586925427729417 632000
1695738292503 1.50869323781617 636000
1695738354989 1.5586932378161698 640000
1695738417855 1.50869323781617 644000
1695738479807 1.50869323781617 648000
1695738542395 1.50869323781617 652000
1695738605831 2.0086925427729416 656000
1695738668105 1.5586925427729417 660000
1695738731657 1.50869323781617 664000
1695738794124 1.50869323781617 668000
1695738858469 1.50869323781617 672000
1695738921204 1.50869323781617 676000
1695738984400 1.50869323781617 680000
1695739046670 1.50869323781617 684000
1695739110044 1.9909346144425923 688000
1695739171918 2.00869323781617 692000
1695739235445 2.0086925427729416 696000
1695739297694 2.00869323781617 700000
1695739360502 2.00869323781617 704000
1695739423185 2.00869323781617 708000
1695739487979 2.008103033544055 712000
1695739550634 1.6830500000000002 716000
1695739613259 1.50869323781617 720000
1695739675960 2.0086925427729416 724000
1695739737750 1.9909346144425923 728000
1695739800436 1.50869323781617 732000
1695739862668 1.9909346144425923 736000
1695739925813 1.8982836050000003 740000
1695739987657 1.50869323781617 744000
1695740051556 1.50869323781617 748000
1695740114370 2.00869323781617 752000
1695740177594 1.50869323781617 756000
1695740240066 1.50869323781617 760000
1695740301931 2.0086925427729416 764000
1695740363511 1.50869323781617 768000
1695740426005 1.50869323781617 772000
1695740488834 1.50869323781617 776000
1695740550672 1.50869323781617 780000
1695740613375 1.50869323781617 784000
1695740675997 1.50869323781617 788000
1695740739757 2.008103033544055 792000
1695740801663 2.00869323781617 796000
1695740864925 1.50869323781617 800000
1695740927126 1.50869323781617 804000
1695740989377 2.00869323781617 808000
1695741052707 2.0086932378152036 812000
1695741116359 2.0086925427729416 816000
1695741179092 2.00869323781617 820000
1695741241998 2.0086925427729416 824000
1695741305103 2.00869323781617 828000
1695741368430 2.008103033544055 832000
1695741432668 1.50869323781617 836000
1695741500697 2.00869323781617 840000
1695741566740 1.9909346144425923 844000
1695741631685 1.50869323781617 848000
1695741707320 1.6830500000000002 852000
1695741770160 2.008103033544055 856000
1695741834231 1.6830500000000002 860000
1695741896199 2.00869323781617 864000
1695741958384 1.8982836050000003 868000
1695742020627 1.50869323781617 872000
1695742083774 2.008103033544055 876000
1695742146444 1.9909346144425923 880000
1695742211559 1.50869323781617 884000
1695742275802 1.50869323781617 888000
1695742341542 1.6830500000000002 892000
1695742413530 1.50869323781617 896000
1695742481870 2.00719323781617 900000
1695742548191 1.50869323781617 904000
1695742610659 1.50869323781617 908000
1695742672770 1.50869323781617 912000
1695742735056 2.0071925427729416 916000
1695742798358 1.50869323781617 920000
1695742861457 1.50869323781617 924000
1695742924041 1.50869323781617 928000
1695742986285 1.50869323781617 932000
1695743049590 1.6830500000000002 936000
1695743111869 1.50869323781617 940000
1695743175841 2.00719323781617 944000
1695743237805 1.50869323781617 948000
1695743299710 1.8982836050000003 952000
1695743361906 2.008103033544055 956000
1695743425206 1.50869323781617 960000
1695743487684 2.0086925427729416 964000
1695743552067 1.5586932378161698 968000
1695743614220 1.50869323781617 972000
1695743677410 1.50869323781617 976000
1695743740452 1.8982836050000003 980000
1695743804728 1.50869323781617 984000
1695743866903 2.00869323781617 988000
1695743930027 1.8982836050000003 992000
1695743991655 1.50869323781617 996000
1695744054997 2.00869323781617 1000000
