1695731491871 1.851109375 244000
1695731555246 2.5506273550000014 248000
1695731626893 2.5506273550000014 252000
1695731693891 2.5506273550000014 256000
1695731770324 2.834924230000001 260000
1695731847753 2.834924230000001 264000
1695731929201 2.6384562500000004 268000
1695732007433 2.9029971144425937 272000
1695732085497 2.9029971144425937 276000
1695732161513 2.9565874085440553 280000
1695732229742 2.987009283544055 284000
1695732296171 2.987009283544055 288000
1695732365281 2.8375179800000003 292000
1695732431631 2.97072448781617 296000
1695732499200 2.97072448781617 300000
1695732565083 2.96369323781617 304000
1695732635348 2.9799780335440547 308000
1695732702968 2.7666117300000006 312000
1695732772293 2.9706463628152044 316000
1695732841485 2.97042761281617 320000
1695732910148 2.976755042772942 324000
1695732988611 2.976755042772942 328000
1695733057670 2.97283386281617 332000
1695733127127 2.9648019177729417 336000
1695733197106 2.484489417772942 340000
1695733266821 2.96228698781617 344000
1695733337624 2.9608096144425926 348000
1695733406172 2.46028698781617 352000
1695733475004 2.877189855 356000
1695733547067 2.973942542772942 360000
1695733617639 2.9813842835440547 364000
1695733686126 2.97564636281617 368000
1695733756112 2.97534948781617 372000
1695733824350 2.986895667772942 376000
1695733894851 2.980568237815204 380000
1695733964183 2.97353698781617 384000
1695734035182 2.97845886281617 388000
1695734104163 2.98056823781617 392000
1695734175591 2.984196783544055 396000
1695734244635 2.9673217835440546 400000
1695734315659 2.977051917772942 404000
1695734384568 2.981270667772942 408000
1695734453353 2.974462408544055 412000
1695734520640 2.97986511281617 416000
1695734588346 2.96491198781617 420000
1695734658296 2.9732401128161703 424000
1695734727963 2.736880737816185 428000
1695734796854 2.47364636281617 432000
1695734870190 2.48167761281617 436000
1695734945725 2.482380737815204 440000
1695735017036 2.484306158544055 444000
1695735086330 2.8480648550000005 448000
1695735161653 2.92502136281617 452000
1695735231895 2.97283386281617 456000
1695735305832 2.488821783544055 460000
1695735382081 2.8729711050000004 464000
1695735453092 2.482380042772942 468000
1695735524322 2.9712471144425923 472000
1695735599089 2.486712408544055 476000
1695735678595 2.487415533544055 480000
1695735759717 2.485009283544055 484000
1695735842282 2.4851925427729418 488000
1695735925708 2.487415533544055 492000
1695736013384 2.487415533544055 496000
1695736097231 2.488005042772942 500000
1695736173558 2.4851932378152037 504000
1695736248799 2.4902280335440548 508000
1695736320523 2.89408386281617 512000
1695736388113 2.483083167772942 516000
1695736454250 2.97845886281617 520000
1695736520581 2.98056823781617 524000
1695736587009 2.980270667772942 528000
1695736651638 2.91799011281617 532000
1695736716077 2.982087408544055 536000
1695736779428 2.483083167772942 540000
1695736842141 2.481790533544055 544000
1695736905336 2.486009283544055 548000
1695736968408 2.482380042772942 552000
1695737032104 2.486712408544055 556000
1695737094017 2.4802713628152038 560000
1695737157925 2.486712408544055 564000
1695737219590 2.486009283544055 568000
1695737281906 2.485306158544055 572000
1695737344585 2.486712408544055 576000
1695737411914 2.665471875 580000
1695737478203 2.9608096144425926 584000
1695737541871 2.488821783544055 588000
1695737604310 2.485896362815204 592000
1695737666389 2.982677612815204 596000
1695737728600 2.486598792772942 600000
1695737791526 2.87228698781617 604000
1695737853487 2.489524908544055 608000
1695737916173 2.4824936585440547 612000
1695737978544 2.483899908544055 616000
1695738041187 2.483786292772942 620000
1695738103437 2.98549011281617 624000
1695738167274 2.6682843750000003 628000
1695738229945 2.482380042772942 632000
1695738292502 2.48097448781617 636000
1695738354989 2.488118658544055 640000
1695738417854 2.48308386281617 644000
1695738479807 2.48238073781617 648000
1695738542395 2.477978033544055 652000
1695738605831 2.47464636281617 656000
1695738668105 2.491634283544055 660000
1695738731656 2.491634283544055 664000
1695738794123 2.491634283544055 668000
1695738858468 2.490817542772942 672000
1695738921204 2.4902280335440548 676000
1695738984399 2.491634283544055 680000
1695739046670 2.491634283544055 684000
1695739110043 2.491634283544055 688000
1695739171917 2.665471875 692000
1695739235444 2.49011511281617 696000
1695739297693 2.4915206677729422 700000
1695739360501 2.4915206677729422 704000
1695739423184 2.491634283544055 708000
1695739487979 2.490818237815204 712000
1695739550633 2.48870886281617 716000
1695739613258 2.487415533544055 720000
1695739675959 2.487301917772942 724000
1695739737749 2.487415533544055 728000
1695739800435 2.48870886281617 732000
1695739862667 2.4902280335440548 736000
1695739925812 2.490931158544055 740000
1695739987656 2.488411292772942 744000
1695740051555 2.6263000000000027 748000
1695740114369 2.9537244878161717 752000
1695740177593 2.9642088628161702 756000
1695740240066 2.9791619878161697 760000
1695740301931 2.489931158544055 764000
1695740363511 2.96791198781617 768000
1695740426004 2.4902280335440548 772000
1695740488834 2.9603963628161702 776000
1695740550672 2.9823800427729417 780000
1695740613374 2.4877088628152038 784000
1695740675996 2.8748929800000007 788000
1695740739756 2.48870886281617 792000
1695740801662 2.988415533544055 796000
1695740864924 2.48800573781617 800000
1695740927126 2.487301917772942 804000
1695740989377 2.48027136281617 808000
1695741052706 2.481790533544055 812000
1695741116358 2.4902280335440548 816000
1695741179091 2.489524908544055 820000
1695741241998 2.960880042772942 824000
1695741305102 2.4901151128152037 828000
1695741368429 2.490931158544055 832000
1695741432667 2.491634283544055 836000
1695741500696 2.4915206677729422 840000
1695741566740 2.48238073781617 844000
1695741631684 2.489931158544055 848000
1695741707319 2.5432237927729417 852000
1695741770159 2.53408386281617 856000
1695741834230 2.491634283544055 860000
1695741896199 2.4902280335440548 864000
1695741958383 2.8842211050000004 868000
1695742020626 2.491634283544055 872000
1695742083773 2.49011511281617 876000
1695742146443 2.97986511281617 880000
1695742211559 2.48238073781617 884000
1695742275801 2.4902280335440548 888000
1695742341542 2.665471875 892000
1695742413529 2.9841925427729423 896000
1695742481869 2.85679923 900000
1695742548190 2.6571437500000004 904000
1695742610658 2.491634283544055 908000
1695742672769 2.5347869878161697 912000
1695742735055 2.98127136281617 916000
1695742798357 2.490818237815204 920000
1695742861457 2.9489276128161697 924000
1695742924040 2.491634283544055 928000
1695742986284 2.87929923 932000
1695743049589 2.486598792772942 936000
1695743111868 2.48800573781617 940000
1695743175840 2.9705439894425925 944000
1695743237804 2.9702471144425924 948000
1695743299710 2.8444112927729432 952000
1695743361905 2.4915206677729422 956000
1695743425205 2.486599487815204 960000
1695743487683 2.487415533544055 964000
1695743552066 2.988415533544055 968000
1695743614219 2.97634948781617 972000
1695743677409 2.665471875 976000
1695743740452 2.48730261281617 980000
1695743804727 2.483899908544055 984000
1695743866902 2.48378698781617 988000
1695743930026 2.8842211050000004 992000
1695743991655 2.4915206677729422 996000
1695744054996 2.485306158544055 1000000
