1695731491889 244000.0 244000
1695731555262 248000.0 248000
1695731626907 252000.0 252000
1695731693905 256000.0 256000
1695731770341 260000.0 260000
1695731847771 264000.0 264000
1695731929217 268000.0 268000
1695732007452 272000.0 272000
1695732085514 276000.0 276000
1695732161527 280000.0 280000
1695732229757 284000.0 284000
1695732296185 288000.0 288000
1695732365296 292000.0 292000
1695732431644 296000.0 296000
1695732499214 300000.0 300000
1695732565099 304000.0 304000
1695732635365 308000.0 308000
1695732702984 312000.0 312000
1695732772308 316000.0 316000
1695732841500 320000.0 320000
1695732910162 324000.0 324000
1695732988625 328000.0 328000
1695733057685 332000.0 332000
1695733127140 336000.0 336000
1695733197120 340000.0 340000
1695733266836 344000.0 344000
1695733337643 348000.0 348000
1695733406186 352000.0 352000
1695733475019 356000.0 356000
1695733547083 360000.0 360000
1695733617653 364000.0 364000
1695733686141 368000.0 368000
1695733756126 372000.0 372000
1695733824364 376000.0 376000
1695733894866 380000.0 380000
1695733964199 384000.0 384000
1695734035198 388000.0 388000
1695734104177 392000.0 392000
1695734175605 396000.0 396000
1695734244649 400000.0 400000
1695734315674 404000.0 404000
1695734384584 408000.0 408000
1695734453367 412000.0 412000
1695734520653 416000.0 416000
1695734588360 420000.0 420000
1695734658312 424000.0 424000
1695734727978 428000.0 428000
1695734796867 432000.0 432000
1695734870206 436000.0 436000
1695734945740 440000.0 440000
1695735017052 444000.0 444000
1695735086345 448000.0 448000
1695735161668 452000.0 452000
1695735231910 456000.0 456000
1695735305849 460000.0 460000
1695735382098 464000.0 464000
1695735453107 468000.0 468000
1695735524336 472000.0 472000
1695735599111 476000.0 476000
1695735678612 480000.0 480000
1695735759733 484000.0 484000
1695735842298 488000.0 488000
1695735925724 492000.0 492000
1695736013399 496000.0 496000
1695736097247 500000.0 500000
1695736173573 504000.0 504000
1695736248818 508000.0 508000
1695736320540 512000.0 512000
1695736388126 516000.0 516000
1695736454263 520000.0 520000
1695736520593 524000.0 524000
1695736587023 528000.0 528000
1695736651652 532000.0 532000
1695736716090 536000.0 536000
1695736779441 540000.0 540000
1695736842155 544000.0 544000
1695736905351 548000.0 548000
1695736968421 552000.0 552000
1695737032118 556000.0 556000
1695737094030 560000.0 560000
1695737157938 564000.0 564000
1695737219604 568000.0 568000
1695737281919 572000.0 572000
1695737344600 576000.0 576000
1695737411929 580000.0 580000
1695737478216 584000.0 584000
1695737541884 588000.0 588000
1695737604323 592000.0 592000
1695737666403 596000.0 596000
1695737728615 600000.0 600000
1695737791539 604000.0 604000
1695737853499 608000.0 608000
1695737916187 612000.0 612000
1695737978556 616000.0 616000
1695738041200 620000.0 620000
1695738103450 624000.0 624000
1695738167288 628000.0 628000
1695738229958 632000.0 632000
1695738292516 636000.0 636000
1695738355003 640000.0 640000
1695738417867 644000.0 644000
1695738479819 648000.0 648000
1695738542407 652000.0 652000
1695738605844 656000.0 656000
1695738668117 660000.0 660000
1695738731669 664000.0 664000
1695738794137 668000.0 668000
1695738858481 672000.0 672000
1695738921218 676000.0 676000
1695738984417 680000.0 680000
1695739046682 684000.0 684000
1695739110056 688000.0 688000
1695739171929 692000.0 692000
1695739235458 696000.0 696000
1695739297706 700000.0 700000
1695739360514 704000.0 704000
1695739423198 708000.0 708000
1695739487992 712000.0 712000
1695739550646 716000.0 716000
1695739613271 720000.0 720000
1695739675973 724000.0 724000
1695739737763 728000.0 728000
1695739800448 732000.0 732000
1695739862681 736000.0 736000
1695739925826 740000.0 740000
1695739987669 744000.0 744000
1695740051570 748000.0 748000
1695740114382 752000.0 752000
1695740177606 756000.0 756000
1695740240078 760000.0 760000
1695740301944 764000.0 764000
1695740363525 768000.0 768000
1695740426017 772000.0 772000
1695740488847 776000.0 776000
1695740550685 780000.0 780000
1695740613387 784000.0 784000
1695740676011 788000.0 788000
1695740739769 792000.0 792000
1695740801675 796000.0 796000
1695740864938 800000.0 800000
1695740927140 804000.0 804000
1695740989390 808000.0 808000
1695741052720 812000.0 812000
1695741116371 816000.0 816000
1695741179104 820000.0 820000
1695741242012 824000.0 824000
1695741305117 828000.0 828000
1695741368442 832000.0 832000
1695741432680 836000.0 836000
1695741500710 840000.0 840000
1695741566754 844000.0 844000
1695741631700 848000.0 848000
1695741707333 852000.0 852000
1695741770172 856000.0 856000
1695741834245 860000.0 860000
1695741896216 864000.0 864000
1695741958396 868000.0 868000
1695742020640 872000.0 872000
1695742083787 876000.0 876000
1695742146456 880000.0 880000
1695742211573 884000.0 884000
1695742275815 888000.0 888000
1695742341556 892000.0 892000
1695742413546 896000.0 896000
1695742481885 900000.0 900000
1695742548204 904000.0 904000
1695742610672 908000.0 908000
1695742672783 912000.0 912000
1695742735068 916000.0 916000
1695742798372 920000.0 920000
1695742861471 924000.0 924000
1695742924054 928000.0 928000
1695742986297 932000.0 932000
1695743049603 936000.0 936000
1695743111882 940000.0 940000
1695743175853 944000.0 944000
1695743237817 948000.0 948000
1695743299724 952000.0 952000
1695743361918 956000.0 956000
1695743425218 960000.0 960000
1695743487696 964000.0 964000
1695743552079 968000.0 968000
1695743614232 972000.0 972000
1695743677422 976000.0 976000
1695743740465 980000.0 980000
1695743804741 984000.0 984000
1695743866916 988000.0 988000
1695743930039 992000.0 992000
1695743991668 996000.0 996000
1695744055008 1000000.0 1000000
