1695731491888 244000.0 244000
1695731555261 248000.0 248000
1695731626907 252000.0 252000
1695731693904 256000.0 256000
1695731770340 260000.0 260000
1695731847770 264000.0 264000
1695731929216 268000.0 268000
1695732007451 272000.0 272000
1695732085513 276000.0 276000
1695732161527 280000.0 280000
1695732229756 284000.0 284000
1695732296184 288000.0 288000
1695732365296 292000.0 292000
1695732431643 296000.0 296000
1695732499213 300000.0 300000
1695732565098 304000.0 304000
1695732635365 308000.0 308000
1695732702983 312000.0 312000
1695732772307 316000.0 316000
1695732841499 320000.0 320000
1695732910161 324000.0 324000
1695732988624 328000.0 328000
1695733057685 332000.0 332000
1695733127139 336000.0 336000
1695733197119 340000.0 340000
1695733266835 344000.0 344000
1695733337642 348000.0 348000
1695733406185 352000.0 352000
1695733475018 356000.0 356000
1695733547082 360000.0 360000
1695733617652 364000.0 364000
1695733686140 368000.0 368000
1695733756126 372000.0 372000
1695733824363 376000.0 376000
1695733894865 380000.0 380000
1695733964198 384000.0 384000
1695734035197 388000.0 388000
1695734104176 392000.0 392000
1695734175605 396000.0 396000
1695734244648 400000.0 400000
1695734315673 404000.0 404000
1695734384583 408000.0 408000
1695734453366 412000.0 412000
1695734520652 416000.0 416000
1695734588360 420000.0 420000
1695734658311 424000.0 424000
1695734727977 428000.0 428000
1695734796867 432000.0 432000
1695734870205 436000.0 436000
1695734945740 440000.0 440000
1695735017051 444000.0 444000
1695735086344 448000.0 448000
1695735161667 452000.0 452000
1695735231910 456000.0 456000
1695735305848 460000.0 460000
1695735382097 464000.0 464000
1695735453106 468000.0 468000
1695735524335 472000.0 472000
1695735599110 476000.0 476000
1695735678610 480000.0 480000
1695735759733 484000.0 484000
1695735842297 488000.0 488000
1695735925723 492000.0 492000
1695736013398 496000.0 496000
1695736097246 500000.0 500000
1695736173572 504000.0 504000
1695736248817 508000.0 508000
1695736320539 512000.0 512000
1695736388126 516000.0 516000
1695736454262 520000.0 520000
1695736520593 524000.0 524000
1695736587022 528000.0 528000
1695736651652 532000.0 532000
1695736716089 536000.0 536000
1695736779440 540000.0 540000
1695736842154 544000.0 544000
1695736905350 548000.0 548000
1695736968420 552000.0 552000
1695737032117 556000.0 556000
1695737094030 560000.0 560000
1695737157937 564000.0 564000
1695737219604 568000.0 568000
1695737281918 572000.0 572000
1695737344599 576000.0 576000
1695737411928 580000.0 580000
1695737478215 584000.0 584000
1695737541883 588000.0 588000
1695737604322 592000.0 592000
1695737666402 596000.0 596000
1695737728614 600000.0 600000
1695737791539 604000.0 604000
1695737853499 608000.0 608000
1695737916186 612000.0 612000
1695737978555 616000.0 616000
1695738041200 620000.0 620000
1695738103449 624000.0 624000
1695738167287 628000.0 628000
1695738229957 632000.0 632000
1695738292515 636000.0 636000
1695738355002 640000.0 640000
1695738417866 644000.0 644000
1695738479819 648000.0 648000
1695738542407 652000.0 652000
1695738605843 656000.0 656000
1695738668116 660000.0 660000
1695738731668 664000.0 664000
1695738794136 668000.0 668000
1695738858481 672000.0 672000
1695738921217 676000.0 676000
1695738984416 680000.0 680000
1695739046681 684000.0 684000
1695739110056 688000.0 688000
1695739171929 692000.0 692000
1695739235457 696000.0 696000
1695739297705 700000.0 700000
1695739360513 704000.0 704000
1695739423197 708000.0 708000
1695739487991 712000.0 712000
1695739550645 716000.0 716000
1695739613270 720000.0 720000
1695739675972 724000.0 724000
1695739737762 728000.0 728000
1695739800448 732000.0 732000
1695739862680 736000.0 736000
1695739925825 740000.0 740000
1695739987668 744000.0 744000
1695740051569 748000.0 748000
1695740114381 752000.0 752000
1695740177606 756000.0 756000
1695740240077 760000.0 760000
1695740301943 764000.0 764000
1695740363524 768000.0 768000
1695740426017 772000.0 772000
1695740488846 776000.0 776000
1695740550684 780000.0 780000
1695740613386 784000.0 784000
1695740676010 788000.0 788000
1695740739769 792000.0 792000
1695740801674 796000.0 796000
1695740864937 800000.0 800000
1695740927139 804000.0 804000
1695740989389 808000.0 808000
1695741052719 812000.0 812000
1695741116370 816000.0 816000
1695741179103 820000.0 820000
1695741242012 824000.0 824000
1695741305116 828000.0 828000
1695741368442 832000.0 832000
1695741432679 836000.0 836000
1695741500710 840000.0 840000
1695741566753 844000.0 844000
1695741631699 848000.0 848000
1695741707333 852000.0 852000
1695741770171 856000.0 856000
1695741834244 860000.0 860000
1695741896216 864000.0 864000
1695741958395 868000.0 868000
1695742020640 872000.0 872000
1695742083786 876000.0 876000
1695742146455 880000.0 880000
1695742211572 884000.0 884000
1695742275814 888000.0 888000
1695742341555 892000.0 892000
1695742413545 896000.0 896000
1695742481884 900000.0 900000
1695742548203 904000.0 904000
1695742610671 908000.0 908000
1695742672782 912000.0 912000
1695742735067 916000.0 916000
1695742798371 920000.0 920000
1695742861470 924000.0 924000
1695742924054 928000.0 928000
1695742986296 932000.0 932000
1695743049602 936000.0 936000
1695743111881 940000.0 940000
1695743175852 944000.0 944000
1695743237817 948000.0 948000
1695743299723 952000.0 952000
1695743361917 956000.0 956000
1695743425217 960000.0 960000
1695743487695 964000.0 964000
1695743552078 968000.0 968000
1695743614231 972000.0 972000
1695743677421 976000.0 976000
1695743740465 980000.0 980000
1695743804740 984000.0 984000
1695743866915 988000.0 988000
1695743930038 992000.0 992000
1695743991667 996000.0 996000
1695744055007 1000000.0 1000000
