1695672393839 4000.0 4000
1695672462547 8000.0 8000
1695672529057 12000.0 12000
1695672599882 16000.0 16000
1695672672161 20000.0 20000
1695672745107 24000.0 24000
1695672809498 28000.0 28000
1695672873847 32000.0 32000
1695672940530 36000.0 36000
1695673005069 40000.0 40000
1695673074100 44000.0 44000
1695673141044 48000.0 48000
1695673218335 52000.0 52000
1695673294583 56000.0 56000
1695673372311 60000.0 60000
1695673449525 64000.0 64000
1695673533405 68000.0 68000
1695673613634 72000.0 72000
1695673696409 76000.0 76000
1695673782419 80000.0 80000
1695673860909 84000.0 84000
1695673945863 88000.0 88000
1695674026195 92000.0 92000
1695674106646 96000.0 96000
1695674188389 100000.0 100000
1695674272777 104000.0 104000
1695674360397 108000.0 108000
1695674442768 112000.0 112000
1695674524714 116000.0 116000
1695674604635 120000.0 120000
1695674686163 124000.0 124000
1695674760834 128000.0 128000
1695674835719 132000.0 132000
1695674905832 136000.0 136000
1695674983759 140000.0 140000
1695675057296 144000.0 144000
1695675130626 148000.0 148000
1695675200933 152000.0 152000
1695675272530 156000.0 156000
1695675343453 160000.0 160000
1695675413934 164000.0 164000
1695675488706 168000.0 168000
1695675564859 172000.0 172000
1695675636407 176000.0 176000
1695675707538 180000.0 180000
1695675779373 184000.0 184000
1695675846251 188000.0 188000
1695675912877 192000.0 192000
1695675978988 196000.0 196000
1695676044641 200000.0 200000
1695676110867 204000.0 204000
1695676191462 208000.0 208000
1695676270139 212000.0 212000
1695676339739 216000.0 216000
1695676408406 220000.0 220000
1695676480447 224000.0 224000
1695676554923 228000.0 228000
1695676625373 232000.0 232000
1695676703848 236000.0 236000
1695676788080 240000.0 240000
1695676877837 244000.0 244000
1695676966913 248000.0 248000
1695677042559 252000.0 252000
1695677114744 256000.0 256000
1695677195345 260000.0 260000
1695677276683 264000.0 264000
1695677358073 268000.0 268000
1695677439887 272000.0 272000
1695677527059 276000.0 276000
