1695672393838 4000.0 4000
1695672462546 8000.0 8000
1695672529056 12000.0 12000
1695672599881 16000.0 16000
1695672672160 20000.0 20000
1695672745106 24000.0 24000
1695672809498 28000.0 28000
1695672873847 32000.0 32000
1695672940530 36000.0 36000
1695673005068 40000.0 40000
1695673074100 44000.0 44000
1695673141043 48000.0 48000
1695673218335 52000.0 52000
1695673294581 56000.0 56000
1695673372311 60000.0 60000
1695673449524 64000.0 64000
1695673533404 68000.0 68000
1695673613633 72000.0 72000
1695673696408 76000.0 76000
1695673782419 80000.0 80000
1695673860908 84000.0 84000
1695673945862 88000.0 88000
1695674026194 92000.0 92000
1695674106645 96000.0 96000
1695674188388 100000.0 100000
1695674272776 104000.0 104000
1695674360396 108000.0 108000
1695674442767 112000.0 112000
1695674524713 116000.0 116000
1695674604634 120000.0 120000
1695674686162 124000.0 124000
1695674760833 128000.0 128000
1695674835718 132000.0 132000
1695674905832 136000.0 136000
1695674983758 140000.0 140000
1695675057295 144000.0 144000
1695675130625 148000.0 148000
1695675200932 152000.0 152000
1695675272529 156000.0 156000
1695675343452 160000.0 160000
1695675413934 164000.0 164000
1695675488705 168000.0 168000
1695675564859 172000.0 172000
1695675636406 176000.0 176000
1695675707537 180000.0 180000
1695675779372 184000.0 184000
1695675846251 188000.0 188000
1695675912876 192000.0 192000
1695675978987 196000.0 196000
1695676044640 200000.0 200000
1695676110866 204000.0 204000
1695676191461 208000.0 208000
1695676270138 212000.0 212000
1695676339738 216000.0 216000
1695676408405 220000.0 220000
1695676480446 224000.0 224000
1695676554922 228000.0 228000
1695676625372 232000.0 232000
1695676703847 236000.0 236000
1695676788079 240000.0 240000
1695676877836 244000.0 244000
1695676966912 248000.0 248000
1695677042558 252000.0 252000
1695677114743 256000.0 256000
1695677195345 260000.0 260000
1695677276682 264000.0 264000
1695677358073 268000.0 268000
1695677439886 272000.0 272000
1695677527058 276000.0 276000
