1695672393932 1.0 4000
1695672462633 1.0 8000
1695672529142 1.0 12000
1695672600017 1.0 16000
1695672672293 1.0 20000
1695672745228 1.0 24000
1695672809614 1.0 28000
1695672873961 1.0 32000
1695672940648 1.0 36000
1695673005182 1.0 40000
1695673074217 1.0 44000
1695673141159 1.0 48000
1695673218455 1.0 52000
1695673294731 1.0 56000
1695673372450 1.0 60000
1695673449672 1.0 64000
1695673533574 1.0 68000
1695673613768 1.0 72000
1695673696558 1.0 76000
1695673782570 1.0 80000
1695673861058 1.0 84000
1695673946006 1.0 88000
1695674026345 1.0 92000
1695674106796 1.0 96000
1695674188537 1.0 100000
1695674272943 1.0 104000
1695674360548 1.0 108000
1695674442955 1.0 112000
1695674524862 1.0 116000
1695674604781 1.0 120000
1695674686317 1.0 124000
1695674760999 1.0 128000
1695674835850 1.0 132000
1695674905974 1.0 136000
1695674983888 1.0 140000
1695675057422 1.0 144000
1695675130774 1.0 148000
1695675201060 1.0 152000
1695675272650 1.0 156000
1695675343580 1.0 160000
1695675414049 1.0 164000
1695675488887 1.0 168000
1695675564986 1.0 172000
1695675636537 1.0 176000
1695675707660 1.0 180000
1695675779502 1.0 184000
1695675846362 1.0 188000
1695675912991 1.0 192000
1695675979113 1.0 196000
1695676044757 1.0 200000
1695676110985 1.0 204000
1695676191598 1.0 208000
1695676270259 1.0 212000
1695676339864 1.0 216000
1695676408527 1.0 220000
1695676480570 1.0 224000
1695676555060 1.0 228000
1695676625498 1.0 232000
1695676703984 1.0 236000
1695676788217 1.0 240000
1695676878007 1.0 244000
1695676967106 1.0 248000
1695677042685 1.0 252000
1695677114872 1.0 256000
1695677195487 1.0 260000
1695677276823 1.0 264000
1695677358210 1.0 268000
1695677440040 1.0 272000
1695677527187 1.0 276000
