1695672393931 2.0 4000
1695672462632 2.0 8000
1695672529141 2.0 12000
1695672600016 2.0 16000
1695672672292 2.0 20000
1695672745227 2.0 24000
1695672809612 2.0 28000
1695672873960 2.0 32000
1695672940646 2.0 36000
1695673005181 2.0 40000
1695673074216 2.0 44000
1695673141157 2.0 48000
1695673218453 2.0 52000
1695673294729 2.0 56000
1695673372448 2.0 60000
1695673449670 2.0 64000
1695673533572 2.0 68000
1695673613766 2.0 72000
1695673696556 2.0 76000
1695673782568 2.0 80000
1695673861056 2.0 84000
1695673946004 2.0 88000
1695674026343 2.0 92000
1695674106795 2.0 96000
1695674188535 2.0 100000
1695674272942 2.0 104000
1695674360546 2.0 108000
1695674442952 2.0 112000
1695674524860 2.0 116000
1695674604779 2.0 120000
1695674686316 2.0 124000
1695674760997 2.0 128000
1695674835848 2.0 132000
1695674905972 2.0 136000
1695674983886 2.0 140000
1695675057420 2.0 144000
1695675130772 2.0 148000
1695675201058 2.0 152000
1695675272649 2.0 156000
1695675343578 2.0 160000
1695675414047 2.0 164000
1695675488885 2.0 168000
1695675564984 2.0 172000
1695675636535 2.0 176000
1695675707659 2.0 180000
1695675779500 2.0 184000
1695675846361 2.0 188000
1695675912990 2.0 192000
1695675979112 2.0 196000
1695676044756 2.0 200000
1695676110984 2.0 204000
1695676191596 2.0 208000
1695676270258 2.0 212000
1695676339862 2.0 216000
1695676408526 2.0 220000
1695676480569 2.0 224000
1695676555059 2.0 228000
1695676625496 2.0 232000
1695676703982 2.0 236000
1695676788215 2.0 240000
1695676878005 2.0 244000
1695676967104 2.0 248000
1695677042684 2.0 252000
1695677114871 2.0 256000
1695677195485 2.0 260000
1695677276821 2.0 264000
1695677358208 2.0 268000
1695677440039 2.0 272000
1695677527186 2.0 276000
