1695672393930 2.0 4000
1695672462631 2.0 8000
1695672529140 2.0 12000
1695672600015 2.0 16000
1695672672291 2.0 20000
1695672745226 2.0 24000
1695672809612 2.0 28000
1695672873959 2.0 32000
1695672940646 2.0 36000
1695673005180 2.0 40000
1695673074215 2.0 44000
1695673141157 2.0 48000
1695673218452 2.0 52000
1695673294728 2.0 56000
1695673372447 2.0 60000
1695673449670 2.0 64000
1695673533571 2.0 68000
1695673613765 2.0 72000
1695673696555 2.0 76000
1695673782567 2.0 80000
1695673861055 2.0 84000
1695673946003 2.0 88000
1695674026342 2.0 92000
1695674106794 2.0 96000
1695674188534 2.0 100000
1695674272941 2.0 104000
1695674360545 2.0 108000
1695674442951 2.0 112000
1695674524859 2.0 116000
1695674604778 2.0 120000
1695674686315 2.0 124000
1695674760996 2.0 128000
1695674835847 2.0 132000
1695674905971 2.0 136000
1695674983885 2.0 140000
1695675057419 2.0 144000
1695675130771 2.0 148000
1695675201058 2.0 152000
1695675272648 2.0 156000
1695675343577 2.0 160000
1695675414047 2.0 164000
1695675488884 2.0 168000
1695675564984 2.0 172000
1695675636534 2.0 176000
1695675707658 2.0 180000
1695675779499 2.0 184000
1695675846360 2.0 188000
1695675912989 2.0 192000
1695675979111 2.0 196000
1695676044755 2.0 200000
1695676110983 2.0 204000
1695676191595 2.0 208000
1695676270257 2.0 212000
1695676339861 2.0 216000
1695676408525 2.0 220000
1695676480568 2.0 224000
1695676555058 2.0 228000
1695676625496 2.0 232000
1695676703980 2.0 236000
1695676788214 2.0 240000
1695676878004 2.0 244000
1695676967103 2.0 248000
1695677042683 2.0 252000
1695677114870 2.0 256000
1695677195484 2.0 260000
1695677276820 2.0 264000
1695677358208 2.0 268000
1695677440038 2.0 272000
1695677527185 2.0 276000
