1695672393932 0.0 4000
1695672462633 0.0 8000
1695672529142 0.0 12000
1695672600017 0.0 16000
1695672672293 0.0 20000
1695672745227 0.0 24000
1695672809613 0.0 28000
1695672873960 0.0 32000
1695672940647 0.0 36000
1695673005181 0.0 40000
1695673074217 0.0 44000
1695673141158 0.0 48000
1695673218454 0.0 52000
1695673294730 0.0 56000
1695673372449 0.0 60000
1695673449671 0.0 64000
1695673533573 0.0 68000
1695673613767 0.0 72000
1695673696557 0.0 76000
1695673782569 0.0 80000
1695673861057 0.0 84000
1695673946005 0.0 88000
1695674026344 0.0 92000
1695674106795 0.0 96000
1695674188536 0.0 100000
1695674272943 0.0 104000
1695674360547 0.0 108000
1695674442953 0.0 112000
1695674524861 0.0 116000
1695674604780 0.0 120000
1695674686316 0.0 124000
1695674760998 0.0 128000
1695674835849 0.0 132000
1695674905973 0.0 136000
1695674983887 0.0 140000
1695675057421 0.0 144000
1695675130773 0.0 148000
1695675201059 0.0 152000
1695675272650 0.0 156000
1695675343579 0.0 160000
1695675414048 0.0 164000
1695675488886 0.0 168000
1695675564985 0.0 172000
1695675636536 0.0 176000
1695675707659 0.0 180000
1695675779501 0.0 184000
1695675846361 0.0 188000
1695675912990 0.0 192000
1695675979112 0.0 196000
1695676044756 0.0 200000
1695676110984 0.0 204000
1695676191597 0.0 208000
1695676270258 0.0 212000
1695676339863 0.0 216000
1695676408527 0.0 220000
1695676480569 0.0 224000
1695676555059 0.0 228000
1695676625497 0.0 232000
1695676703983 0.0 236000
1695676788216 0.0 240000
1695676878006 0.0 244000
1695676967105 0.0 248000
1695677042684 0.0 252000
1695677114871 0.0 256000
1695677195486 0.0 260000
1695677276822 0.0 264000
1695677358209 0.0 268000
1695677440040 0.0 272000
1695677527186 0.0 276000
