1695672599898 0.0 16000
1695672672177 0.0 20000
1695672745121 0.0 24000
1695672809512 0.0 28000
1695672873861 0.0 32000
1695672940544 0.0 36000
1695673005083 0.0 40000
1695673074114 0.0 44000
1695673141058 0.0 48000
1695673218349 0.0 52000
1695673294599 0.0 56000
1695673372328 0.0 60000
1695673449542 0.0 64000
1695673533425 0.0 68000
1695673613649 0.0 72000
1695673696427 0.0 76000
1695673782437 0.0 80000
1695673860926 0.0 84000
1695673945879 0.0 88000
1695674026211 0.0 92000
1695674106663 0.0 96000
1695674188406 0.0 100000
1695674272793 0.0 104000
1695674360415 0.0 108000
1695674442791 0.0 112000
1695674524731 0.0 116000
1695674604652 0.0 120000
1695674686180 0.0 124000
1695674760851 0.0 128000
1695674835734 0.0 132000
1695674905848 0.0 136000
1695674983773 0.0 140000
1695675057310 0.0 144000
1695675130643 0.0 148000
1695675200947 0.0 152000
1695675272545 0.0 156000
1695675343467 0.0 160000
1695675413948 0.0 164000
1695675488726 0.0 168000
1695675564874 0.0 172000
1695675636421 0.0 176000
1695675707551 0.0 180000
1695675779388 0.0 184000
1695675846264 0.0 188000
1695675912890 0.0 192000
1695675979001 0.0 196000
1695676044654 0.0 200000
1695676110881 0.0 204000
1695676191478 0.0 208000
1695676270152 0.0 212000
1695676339753 0.0 216000
1695676408420 0.0 220000
1695676480461 0.0 224000
1695676554939 0.0 228000
1695676625387 0.0 232000
1695676703865 0.0 236000
1695676788096 0.0 240000
1695676877855 0.0 244000
1695676966932 0.0 248000
1695677042573 0.0 252000
1695677114759 0.0 256000
1695677195362 0.0 260000
1695677276698 0.0 264000
1695677358090 0.0 268000
1695677439904 0.0 272000
1695677527073 0.0 276000
