1695672599895 0.8788659973192186 16000
1695672672173 0.8785311654280087 20000
1695672745118 0.8793761122211883 24000
1695672809509 0.8814074177740707 28000
1695672873858 0.8811127835401723 32000
1695672940541 0.8795022532817884 36000
1695673005080 0.8749102321975204 40000
1695673074111 0.8754115228022269 44000
1695673141055 0.8749581403253843 48000
1695673218347 0.8717407731703947 52000
1695673294596 0.8720092800531593 56000
1695673372324 0.8709319970655653 60000
1695673449538 0.8711521402182506 64000
1695673533421 0.8717636113675475 68000
1695673613646 0.8726044516634947 72000
1695673696423 0.8736748849503899 76000
1695673782433 0.8761349533886665 80000
1695673860922 0.8770371912376641 84000
1695673945876 0.880521084502676 88000
1695674026208 0.882454291844737 92000
1695674106659 0.8839414506042852 96000
1695674188402 0.8871070519297208 100000
1695674272790 0.8903158574360494 104000
1695674360411 0.8936401691398078 108000
1695674442785 0.8972377691781769 112000
1695674524727 0.8994228882350898 116000
1695674604649 0.8997141757402286 120000
1695674686176 0.9052208587451591 124000
1695674760847 0.9084653390705598 128000
1695674835730 0.9134581704726866 132000
1695674905844 0.9229778110185817 136000
1695674983770 0.9309323660990032 140000
1695675057307 0.9345362559834557 144000
1695675130639 0.9430901132440183 148000
1695675200944 0.9546288218118636 152000
1695675272542 0.9603706216854562 156000
1695675343464 0.9583454364654216 160000
1695675413945 0.9562533119374177 164000
1695675488722 0.9551906020444436 168000
1695675564871 0.9547157158921432 172000
1695675636418 0.9599132991290792 176000
1695675707549 0.9581648096634171 180000
1695675779385 0.9622015834082254 184000
1695675846261 0.9624307270217594 188000
1695675912887 0.9612538081099361 192000
1695675978998 0.9631610869914695 196000
1695676044651 0.9644837435520868 200000
1695676110878 0.9666555019737957 204000
1695676191474 0.9738592551742339 208000
1695676270149 0.9800422325173941 212000
1695676339750 0.982644106652058 216000
1695676408417 0.98534517334257 220000
1695676480458 0.9890727904017367 224000
1695676554935 0.9906792506118968 228000
1695676625384 0.9941127572937323 232000
1695676703861 0.9986859575771804 236000
1695676788093 1.0054771169958148 240000
1695676877852 1.011857066098805 244000
1695676966928 1.017738994397475 248000
1695677042570 1.022024731341994 252000
1695677114756 1.02417887685253 256000
1695677195359 1.0267666426747302 260000
1695677276695 1.031583910850651 264000
1695677358087 1.0360434846965618 268000
1695677439900 1.0399377574730326 272000
1695677527070 1.0445062149018345 276000
