1695672599896 7.734276621435524 16000
1695672672173 7.720072354051623 20000
1695672745119 7.725788652170128 24000
1695672809510 7.740185109495676 28000
1695672873859 7.73536398883684 32000
1695672940542 7.718381779478751 36000
1695673005081 7.683119571403859 40000
1695673074111 7.685892360955385 44000
1695673141056 7.679945118758541 48000
1695673218347 7.653182022635825 52000
1695673294597 7.6552090799428925 56000
1695673372325 7.644615769168457 60000
1695673449539 7.644969798348146 64000
1695673533422 7.64975268623485 68000
1695673613647 7.655885542112702 72000
1695673696424 7.662775169275565 76000
1695673782434 7.681825324139892 80000
1695673860923 7.68927621250536 84000
1695673945877 7.717777570260178 88000
1695674026208 7.733135053574966 92000
1695674106660 7.745688759837042 96000
1695674188403 7.771095592967463 100000
1695674272791 7.79582127832872 104000
1695674360412 7.8220685315441605 108000
1695674442786 7.8509143991278885 112000
1695674524728 7.867763836507871 116000
1695674604650 7.867929395420174 120000
1695674686177 7.909918766180635 124000
1695674760848 7.936482270313672 128000
1695674835731 7.975017194507457 132000
1695674905845 8.04935752482269 136000
1695674983771 8.111855715574134 140000
1695675057308 8.139060189499885 144000
1695675130640 8.203784030353791 148000
1695675200945 8.292683619421945 152000
1695675272543 8.328732046103946 156000
1695675343465 8.29927282270234 160000
1695675413946 8.269334048147892 164000
1695675488723 8.254000821268042 168000
1695675564872 8.236840002251975 172000
1695675636419 8.26908032295945 176000
1695675707549 8.230223982371804 180000
1695675779385 8.236583966377994 184000
1695675846262 8.21957371044599 188000
1695675912888 8.188881473381748 192000
1695675978999 8.168513266528384 196000
1695676044652 8.143298516288917 200000
1695676110878 8.126391631969442 204000
1695676191475 8.145133556371032 208000
1695676270150 8.1581364793424 212000
1695676339750 8.143474953230559 216000
1695676408417 8.130239811976164 220000
1695676480458 8.123553548433897 224000
1695676554936 8.102987639000654 228000
1695676625385 8.09608571903074 232000
1695676703862 8.105692923364767 236000
1695676788093 8.136680266016779 240000
1695676877853 8.154282083897673 244000
1695676966929 8.168379033797468 248000
1695677042571 8.172662296895009 252000
1695677114757 8.1641482425541 256000
1695677195360 8.161628170407441 260000
1695677276696 8.170293718816621 264000
1695677358088 8.178111772486691 268000
1695677439901 8.188940046719596 272000
1695677527071 8.198957833585505 276000
