1695672599897 0.54136735807725 16000
1695672672176 0.540667617416447 20000
1695672745120 0.5407589920736765 24000
1695672809511 0.5425477544820505 28000
1695672873860 0.5424559891743009 32000
1695672940544 0.5410008058058244 36000
1695673005083 0.5375714912924908 40000
1695673074113 0.5381057269003375 44000
1695673141057 0.5376352280243462 48000
1695673218349 0.5351927215479588 52000
1695673294598 0.5354888435601993 56000
1695673372327 0.5346486433898586 60000
1695673449541 0.534792483480587 64000
1695673533424 0.5353094119029549 68000
1695673613648 0.5359237108302761 72000
1695673696426 0.536638872853813 76000
1695673782436 0.5385634620676263 80000
1695673860925 0.539249628728908 84000
1695673945878 0.5417112506018236 88000
1695674026210 0.5431758800876693 92000
1695674106662 0.5443523796484169 96000
1695674188405 0.5466349268287269 100000
1695674272792 0.5488497394627508 104000
1695674360414 0.5511403579892299 108000
1695674442790 0.5537434168907007 112000
1695674524730 0.5553437654464016 116000
1695674604651 0.5553231887323506 120000
1695674686179 0.5592331588994283 124000
1695674760850 0.5616217111833689 128000
1695674835733 0.565303658792621 132000
1695674905847 0.572239912494025 136000
1695674983772 0.5780890216511699 140000
1695675057310 0.580779225565983 144000
1695675130642 0.5869445695453606 148000
1695675200947 0.5954186626315177 152000
1695675272544 0.6000281895919399 156000
1695675343466 0.5991367542097552 160000
1695675413947 0.5975967669053122 164000
1695675488725 0.5968205761828651 168000
1695675564873 0.596007857738482 172000
1695675636421 0.5994768367596174 176000
1695675707551 0.5975003754925173 180000
1695675779387 0.5986073904640445 184000
1695675846263 0.5971367468113865 188000
1695675912889 0.5945842424412427 192000
1695675979000 0.5931844147220185 196000
1695676044653 0.5915973729185944 200000
1695676110880 0.5905944745288055 204000
1695676191477 0.5922199490204293 208000
1695676270151 0.5934977480569971 212000
1695676339752 0.5928825030162268 216000
1695676408419 0.5923243326182943 220000
1695676480460 0.5924948586466484 224000
1695676554938 0.5915759307735727 228000
1695676625386 0.5916330947329528 232000
1695676703864 0.5926293471340283 236000
1695676788095 0.5954421509098218 240000
1695676877855 0.5974594976899086 244000
1695676966931 0.5992065619825642 248000
1695677042572 0.5999739071406692 252000
1695677114758 0.5997003754900175 256000
1695677195361 0.6000609461333928 260000
1695677276697 0.6013670685649415 264000
1695677358090 0.6025095819192814 268000
1695677439903 0.6037788711763294 272000
1695677527073 0.6050865098970544 276000
