1695672599896 0.3876147160002919 16000
1695672672175 0.3869632017558398 20000
1695672745120 0.38720314283694063 24000
1695672809510 0.38812703327836895 28000
1695672873860 0.3878365379327315 32000
1695672940543 0.38677278501039053 36000
1695673005082 0.3845759624232427 40000
1695673074112 0.384763451587151 44000
1695673141056 0.3843435682597987 48000
1695673218348 0.3827207543618268 52000
1695673294597 0.3828303207261665 56000
1695673372326 0.38217049906322353 60000
1695673449540 0.3822264316803044 64000
1695673533423 0.3825283598841609 68000
1695673613648 0.38287930454174846 72000
1695673696425 0.38332093835785014 76000
1695673782435 0.3845029120338025 80000
1695673860924 0.3849056998172713 84000
1695673945878 0.38639393402182814 88000
1695674026209 0.3873170134957598 92000
1695674106661 0.3880319515686582 96000
1695674188404 0.3894436585956156 100000
1695674272792 0.3908292054072622 104000
1695674360413 0.39226227940273106 108000
1695674442787 0.3938949349627506 112000
1695674524729 0.3948581733635978 116000
1695674604650 0.39483581328435124 120000
1695674686178 0.3971828603487001 124000
1695674760849 0.39865668290914225 128000
1695674835732 0.4007686750459138 132000
1695674905846 0.4049307425719367 136000
1695674983772 0.4084814642160428 140000
1695675057309 0.41010715804792264 144000
1695675130641 0.4138407263344831 148000
1695675200946 0.4187408819396321 152000
1695675272544 0.42095679417441656 156000
1695675343465 0.41969818676254617 160000
1695675413946 0.41841028815515474 164000
1695675488724 0.417657391373086 168000
1695675564873 0.4166761339031113 172000
1695675636420 0.4180983890916631 176000
1695675707550 0.4163952160955933 180000
1695675779386 0.41659696191072537 184000
1695675846263 0.41550507611556914 188000
1695675912889 0.41382431396101416 192000
1695675979000 0.41265358817533504 196000
1695676044653 0.4112653275214637 200000
1695676110879 0.4102807173859351 204000
1695676191476 0.410876019117774 208000
1695676270151 0.4112426118940586 212000
1695676339751 0.41049648493474555 216000
1695676408418 0.40981897178002535 220000
1695676480459 0.4095087513423844 224000
1695676554937 0.408612739193667 228000
1695676625386 0.4083568459218961 232000
1695676703863 0.40867261791179527 236000
1695676788094 0.41024264316899317 240000
1695676877854 0.4111998296495758 244000
1695676966930 0.4119927913491152 248000
1695677042571 0.41213739790226966 252000
1695677114757 0.4116872286237951 256000
1695677195360 0.411630521949639 260000
1695677276696 0.41221991052874773 264000
1695677358089 0.4127073368071485 268000
1695677439902 0.4133185549877172 272000
1695677527072 0.4139264159850647 276000
