1695731491864 2.9981456677729414 244000
1695731555238 2.9981456677729414 248000
1695731626887 2.9981456677729414 252000
1695731693884 2.9981456677729414 256000
1695731770317 2.998259283544055 260000
1695731847744 2.998259283544055 264000
1695731929193 2.9981456677729414 268000
1695732007426 2.9981456677729414 272000
1695732085489 2.9981456677729414 276000
1695732161507 2.9981456677729414 280000
1695732229736 2.998259283544055 284000
1695732296165 2.998259283544055 288000
1695732365275 2.998259283544055 292000
1695732431625 2.9981456677729414 296000
1695732499194 2.9981456677729414 300000
1695732565077 2.998259283544055 304000
1695732635340 2.998259283544055 308000
1695732702961 2.998259283544055 312000
1695732772287 2.9981456677729414 316000
1695732841479 2.9981456677729414 320000
1695732910142 2.998259283544055 324000
1695732988605 2.998259283544055 328000
1695733057664 2.998259283544055 332000
1695733127121 2.9981456677729414 336000
1695733197100 2.998259283544055 340000
1695733266814 2.9981456677729414 344000
1695733337616 2.998259283544055 348000
1695733406166 2.9981456677729414 352000
1695733474998 2.998259283544055 356000
1695733547060 2.998259283544055 360000
1695733617632 2.998259283544055 364000
1695733686119 2.998259283544055 368000
1695733756105 2.998259283544055 372000
1695733824343 2.9981456677729414 376000
1695733894845 2.9981456677729414 380000
1695733964177 2.998259283544055 384000
1695734035176 2.998259283544055 388000
1695734104156 2.9981456677729414 392000
1695734175585 2.998259283544055 396000
1695734244629 2.998259283544055 400000
1695734315653 2.9981456677729414 404000
1695734384562 2.9981456677729414 408000
1695734453346 2.998259283544055 412000
1695734520634 2.998259283544055 416000
1695734588340 2.998259283544055 420000
1695734658289 2.998259283544055 424000
1695734727957 2.998259283544055 428000
1695734796847 2.998259283544055 432000
1695734870183 2.998259283544055 436000
1695734945718 2.998259283544055 440000
1695735017029 2.998259283544055 444000
1695735086324 2.9981456677729414 448000
1695735161647 2.998259283544055 452000
1695735231888 2.998259283544055 456000
1695735305819 2.998259283544055 460000
1695735382072 2.998259283544055 464000
1695735453085 2.998259283544055 468000
1695735524316 2.998259283544055 472000
1695735599082 2.998259283544055 476000
1695735678588 2.998259283544055 480000
1695735759710 2.998259283544055 484000
1695735842274 2.998259283544055 488000
1695735925701 2.998259283544055 492000
1695736013376 2.998259283544055 496000
1695736097224 2.998259283544055 500000
1695736173551 2.998259283544055 504000
1695736248790 2.998259283544055 508000
1695736320515 2.998259283544055 512000
1695736388107 2.998259283544055 516000
1695736454244 2.998259283544055 520000
1695736520575 2.998259283544055 524000
1695736587003 2.998259283544055 528000
1695736651631 2.998259283544055 532000
1695736716070 2.998259283544055 536000
1695736779422 2.998259283544055 540000
1695736842135 2.998259283544055 544000
1695736905330 2.998259283544055 548000
1695736968403 2.998259283544055 552000
1695737032098 2.998259283544055 556000
1695737094011 2.998259283544055 560000
1695737157919 2.998259283544055 564000
1695737219584 2.998259283544055 568000
1695737281901 2.998259283544055 572000
1695737344579 2.998259283544055 576000
1695737411907 2.998259283544055 580000
1695737478197 2.998259283544055 584000
1695737541866 2.998259283544055 588000
1695737604305 2.998259283544055 592000
1695737666383 2.998259283544055 596000
1695737728594 2.998259283544055 600000
1695737791521 2.998259283544055 604000
1695737853480 2.998259283544055 608000
1695737916167 2.998259283544055 612000
1695737978538 2.998259283544055 616000
1695738041182 2.998259283544055 620000
1695738103430 2.998259283544055 624000
1695738167267 2.998259283544055 628000
1695738229939 2.998259283544055 632000
1695738292497 2.998259283544055 636000
1695738354982 2.998259283544055 640000
1695738417849 2.998259283544055 644000
1695738479801 2.998259283544055 648000
1695738542389 2.998259283544055 652000
1695738605825 2.998259283544055 656000
1695738668098 2.998259283544055 660000
1695738731650 2.998259283544055 664000
1695738794118 2.998259283544055 668000
1695738858462 2.998259283544055 672000
1695738921197 2.998259283544055 676000
1695738984391 2.998259283544055 680000
1695739046664 2.998259283544055 684000
1695739110037 2.998259283544055 688000
1695739171911 2.998259283544055 692000
1695739235439 2.998259283544055 696000
1695739297688 2.998259283544055 700000
1695739360496 2.998259283544055 704000
1695739423178 2.998259283544055 708000
1695739487973 2.998259283544055 712000
1695739550627 2.998259283544055 716000
1695739613252 2.998259283544055 720000
1695739675952 2.998259283544055 724000
1695739737744 2.998259283544055 728000
1695739800429 2.998259283544055 732000
1695739862661 2.998259283544055 736000
1695739925806 2.998259283544055 740000
1695739987650 2.998259283544055 744000
1695740051549 2.998259283544055 748000
1695740114363 2.998259283544055 752000
1695740177588 2.998259283544055 756000
1695740240059 2.998259283544055 760000
1695740301925 2.998259283544055 764000
1695740363505 2.998259283544055 768000
1695740425998 2.998259283544055 772000
1695740488827 2.998259283544055 776000
1695740550666 2.998259283544055 780000
1695740613369 2.998259283544055 784000
1695740675991 2.998259283544055 788000
1695740739750 2.998259283544055 792000
1695740801655 2.998259283544055 796000
1695740864919 2.998259283544055 800000
1695740927119 2.998259283544055 804000
1695740989371 2.998259283544055 808000
1695741052700 2.998259283544055 812000
1695741116352 2.998259283544055 816000
1695741179085 2.998259283544055 820000
1695741241991 2.998259283544055 824000
1695741305096 2.998259283544055 828000
1695741368423 2.998259283544055 832000
1695741432661 2.998259283544055 836000
1695741500689 2.998259283544055 840000
1695741566733 2.998259283544055 844000
1695741631677 2.998259283544055 848000
1695741707313 2.998259283544055 852000
1695741770154 2.998259283544055 856000
1695741834223 2.998259283544055 860000
1695741896191 2.998259283544055 864000
1695741958377 2.998259283544055 868000
1695742020620 2.998259283544055 872000
1695742083766 2.998259283544055 876000
1695742146437 2.998259283544055 880000
1695742211552 2.998259283544055 884000
1695742275795 2.998259283544055 888000
1695742341536 2.998259283544055 892000
1695742413522 2.998259283544055 896000
1695742481863 2.998259283544055 900000
1695742548184 2.998259283544055 904000
1695742610652 2.998259283544055 908000
1695742672763 2.998259283544055 912000
1695742735049 2.998259283544055 916000
1695742798351 2.998259283544055 920000
1695742861450 2.998259283544055 924000
1695742924034 2.998259283544055 928000
1695742986278 2.998259283544055 932000
1695743049583 2.998259283544055 936000
1695743111862 2.998259283544055 940000
1695743175834 2.998259283544055 944000
1695743237798 2.998259283544055 948000
1695743299703 2.998259283544055 952000
1695743361899 2.998259283544055 956000
1695743425199 2.998259283544055 960000
1695743487678 2.998259283544055 964000
1695743552061 2.998259283544055 968000
1695743614213 2.998259283544055 972000
1695743677404 2.998259283544055 976000
1695743740446 2.998259283544055 980000
1695743804721 2.998259283544055 984000
1695743866896 2.998259283544055 988000
1695743930020 2.998259283544055 992000
1695743991649 2.998259283544055 996000
1695744054991 2.998259283544055 1000000
