1695731491867 26.0 244000
1695731555242 12.0 248000
1695731626890 33.0 252000
1695731693887 18.0 256000
1695731770321 35.0 260000
1695731847750 41.0 264000
1695731929197 54.0 268000
1695732007429 55.0 272000
1695732085493 58.0 276000
1695732161510 60.0 280000
1695732229739 78.0 284000
1695732296168 48.0 288000
1695732365278 52.0 292000
1695732431628 63.0 296000
1695732499197 61.0 300000
1695732565080 63.0 304000
1695732635344 69.0 308000
1695732702965 53.0 312000
1695732772290 88.0 316000
1695732841482 68.0 320000
1695732910145 69.0 324000
1695732988608 71.0 328000
1695733057667 61.0 332000
1695733127124 58.0 336000
1695733197103 116.0 340000
1695733266817 95.0 344000
1695733337620 113.0 348000
1695733406169 98.0 352000
1695733475001 98.0 356000
1695733547064 96.0 360000
1695733617635 130.0 364000
1695733686122 122.0 368000
1695733756108 127.0 372000
1695733824347 119.0 376000
1695733894848 117.0 380000
1695733964180 104.0 384000
1695734035179 109.0 388000
1695734104160 120.0 392000
1695734175588 114.0 396000
1695734244632 102.0 400000
1695734315656 105.0 404000
1695734384565 118.0 408000
1695734453350 123.0 412000
1695734520637 102.0 416000
1695734588343 124.0 420000
1695734658293 116.0 424000
1695734727960 120.0 428000
1695734796850 127.0 432000
1695734870187 104.0 436000
1695734945721 131.0 440000
1695735017032 142.0 444000
1695735086327 157.0 448000
1695735161650 139.0 452000
1695735231891 168.0 456000
1695735305825 169.0 460000
1695735382077 190.0 464000
1695735453089 204.0 468000
1695735524319 196.0 472000
1695735599085 181.0 476000
1695735678592 167.0 480000
1695735759714 171.0 484000
1695735842278 173.0 488000
1695735925704 182.0 492000
1695736013380 177.0 496000
1695736097227 203.0 500000
1695736173554 197.0 504000
1695736248794 222.0 508000
1695736320519 195.0 512000
1695736388110 187.0 516000
1695736454247 175.0 520000
1695736520578 190.0 524000
1695736587006 148.0 528000
1695736651634 104.0 532000
1695736716073 97.0 536000
1695736779425 134.0 540000
1695736842138 113.0 544000
1695736905333 131.0 548000
1695736968406 111.0 552000
1695737032101 156.0 556000
1695737094014 117.0 560000
1695737157922 143.0 564000
1695737219587 155.0 568000
1695737281904 144.0 572000
1695737344582 157.0 576000
1695737411910 166.0 580000
1695737478200 193.0 584000
1695737541868 204.0 588000
1695737604308 181.0 592000
1695737666386 162.0 596000
1695737728597 110.0 600000
1695737791524 130.0 604000
1695737853483 160.0 608000
1695737916170 161.0 612000
1695737978541 154.0 616000
1695738041185 160.0 620000
1695738103433 148.0 624000
1695738167270 172.0 628000
1695738229942 149.0 632000
1695738292500 163.0 636000
1695738354985 221.0 640000
1695738417852 216.0 644000
1695738479804 176.0 648000
1695738542392 218.0 652000
1695738605828 240.0 656000
1695738668101 242.0 660000
1695738731653 199.0 664000
1695738794121 175.0 668000
1695738858465 202.0 672000
1695738921200 197.0 676000
1695738984396 221.0 680000
1695739046667 220.0 684000
1695739110040 227.0 688000
1695739171914 220.0 692000
1695739235442 173.0 696000
1695739297690 227.0 700000
1695739360498 207.0 704000
1695739423181 217.0 708000
1695739487976 214.0 712000
1695739550630 203.0 716000
1695739613255 186.0 720000
1695739675955 179.0 724000
1695739737746 194.0 728000
1695739800432 166.0 732000
1695739862664 168.0 736000
1695739925809 168.0 740000
1695739987653 106.0 744000
1695740051552 119.0 748000
1695740114366 108.0 752000
1695740177591 130.0 756000
1695740240062 147.0 760000
1695740301928 139.0 764000
1695740363508 118.0 768000
1695740426001 142.0 772000
1695740488830 107.0 776000
1695740550669 143.0 780000
1695740613372 98.0 784000
1695740675993 114.0 788000
1695740739753 127.0 792000
1695740801658 143.0 796000
1695740864921 162.0 800000
1695740927122 151.0 804000
1695740989374 122.0 808000
1695741052703 160.0 812000
1695741116355 182.0 816000
1695741179088 191.0 820000
1695741241994 169.0 824000
1695741305099 208.0 828000
1695741368426 201.0 832000
1695741432664 156.0 836000
1695741500692 154.0 840000
1695741566736 156.0 844000
1695741631680 197.0 848000
1695741707316 211.0 852000
1695741770156 204.0 856000
1695741834227 188.0 860000
1695741896195 165.0 864000
1695741958380 185.0 868000
1695742020623 207.0 872000
1695742083770 215.0 876000
1695742146440 175.0 880000
1695742211555 166.0 884000
1695742275798 184.0 888000
1695742341539 158.0 892000
1695742413526 150.0 896000
1695742481866 156.0 900000
1695742548187 183.0 904000
1695742610655 177.0 908000
1695742672766 182.0 912000
1695742735052 192.0 916000
1695742798354 197.0 920000
1695742861454 192.0 924000
1695742924037 195.0 928000
1695742986281 178.0 932000
1695743049586 154.0 936000
1695743111865 153.0 940000
1695743175837 150.0 944000
1695743237801 156.0 948000
1695743299706 162.0 952000
1695743361902 144.0 956000
1695743425202 172.0 960000
1695743487681 185.0 964000
1695743552063 170.0 968000
1695743614216 164.0 972000
1695743677407 182.0 976000
1695743740449 192.0 980000
1695743804724 181.0 984000
1695743866899 179.0 988000
1695743930023 179.0 992000
1695743991652 130.0 996000
1695744054993 174.0 1000000
