1695731491865 1.7021562500000007 244000
1695731555239 1.7021562500000007 248000
1695731626888 1.4563750000000009 252000
1695731693885 1.4563750000000009 256000
1695731770318 0.5920000000000005 260000
1695731847745 0.5385000000000054 264000
1695731929194 0.5385000000000054 268000
1695732007426 1.4527343750000015 272000
1695732085490 1.0295781249999996 276000
1695732161508 1.4909062500000003 280000
1695732229737 1.0710625000000107 284000
1695732296166 1.118549999999975 288000
1695732365276 1.4887500000000007 292000
1695732431625 0.7285000000000079 296000
1695732499194 1.1943125000000059 300000
1695732565078 1.7533125000000005 304000
1695732635341 1.6839218750000005 308000
1695732702962 1.7788906250000005 312000
1695732772288 1.5936718750000003 316000
1695732841480 1.8350781250000008 320000
1695732910142 1.8350781250000008 324000
1695732988606 1.0789375000000008 328000
1695733057665 0.7666932378153107 332000
1695733127122 0.7222836050000985 336000
1695733197101 0.8151932378162806 340000
1695733266815 2.2955031250000157 344000
1695733337617 1.8755781250000005 348000
1695733406166 2.2677968750000006 352000
1695733474998 1.398765625000001 356000
1695733547061 1.911453125 360000
1695733617633 1.9235 364000
1695733686120 2.2642218749999925 368000
1695733756106 1.8931875 372000
1695733824344 1.9080781250000003 376000
1695733894846 2.3239687499999997 380000
1695733964178 1.8953593750000008 384000
1695734035176 1.8741562500000004 388000
1695734104157 1.9162656249999999 392000
1695734175586 2.300921875 396000
1695734244630 1.9201875 400000
1695734315654 2.274125 404000
1695734384563 2.1456874999999993 408000
1695734453347 1.9175000000000002 412000
1695734520634 1.918984375 416000
1695734588341 1.939453125 420000
1695734658290 2.307546875 424000
1695734727957 1.8831718750000002 428000
1695734796848 2.31184375 432000
1695734870184 1.7067343750000012 436000
1695734945718 2.3188125000000004 440000
1695735017029 2.25434375 444000
1695735086325 1.9161875000000002 448000
1695735161648 1.925015625 452000
1695735231889 1.9183906250000002 456000
1695735305821 2.31325 460000
1695735382073 1.9077500000000003 464000
1695735453086 2.3221718750000004 468000
1695735524317 2.652846875 472000
1695735599083 2.2554531250000007 476000
1695735678589 1.927203125 480000
1695735759711 1.9263125 484000
1695735842275 2.661659375 488000
1695735925702 2.657159375 492000
1695736013377 1.934234375 496000
1695736097225 2.876002355 500000
1695736173551 1.932828125 504000
1695736248791 1.93353125 508000
1695736320516 2.337828125 512000
1695736388108 1.926328125 516000
1695736454245 1.931234375 520000
1695736520576 1.881375 524000
1695736587004 1.9299374999999999 528000
1695736651632 2.6505343750000003 532000
1695736716071 2.443036987816166 536000
1695736779423 1.93353125 540000
1695736842136 1.3145000000000007 544000
1695736905331 1.938046875 548000
1695736968404 2.3384375 552000
1695737032099 2.336234375 556000
1695737094012 1.9102968750000002 560000
1695737157920 2.00869323781617 564000
1695737219584 1.9283281250000002 568000
1695737281902 2.33703125 572000
1695737344580 2.6549718749999998 576000
1695737411908 2.00869323781617 580000
1695737478197 2.3384375 584000
1695737541866 2.306234375 588000
1695737604306 2.81095886281617 592000
1695737666384 2.666503125 596000
1695737728594 2.686927612816169 600000
1695737791522 1.9259375 604000
1695737853481 2.0294874999999997 608000
1695737916167 2.6465023550000017 612000
1695737978538 1.8815625000000002 616000
1695738041183 2.4219432378161585 620000
1695738103431 2.334734375 624000
1695738167268 2.2575057378161687 628000
1695738229940 2.5692244878161685 632000
1695738292497 1.9129218749999999 636000
1695738354983 1.9220937500000002 640000
1695738417850 1.9112656250000002 644000
1695738479802 1.9116718750000001 648000
1695738542390 1.902515625 652000
1695738605826 2.332625 656000
1695738668099 1.93715625 660000
1695738731651 2.337734375 664000
1695738794118 1.9117968750000003 668000
1695738858462 2.309921875 672000
1695738921198 1.929328125 676000
1695738984391 2.6558487927729413 680000
1695739046665 2.66026875 684000
1695739110038 2.332234375 688000
1695739171911 1.9223125 692000
1695739235440 2.6644718750000003 696000
1695739297688 2.657253125 700000
1695739360496 2.635190625000001 704000
1695739423178 1.9132812500000003 708000
1695739487974 2.34415625 712000
1695739550627 2.2995468750000008 716000
1695739613253 2.331015625 720000
1695739675953 2.32709375 724000
1695739737744 2.326390625 728000
1695739800430 2.3198749999999997 732000
1695739862661 1.9325312499999998 736000
1695739925806 1.9176875 740000
1695739987651 1.8196932378161899 744000
1695740051549 1.858515625 748000
1695740114364 1.8484346144426078 752000
1695740177589 1.3380000000000014 756000
1695740240060 2.32990625 760000
1695740301926 2.3121406249999996 764000
1695740363505 1.919984375 768000
1695740425999 1.1095000000000184 772000
1695740488828 2.327890625 776000
1695740550667 1.4781932378162281 780000
1695740613370 1.5921932378162147 784000
1695740675991 1.9182812500000002 788000
1695740739751 1.5541932378162193 792000
1695740801656 0.4614999999999997 796000
1695740864919 2.3309062500000004 800000
1695740927120 2.471474487816183 804000
1695740989372 2.342953125 808000
1695741052701 2.3247968749999997 812000
1695741116353 1.8101932378161831 816000
1695741179086 1.816015625 820000
1695741241992 2.3384375 824000
1695741305096 2.3048124999999997 828000
1695741368424 2.3315 832000
1695741432662 2.339234375 836000
1695741500690 2.339234375 840000
1695741566734 1.8512836050000032 844000
1695741631678 2.282374999999999 848000
1695741707314 1.9304375 852000
1695741770154 2.325171875 856000
1695741834224 1.927203125 860000
1695741896191 1.91946875 864000
1695741958378 1.913140625 868000
1695742020621 1.92790625 872000
1695742083767 2.325875 876000
1695742146437 2.3315 880000
1695742211553 1.9110781250000004 884000
1695742275796 2.1388750000000005 888000
1695742341536 2.285796875 892000
1695742413523 2.3384375 896000
1695742481864 2.3190625000000002 900000
1695742548185 2.3079687499999997 904000
1695742610653 1.905734375 908000
1695742672764 1.925296875 912000
1695742735050 1.8951875 916000
1695742798352 2.3289375000000003 920000
1695742861451 2.3347187500000004 924000
1695742924035 2.3230625000000003 928000
1695742986279 2.6709093750000004 932000
1695743049583 1.92228125 936000
1695743111863 2.332625 940000
1695743175835 2.3341250000000002 944000
1695743237799 1.8081932378161913 948000
1695743299704 2.32015625 952000
1695743361900 2.3328125 956000
1695743425200 1.0469531249999997 960000
1695743487679 2.33290625 964000
1695743552061 2.3262031249999997 968000
1695743614214 2.31725 972000
1695743677405 1.5865500000000092 976000
1695743740447 2.315875 980000
1695743804721 1.9283281250000002 984000
1695743866896 2.673909375 988000
1695743930021 1.928609375 992000
1695743991650 2.6683000000000003 996000
1695744054991 1.6437812499999889 1000000
