1695731491866 2.815302853270491 244000
1695731555240 2.8141807142776223 248000
1695731626889 2.8034608500302105 252000
1695731693886 2.8084211528903764 256000
1695731770319 2.7735929438042324 260000
1695731847747 2.7237743957990563 264000
1695731929195 2.764746023194017 268000
1695732007427 2.8354254378467414 272000
1695732085491 2.8403192078355626 276000
1695732161509 2.827769862682914 280000
1695732229737 2.8769163834767415 284000
1695732296167 2.867818765523787 288000
1695732365276 2.8230285401381128 292000
1695732431626 2.8650622533742323 296000
1695732499195 2.806926607377845 300000
1695732565078 2.88705038931065 304000
1695732635342 2.886870383877594 308000
1695732702963 2.9267762991488184 312000
1695732772288 2.9287543953785193 316000
1695732841481 2.9332109006238833 320000
1695732910143 2.891686815366806 324000
1695732988606 2.9091168193570773 328000
1695733057666 2.9254061832760567 332000
1695733127122 2.888072634649273 336000
1695733197101 2.937412783545631 340000
1695733266816 2.957123219722605 344000
1695733337618 2.932525823943809 348000
1695733406167 2.952509549477665 352000
1695733474999 2.9473381760698953 356000
1695733547062 2.95889455539991 360000
1695733617634 2.9366854687627946 364000
1695733686120 2.949052240396888 368000
1695733756107 2.93577257495641 372000
1695733824345 2.9512922275594575 376000
1695733894847 2.957258448490097 380000
1695733964178 2.9488293871734834 384000
1695734035177 2.953714281888719 388000
1695734104158 2.94951748299747 392000
1695734175586 2.953213911109562 396000
1695734244631 2.95581912974569 400000
1695734315655 2.9385942714171036 404000
1695734384563 2.9529419950368063 408000
1695734453348 2.946465642202035 412000
1695734520635 2.9554286930580447 416000
1695734588341 2.9489934313493174 420000
1695734658291 2.966693875379444 424000
1695734727958 2.9571300742873428 428000
1695734796849 2.970740301322783 432000
1695734870185 2.9626013828019495 436000
1695734945719 2.9713104837121236 440000
1695735017030 2.9675608775870166 444000
1695735086325 2.96186151695134 448000
1695735161649 2.968098904995762 452000
1695735231889 2.929696208797467 456000
1695735305822 2.9596464036262513 460000
1695735382075 2.9509680321471627 464000
1695735453087 2.9726428189844833 468000
1695735524318 2.983188932942299 472000
1695735599084 2.9802531390708933 476000
1695735678590 2.9789026764659443 480000
1695735759712 2.9776364928799803 484000
1695735842276 2.9809905441598987 488000
1695735925702 2.980026053132 492000
1695736013378 2.9781649799402365 496000
1695736097226 2.988935470238064 500000
1695736173552 2.9796197149228227 504000
1695736248792 2.943204387847181 508000
1695736320517 2.9729606350482505 512000
1695736388109 2.948523553464049 516000
1695736454245 2.950550863763697 520000
1695736520576 2.9176995107914996 524000
1695736587005 2.9514190542228675 528000
1695736651632 2.9613941187412305 532000
1695736716072 2.9662937813653003 536000
1695736779424 2.8961305268161808 540000
1695736842137 2.9064901455717025 544000
1695736905332 2.9261440270215027 548000
1695736968404 2.936503950613509 552000
1695737032099 2.9492243637906577 556000
1695737094012 2.944715336083692 560000
1695737157920 2.948460558037063 564000
1695737219585 2.9577781636578333 568000
1695737281902 2.9682139561577716 572000
1695737344581 2.973782601663175 576000
1695737411909 2.9650319378685537 580000
1695737478198 2.977066849449705 584000
1695737541867 2.985556879425824 588000
1695737604306 2.9852809789909713 592000
1695737666385 2.9828669582377287 596000
1695737728595 2.977196034185276 600000
1695737791522 2.965160542157049 604000
1695737853482 2.9688206454862716 608000
1695737916168 2.9813272469958463 612000
1695737978539 2.9738209727434506 616000
1695738041183 2.9759069711255535 620000
1695738103432 2.9731119890976805 624000
1695738167269 2.984843566062524 628000
1695738229941 2.9799055290915377 632000
1695738292498 2.941658669141905 636000
1695738354984 2.9596590792141404 640000
1695738417850 2.9777466173414315 644000
1695738479803 2.9700002049738203 648000
1695738542390 2.9728141823583503 652000
1695738605826 2.9793099813571016 656000
1695738668100 2.987171963597418 660000
1695738731652 2.9836531351400803 664000
1695738794119 2.943405573749341 668000
1695738858463 2.9586850668043048 672000
1695738921199 2.9658092745176887 676000
1695738984392 2.9828709168482628 680000
1695739046665 2.9832303895625594 684000
1695739110039 2.9801970653787273 688000
1695739171912 2.9771253638899626 692000
1695739235440 2.981159848100689 696000
1695739297689 2.9849429192375228 700000
1695739360497 2.9825420681783927 704000
1695739423179 2.9805401183450475 708000
1695739487974 2.9850038546958495 712000
1695739550628 2.952898022609749 716000
1695739613254 2.974010047263089 720000
1695739675954 2.9807347956247323 724000
1695739737745 2.972829154464039 728000
1695739800431 2.971704466731669 732000
1695739862662 2.9387895356163276 736000
1695739925807 2.9291663646121457 740000
1695739987651 2.938450532136195 744000
1695740051550 2.9058836275148217 748000
1695740114365 2.948049272507561 752000
1695740177589 2.9398134587398275 756000
1695740240061 2.9727406112034793 760000
1695740301927 2.9749571494285667 764000
1695740363506 2.9513360306548155 768000
1695740426000 2.9462518313841004 772000
1695740488829 2.9547448858335006 776000
1695740550668 2.9631426410203447 780000
1695740613370 2.9277522091205923 784000
1695740675992 2.956576363015668 788000
1695740739751 2.9558691745909442 792000
1695740801657 2.9167985196165946 796000
1695740864920 2.9656667473721385 800000
1695740927121 2.9790166301094163 804000
1695740989373 2.976391784353828 808000
1695741052702 2.9688718891071124 812000
1695741116354 2.96792358088517 816000
1695741179087 2.960383494411331 820000
1695741241993 2.965949147380241 824000
1695741305097 2.9613696001320777 828000
1695741368424 2.967373466925985 832000
1695741432663 2.979369710924728 836000
1695741500691 2.9704430780726456 840000
1695741566735 2.9667302221073504 844000
1695741631679 2.975700101878615 848000
1695741707315 2.9684088753358226 852000
1695741770155 2.9701463821558227 856000
1695741834225 2.952956022148843 860000
1695741896192 2.9425671516195577 864000
1695741958379 2.954736239976723 868000
1695742020622 2.9596592252470857 872000
1695742083768 2.9651623390236406 876000
1695742146438 2.971399623108507 880000
1695742211554 2.918363436595472 884000
1695742275797 2.9586297497258913 888000
1695742341537 2.956322052324121 892000
1695742413524 2.967562324013279 896000
1695742481865 2.9540056725454464 900000
1695742548186 2.953317884090994 904000
1695742610653 2.9406086426879843 908000
1695742672764 2.962788908425457 912000
1695742735051 2.942911109903898 916000
1695742798353 2.959599850964364 920000
1695742861452 2.9662220856817565 924000
1695742924036 2.9750860150889644 928000
1695742986279 2.979987820626513 932000
1695743049584 2.9534252534452676 936000
1695743111863 2.95768182737346 940000
1695743175836 2.962584019934842 944000
1695743237800 2.9380299936198 948000
1695743299705 2.967102817623192 952000
1695743361901 2.971654952319155 956000
1695743425201 2.958374472530773 960000
1695743487679 2.977152306216234 964000
1695743552062 2.970691738741731 968000
1695743614215 2.9748664834595573 972000
1695743677405 2.9553308386481545 976000
1695743740447 2.9617940558212172 980000
1695743804722 2.9645298347653473 984000
1695743866897 2.9810372880208864 988000
1695743930022 2.9323190358508917 992000
1695743991650 2.97764170799661 996000
1695744054992 2.9641296891892783 1000000
