1695731491866 79.26923076923077 244000
1695731555241 131.3421052631579 248000
1695731626890 120.28169014084507 252000
1695731693887 132.8876404494382 256000
1695731770320 165.53 260000
1695731847748 155.56 264000
1695731929196 89.39 268000
1695732007428 65.58 272000
1695732085492 64.4 276000
1695732161510 57.4 280000
1695732229738 60.99 284000
1695732296167 73.38 288000
1695732365277 79.03 292000
1695732431627 62.9 296000
1695732499196 60.26 300000
1695732565079 50.06 304000
1695732635343 59.41 308000
1695732702964 47.41 312000
1695732772289 60.43 316000
1695732841481 41.24 320000
1695732910144 44.58 324000
1695732988607 60.35 328000
1695733057666 61.54 332000
1695733127123 71.51 336000
1695733197102 50.672413793103445 340000
1695733266817 40.08 344000
1695733337619 39.415929203539825 348000
1695733406168 31.85 352000
1695733475000 50.1 356000
1695733547063 39.22 360000
1695733617634 35.23076923076923 364000
1695733686121 34.0 368000
1695733756107 31.834645669291337 372000
1695733824346 29.48739495798319 376000
1695733894848 36.8034188034188 380000
1695733964179 37.47115384615385 384000
1695734035178 38.75229357798165 388000
1695734104159 32.233333333333334 392000
1695734175587 33.6578947368421 396000
1695734244632 39.90196078431372 400000
1695734315656 38.80952380952381 404000
1695734384564 34.76271186440678 408000
1695734453349 32.51219512195122 412000
1695734520636 38.90196078431372 416000
1695734588342 32.153225806451616 420000
1695734658292 34.69827586206897 424000
1695734727959 32.78333333333333 428000
1695734796849 31.74015748031496 432000
1695734870186 37.24038461538461 436000
1695734945720 30.229007633587788 440000
1695735017031 28.929577464788732 444000
1695735086326 26.484076433121018 448000
1695735161649 27.035971223021583 452000
1695735231890 26.25595238095238 456000
1695735305824 22.952662721893493 460000
1695735382076 21.07894736842105 464000
1695735453088 19.926470588235293 468000
1695735524318 20.76530612244898 472000
1695735599084 21.895027624309392 476000
1695735678591 21.982035928143713 480000
1695735759713 24.29824561403509 484000
1695735842277 24.063583815028903 488000
1695735925703 21.78021978021978 492000
1695736013379 22.80225988700565 496000
1695736097226 19.714285714285715 500000
1695736173553 20.19796954314721 504000
1695736248793 18.0990990990991 508000
1695736320518 20.3025641025641 512000
1695736388109 21.262032085561497 516000
1695736454246 22.782857142857143 520000
1695736520577 21.6 524000
1695736587005 23.87162162162162 528000
1695736651633 26.375 532000
1695736716073 39.75 536000
1695736779424 22.529850746268657 540000
1695736842137 50.34513274336283 544000
1695736905332 33.847328244274806 548000
1695736968405 37.4054054054054 552000
1695737032100 24.98076923076923 556000
1695737094013 26.085470085470085 560000
1695737157921 37.75524475524475 564000
1695737219586 23.767741935483873 568000
1695737281903 25.020833333333332 572000
1695737344581 23.006369426751593 576000
1695737411909 31.481927710843372 580000
1695737478199 20.53886010362694 584000
1695737541868 19.485294117647058 588000
1695737604307 22.50828729281768 592000
1695737666385 23.067901234567902 596000
1695737728596 30.381818181818183 600000
1695737791523 30.93846153846154 604000
1695737853482 29.45 608000
1695737916169 23.869565217391305 612000
1695737978540 24.974025974025974 616000
1695738041184 23.625 620000
1695738103433 26.22972972972973 624000
1695738167270 25.00581395348837 628000
1695738229941 26.70469798657718 632000
1695738292499 22.699386503067483 636000
1695738354984 21.97737556561086 640000
1695738417851 17.02314814814815 644000
1695738479803 21.113636363636363 648000
1695738542391 20.61467889908257 652000
1695738605827 17.170833333333334 656000
1695738668100 16.392561983471076 660000
1695738731652 19.592964824120603 664000
1695738794120 22.497142857142858 668000
1695738858464 19.85148514851485 672000
1695738921200 18.710659898477157 676000
1695738984395 19.945701357466064 680000
1695739046666 18.568181818181817 684000
1695739110039 17.370044052863435 688000
1695739171913 18.3 692000
1695739235441 22.22543352601156 696000
1695739297690 18.259911894273127 700000
1695739360498 19.381642512077295 704000
1695739423180 18.502304147465438 708000
1695739487975 18.72429906542056 712000
1695739550629 18.379310344827587 716000
1695739613255 22.607526881720432 720000
1695739675955 21.893854748603353 724000
1695739737746 21.309278350515463 728000
1695739800431 22.542168674698797 732000
1695739862663 22.56547619047619 736000
1695739925808 20.458333333333332 740000
1695739987652 38.84905660377358 744000
1695740051551 24.983193277310924 748000
1695740114366 38.7037037037037 752000
1695740177590 40.43076923076923 756000
1695740240061 27.82312925170068 760000
1695740301927 23.73381294964029 764000
1695740363507 25.305084745762713 768000
1695740426000 30.795774647887324 772000
1695740488830 26.11214953271028 776000
1695740550668 39.0979020979021 780000
1695740613371 41.24 784000
1695740675993 23.710526315789473 788000
1695740739752 32.47244094488189 792000
1695740801658 42.18181818181818 796000
1695740864921 24.006172839506174 800000
1695740927122 27.450331125827816 804000
1695740989373 28.778688524590162 808000
1695741052703 23.59375 812000
1695741116355 27.967032967032967 816000
1695741179087 20.910994764397905 820000
1695741241994 23.5207100591716 824000
1695741305098 19.365384615384617 828000
1695741368425 19.5273631840796 832000
1695741432663 22.173076923076923 836000
1695741500691 23.818181818181817 840000
1695741566736 30.57051282051282 844000
1695741631680 21.071065989847718 848000
1695741707316 18.85781990521327 852000
1695741770156 19.813725490196077 856000
1695741834226 20.329787234042552 860000
1695741896195 25.12727272727273 864000
1695741958380 21.556756756756755 868000
1695742020623 19.318840579710145 872000
1695742083769 18.846511627906978 876000
1695742146439 22.13714285714286 880000
1695742211555 23.481927710843372 884000
1695742275798 22.641304347826086 888000
1695742341538 25.265822784810126 892000
1695742413525 25.58 896000
1695742481865 23.955128205128204 900000
1695742548186 19.683060109289617 904000
1695742610654 27.672316384180792 908000
1695742672765 21.37912087912088 912000
1695742735051 21.395833333333332 916000
1695742798354 20.406091370558375 920000
1695742861453 20.640625 924000
1695742924036 20.574358974358976 928000
1695742986280 21.348314606741575 932000
1695743049585 23.616883116883116 936000
1695743111864 20.607843137254903 940000
1695743175836 19.553333333333335 944000
1695743237801 40.756410256410255 948000
1695743299705 23.512345679012345 952000
1695743361901 24.729166666666668 956000
1695743425202 27.511627906976745 960000
1695743487680 20.935135135135134 964000
1695743552063 20.970588235294116 968000
1695743614216 22.21951219512195 972000
1695743677406 27.285714285714285 976000
1695743740448 20.244791666666668 980000
1695743804723 22.624309392265193 984000
1695743866898 22.48603351955307 988000
1695743930022 19.972067039106147 992000
1695743991651 23.923076923076923 996000
1695744054993 23.54597701149425 1000000
