1695731491868 0.0 244000
1695731555243 0.0 248000
1695731626891 0.0 252000
1695731693888 0.0 256000
1695731770322 0.0 260000
1695731847751 0.0 264000
1695731929198 0.0 268000
1695732007430 0.0 272000
1695732085494 0.0 276000
1695732161511 0.0 280000
1695732229740 0.0 284000
1695732296169 0.0 288000
1695732365279 0.0 292000
1695732431628 0.0 296000
1695732499198 0.0 300000
1695732565081 0.0 304000
1695732635345 0.0 308000
1695732702966 0.0 312000
1695732772291 0.0 316000
1695732841483 0.0 320000
1695732910146 0.0 324000
1695732988609 0.0 328000
1695733057668 0.0 332000
1695733127125 0.0 336000
1695733197104 0.0 340000
1695733266818 0.0 344000
1695733337621 0.0 348000
1695733406170 0.0 352000
1695733475002 0.0 356000
1695733547065 0.0 360000
1695733617636 0.0 364000
1695733686123 0.0 368000
1695733756109 0.0 372000
1695733824347 0.0 376000
1695733894849 0.0 380000
1695733964181 0.0 384000
1695734035180 0.0 388000
1695734104161 0.0 392000
1695734175589 0.0 396000
1695734244633 0.0 400000
1695734315657 0.0 404000
1695734384566 0.0 408000
1695734453350 0.0 412000
1695734520637 0.0 416000
1695734588344 0.0 420000
1695734658294 0.0 424000
1695734727961 0.0 428000
1695734796851 0.0 432000
1695734870187 0.0 436000
1695734945722 0.0 440000
1695735017033 0.0 444000
1695735086328 0.0 448000
1695735161651 0.0 452000
1695735231892 0.0 456000
1695735305827 0.0 460000
1695735382078 0.0 464000
1695735453089 0.0 468000
1695735524320 0.0 472000
1695735599086 0.0 476000
1695735678593 0.0 480000
1695735759715 0.0 484000
1695735842279 0.0 488000
1695735925705 0.0 492000
1695736013381 0.0 496000
1695736097228 0.0 500000
1695736173555 0.0 504000
1695736248795 0.0 508000
1695736320520 0.0 512000
1695736388111 0.0 516000
1695736454247 0.0 520000
1695736520579 0.0 524000
1695736587007 0.0 528000
1695736651635 0.0 532000
1695736716074 0.0 536000
1695736779426 0.0 540000
1695736842139 0.0 544000
1695736905334 0.0 548000
1695736968406 0.0 552000
1695737032102 0.0 556000
1695737094015 0.0 560000
1695737157922 0.0 564000
1695737219588 0.0 568000
1695737281904 0.0 572000
1695737344583 0.0 576000
1695737411911 0.0 580000
1695737478200 0.0 584000
1695737541869 0.0 588000
1695737604308 0.0 592000
1695737666387 0.0 596000
1695737728598 0.0 600000
1695737791524 0.0 604000
1695737853484 0.0 608000
1695737916170 0.0 612000
1695737978542 0.0 616000
1695738041185 0.0 620000
1695738103434 0.0 624000
1695738167271 0.0 628000
1695738229943 0.0 632000
1695738292500 0.0 636000
1695738354986 0.0 640000
1695738417852 0.0 644000
1695738479805 0.0 648000
1695738542392 0.0 652000
1695738605828 0.0 656000
1695738668102 0.0 660000
1695738731654 0.0 664000
1695738794121 0.0 668000
1695738858466 0.0 672000
1695738921201 0.0 676000
1695738984397 0.0 680000
1695739046667 0.0 684000
1695739110041 0.0 688000
1695739171914 0.0 692000
1695739235442 0.0 696000
1695739297691 0.0 700000
1695739360499 0.0 704000
1695739423182 0.0 708000
1695739487977 0.0 712000
1695739550631 0.0 716000
1695739613256 0.0 720000
1695739675956 0.0 724000
1695739737747 0.0 728000
1695739800433 0.0 732000
1695739862665 0.0 736000
1695739925810 0.0 740000
1695739987654 0.0 744000
1695740051553 0.0 748000
1695740114367 0.0 752000
1695740177591 0.0 756000
1695740240063 0.0 760000
1695740301929 0.0 764000
1695740363508 0.0 768000
1695740426002 0.0 772000
1695740488831 0.0 776000
1695740550670 0.0 780000
1695740613372 0.0 784000
1695740675994 0.0 788000
1695740739754 0.0 792000
1695740801659 0.0 796000
1695740864922 0.0 800000
1695740927123 0.0 804000
1695740989375 0.0 808000
1695741052704 0.0 812000
1695741116356 0.0 816000
1695741179089 0.0 820000
1695741241995 0.0 824000
1695741305100 0.0 828000
1695741368427 0.0 832000
1695741432665 0.0 836000
1695741500693 0.0 840000
1695741566737 0.0 844000
1695741631681 0.0 848000
1695741707317 0.0 852000
1695741770157 0.0 856000
1695741834228 0.0 860000
1695741896196 0.0 864000
1695741958381 0.0 868000
1695742020624 0.0 872000
1695742083770 0.0 876000
1695742146440 0.0 880000
1695742211556 0.0 884000
1695742275799 0.0 888000
1695742341539 0.0 892000
1695742413527 0.0 896000
1695742481867 0.0 900000
1695742548188 0.0 904000
1695742610656 0.0 908000
1695742672767 0.0 912000
1695742735053 0.0 916000
1695742798355 0.0 920000
1695742861454 0.0 924000
1695742924038 0.0 928000
1695742986282 0.0 932000
1695743049587 0.0 936000
1695743111866 0.0 940000
1695743175838 0.0 944000
1695743237802 0.0 948000
1695743299707 0.0 952000
1695743361903 0.0 956000
1695743425203 0.0 960000
1695743487681 0.0 964000
1695743552064 0.0 968000
1695743614217 0.0 972000
1695743677407 0.0 976000
1695743740449 0.0 980000
1695743804725 0.0 984000
1695743866899 0.0 988000
1695743930024 0.0 992000
1695743991653 0.0 996000
1695744054994 0.0 1000000
