1695672599891 1.5290500000000078 16000
1695672672170 1.5290500000000078 20000
1695672745115 1.797927612816181 24000
1695672809506 1.797927612816181 28000
1695672873855 2.0741273550000052 32000
1695672940538 2.0741273550000052 36000
1695673005077 2.0741273550000052 40000
1695673074108 2.0741273550000052 44000
1695673141052 2.0741273550000052 48000
1695673218344 2.0741273550000052 52000
1695673294592 2.0741273550000052 56000
1695673372321 2.0741273550000052 60000
1695673449535 2.0741273550000052 64000
1695673533416 2.0741273550000052 68000
1695673613643 2.0741273550000052 72000
1695673696419 2.0741273550000052 76000
1695673782429 2.0741273550000052 80000
1695673860918 2.0741273550000052 84000
1695673945872 2.0741273550000052 88000
1695674026204 2.0741273550000052 92000
1695674106655 2.0741273550000052 96000
1695674188399 2.0741273550000052 100000
1695674272786 2.0741273550000052 104000
1695674360408 2.0741273550000052 108000
1695674442782 2.0741273550000052 112000
1695674524723 2.0741273550000052 116000
1695674604645 2.0741273550000052 120000
1695674686173 2.0741273550000052 124000
1695674760844 2.0741273550000052 128000
1695674835727 2.0741273550000052 132000
1695674905841 1.6472713628161828 136000
1695674983767 1.6472713628161828 140000
1695675057304 1.6472713628161828 144000
1695675130636 1.6472713628161828 148000
1695675200941 1.5408338628161835 152000
1695675272539 2.8449432378161736 156000
1695675343461 2.8449432378161736 160000
1695675413942 2.8449432378161736 164000
1695675488717 2.8449432378161736 168000
1695675564868 1.5926776128161722 172000
1695675636415 1.489453125 176000
1695675707546 1.489453125 180000
1695675779382 1.48875 184000
1695675846259 1.489453125 188000
1695675912884 1.489453125 192000
1695675978996 1.489453125 196000
1695676044649 1.489453125 200000
1695676110875 1.489453125 204000
1695676191471 1.489453125 208000
1695676270146 1.489453125 212000
1695676339747 1.489453125 216000
1695676408414 1.489453125 220000
1695676480455 1.489453125 224000
1695676554932 1.489453125 228000
1695676625381 1.489453125 232000
1695676703858 1.489453125 236000
1695676788089 1.489453125 240000
1695676877848 1.489453125 244000
1695676966924 1.489453125 248000
1695677042567 1.489453125 252000
1695677114753 1.489453125 256000
1695677195355 1.489453125 260000
1695677276692 1.489453125 264000
1695677358084 1.489453125 268000
1695677439897 1.489453125 272000
1695677527067 1.489453125 276000
