1695672599892 0.6545000000000026 16000
1695672672170 0.8405000000000025 20000
1695672745116 0.8405000000000025 24000
1695672809507 1.3860499999999893 28000
1695672873856 1.3860499999999893 32000
1695672940539 1.3860499999999893 36000
1695673005078 1.7176932378161593 40000
1695673074109 1.7176932378161593 44000
1695673141053 1.7176932378161593 48000
1695673218345 1.8871932378161662 52000
1695673294593 1.8871932378161662 56000
1695673372322 1.8871932378161662 60000
1695673449536 1.8871932378161662 64000
1695673533417 1.8871932378161662 68000
1695673613644 1.8871932378161662 72000
1695673696420 1.8871932378161662 76000
1695673782430 1.8871932378161662 80000
1695673860919 1.8871932378161662 84000
1695673945873 1.8871932378161662 88000
1695674026205 1.8871932378161662 92000
1695674106656 1.8871932378161662 96000
1695674188400 1.9621932378161682 100000
1695674272787 1.9711932378161685 104000
1695674360409 1.9711932378161685 108000
1695674442782 1.9711932378161685 112000
1695674524724 1.9711932378161685 116000
1695674604646 1.9711932378161685 120000
1695674686174 1.9991030335440545 124000
1695674760844 1.9991030335440545 128000
1695674835728 1.9991030335440545 132000
1695674905842 1.9991030335440545 136000
1695674983768 1.9991030335440545 140000
1695675057305 1.9991030335440545 144000
1695675130637 1.9991030335440545 148000
1695675200942 1.9991030335440545 152000
1695675272540 1.9991030335440545 156000
1695675343462 1.9561932378161682 160000
1695675413943 1.9561932378161682 164000
1695675488718 1.9876932378161691 168000
1695675564869 1.9876932378161691 172000
1695675636416 2.0026932378161697 176000
1695675707546 2.0026932378161697 180000
1695675779382 2.0041932378161698 184000
1695675846259 2.00569323781617 188000
1695675912885 1.8826932378161652 192000
1695675978996 1.50869323781617 196000
1695676044649 1.50869323781617 200000
1695676110876 1.50869323781617 204000
1695676191472 1.50869323781617 208000
1695676270147 1.50869323781617 212000
1695676339747 1.50869323781617 216000
1695676408414 1.50869323781617 220000
1695676480456 1.50869323781617 224000
1695676554933 1.50869323781617 228000
1695676625382 1.50869323781617 232000
1695676703859 1.50869323781617 236000
1695676788090 1.50869323781617 240000
1695676877849 1.50869323781617 244000
1695676966925 1.50869323781617 248000
1695677042567 1.50869323781617 252000
1695677114753 1.50869323781617 256000
1695677195356 1.50869323781617 260000
1695677276692 1.50869323781617 264000
1695677358085 1.50869323781617 268000
1695677439898 1.639693237816156 272000
1695677527068 1.50869323781617 276000
