1695672600012 0.0 16000
1695672672288 0.0 20000
1695672745223 0.0 24000
1695672809609 0.0 28000
1695672873956 0.0 32000
1695672940643 0.0 36000
1695673005177 0.0 40000
1695673074212 0.0 44000
1695673141154 0.0 48000
1695673218450 0.0 52000
1695673294725 0.0 56000
1695673372444 0.0 60000
1695673449666 0.0 64000
1695673533567 0.0 68000
1695673613762 0.0 72000
1695673696552 0.0 76000
1695673782563 0.0 80000
1695673861052 0.0 84000
1695673946000 0.0 88000
1695674026338 0.0 92000
1695674106790 0.0 96000
1695674188530 0.0 100000
1695674272937 0.0 104000
1695674360541 0.0 108000
1695674442946 0.0 112000
1695674524856 0.0 116000
1695674604775 0.0 120000
1695674686311 0.0 124000
1695674760990 0.0 128000
1695674835844 0.0 132000
1695674905968 0.0 136000
1695674983882 0.0 140000
1695675057416 0.0 144000
1695675130768 0.0 148000
1695675201055 0.0 152000
1695675272645 0.0 156000
1695675343574 0.0 160000
1695675414044 0.0 164000
1695675488880 0.0 168000
1695675564981 0.0 172000
1695675636531 0.0 176000
1695675707655 0.0 180000
1695675779496 0.0 184000
1695675846358 0.0 188000
1695675912986 0.0 192000
1695675979108 0.0 196000
1695676044752 0.0 200000
1695676110980 0.0 204000
1695676191592 0.0 208000
1695676270254 0.0 212000
1695676339858 0.0 216000
1695676408522 0.0 220000
1695676480565 0.0 224000
1695676555055 0.0 228000
1695676625492 0.0 232000
1695676703977 0.0 236000
1695676788211 0.0 240000
1695676878000 0.0 244000
1695676967098 0.0 248000
1695677042680 0.0 252000
1695677114867 0.0 256000
1695677195481 0.0 260000
1695677276816 0.0 264000
1695677358204 0.0 268000
1695677440034 0.0 272000
1695677527182 0.0 276000
