1695672600010 0.3876147160002919 16000
1695672672287 0.3869632017558398 20000
1695672745222 0.38720314283694063 24000
1695672809608 0.38812703327836895 28000
1695672873955 0.3878365379327315 32000
1695672940642 0.38677278501039053 36000
1695673005176 0.3845759624232427 40000
1695673074211 0.384763451587151 44000
1695673141153 0.3843435682597987 48000
1695673218448 0.3827207543618268 52000
1695673294723 0.3828303207261665 56000
1695673372442 0.38217049906322353 60000
1695673449664 0.3822264316803044 64000
1695673533566 0.3825283598841609 68000
1695673613760 0.38287930454174846 72000
1695673696550 0.38332093835785014 76000
1695673782562 0.3845029120338025 80000
1695673861050 0.3849056998172713 84000
1695673945998 0.38639393402182814 88000
1695674026337 0.3873170134957598 92000
1695674106788 0.3880319515686582 96000
1695674188529 0.3894436585956156 100000
1695674272935 0.3908292054072622 104000
1695674360540 0.39226227940273106 108000
1695674442944 0.3938949349627506 112000
1695674524854 0.3948581733635978 116000
1695674604773 0.39483581328435124 120000
1695674686310 0.3971828603487001 124000
1695674760987 0.39865668290914225 128000
1695674835843 0.4007686750459138 132000
1695674905966 0.4049307425719367 136000
1695674983880 0.4084814642160428 140000
1695675057415 0.41010715804792264 144000
1695675130766 0.4138407263344831 148000
1695675201053 0.4187408819396321 152000
1695675272644 0.42095679417441656 156000
1695675343573 0.41969818676254617 160000
1695675414043 0.41841028815515474 164000
1695675488878 0.417657391373086 168000
1695675564979 0.4166761339031113 172000
1695675636530 0.4180983890916631 176000
1695675707654 0.4163952160955933 180000
1695675779495 0.41659696191072537 184000
1695675846356 0.41550507611556914 188000
1695675912985 0.41382431396101416 192000
1695675979106 0.41265358817533504 196000
1695676044750 0.4112653275214637 200000
1695676110979 0.4102807173859351 204000
1695676191591 0.410876019117774 208000
1695676270253 0.4112426118940586 212000
1695676339857 0.41049648493474555 216000
1695676408521 0.40981897178002535 220000
1695676480564 0.4095087513423844 224000
1695676555053 0.408612739193667 228000
1695676625491 0.4083568459218961 232000
1695676703975 0.40867261791179527 236000
1695676788209 0.41024264316899317 240000
1695676877998 0.4111998296495758 244000
1695676967096 0.4119927913491152 248000
1695677042678 0.41213739790226966 252000
1695677114865 0.4116872286237951 256000
1695677195479 0.411630521949639 260000
1695677276815 0.41221991052874773 264000
1695677358203 0.4127073368071485 268000
1695677440032 0.4133185549877172 272000
1695677527180 0.4139264159850647 276000
