1695672600009 7.734276621435524 16000
1695672672286 7.720072354051623 20000
1695672745221 7.725788652170128 24000
1695672809607 7.740185109495676 28000
1695672873954 7.73536398883684 32000
1695672940641 7.718381779478751 36000
1695673005175 7.683119571403859 40000
1695673074210 7.685892360955385 44000
1695673141152 7.679945118758541 48000
1695673218448 7.653182022635825 52000
1695673294722 7.6552090799428925 56000
1695673372441 7.644615769168457 60000
1695673449664 7.644969798348146 64000
1695673533565 7.64975268623485 68000
1695673613760 7.655885542112702 72000
1695673696549 7.662775169275565 76000
1695673782561 7.681825324139892 80000
1695673861049 7.68927621250536 84000
1695673945997 7.717777570260178 88000
1695674026336 7.733135053574966 92000
1695674106787 7.745688759837042 96000
1695674188528 7.771095592967463 100000
1695674272934 7.79582127832872 104000
1695674360539 7.8220685315441605 108000
1695674442943 7.8509143991278885 112000
1695674524853 7.867763836507871 116000
1695674604772 7.867929395420174 120000
1695674686309 7.909918766180635 124000
1695674760986 7.936482270313672 128000
1695674835842 7.975017194507457 132000
1695674905965 8.04935752482269 136000
1695674983880 8.111855715574134 140000
1695675057414 8.139060189499885 144000
1695675130765 8.203784030353791 148000
1695675201052 8.292683619421945 152000
1695675272643 8.328732046103946 156000
1695675343572 8.29927282270234 160000
1695675414042 8.269334048147892 164000
1695675488877 8.254000821268042 168000
1695675564978 8.236840002251975 172000
1695675636529 8.26908032295945 176000
1695675707653 8.230223982371804 180000
1695675779494 8.236583966377994 184000
1695675846355 8.21957371044599 188000
1695675912984 8.188881473381748 192000
1695675979105 8.168513266528384 196000
1695676044750 8.143298516288917 200000
1695676110978 8.126391631969442 204000
1695676191590 8.145133556371032 208000
1695676270252 8.1581364793424 212000
1695676339856 8.143474953230559 216000
1695676408520 8.130239811976164 220000
1695676480563 8.123553548433897 224000
1695676555052 8.102987639000654 228000
1695676625490 8.09608571903074 232000
1695676703974 8.105692923364767 236000
1695676788209 8.136680266016779 240000
1695676877997 8.154282083897673 244000
1695676967095 8.168379033797468 248000
1695677042677 8.172662296895009 252000
1695677114864 8.1641482425541 256000
1695677195478 8.161628170407441 260000
1695677276814 8.170293718816621 264000
1695677358202 8.178111772486691 268000
1695677440032 8.188940046719596 272000
1695677527179 8.198957833585505 276000
