1695672600011 0.54136735807725 16000
1695672672287 0.540667617416447 20000
1695672745222 0.5407589920736765 24000
1695672809608 0.5425477544820505 28000
1695672873955 0.5424559891743009 32000
1695672940642 0.5410008058058244 36000
1695673005177 0.5375714912924908 40000
1695673074212 0.5381057269003375 44000
1695673141153 0.5376352280243462 48000
1695673218449 0.5351927215479588 52000
1695673294724 0.5354888435601993 56000
1695673372443 0.5346486433898586 60000
1695673449665 0.534792483480587 64000
1695673533566 0.5353094119029549 68000
1695673613761 0.5359237108302761 72000
1695673696551 0.536638872853813 76000
1695673782563 0.5385634620676263 80000
1695673861051 0.539249628728908 84000
1695673945999 0.5417112506018236 88000
1695674026338 0.5431758800876693 92000
1695674106789 0.5443523796484169 96000
1695674188530 0.5466349268287269 100000
1695674272936 0.5488497394627508 104000
1695674360541 0.5511403579892299 108000
1695674442945 0.5537434168907007 112000
1695674524855 0.5553437654464016 116000
1695674604774 0.5553231887323506 120000
1695674686311 0.5592331588994283 124000
1695674760988 0.5616217111833689 128000
1695674835843 0.565303658792621 132000
1695674905967 0.572239912494025 136000
1695674983881 0.5780890216511699 140000
1695675057416 0.580779225565983 144000
1695675130767 0.5869445695453606 148000
1695675201054 0.5954186626315177 152000
1695675272644 0.6000281895919399 156000
1695675343573 0.5991367542097552 160000
1695675414044 0.5975967669053122 164000
1695675488879 0.5968205761828651 168000
1695675564980 0.596007857738482 172000
1695675636531 0.5994768367596174 176000
1695675707654 0.5975003754925173 180000
1695675779495 0.5986073904640445 184000
1695675846357 0.5971367468113865 188000
1695675912986 0.5945842424412427 192000
1695675979107 0.5931844147220185 196000
1695676044751 0.5915973729185944 200000
1695676110979 0.5905944745288055 204000
1695676191591 0.5922199490204293 208000
1695676270253 0.5934977480569971 212000
1695676339858 0.5928825030162268 216000
1695676408521 0.5923243326182943 220000
1695676480564 0.5924948586466484 224000
1695676555054 0.5915759307735727 228000
1695676625492 0.5916330947329528 232000
1695676703976 0.5926293471340283 236000
1695676788210 0.5954421509098218 240000
1695676877999 0.5974594976899086 244000
1695676967097 0.5992065619825642 248000
1695677042679 0.5999739071406692 252000
1695677114866 0.5997003754900175 256000
1695677195480 0.6000609461333928 260000
1695677276816 0.6013670685649415 264000
1695677358204 0.6025095819192814 268000
1695677440034 0.6037788711763294 272000
1695677527181 0.6050865098970544 276000
