1695731491875 0.7619402263618672 244000
1695731555249 0.7714378164649461 248000
1695731626896 0.8011943816940265 252000
1695731693894 0.8103700245303932 256000
1695731770328 0.8450774494595009 260000
1695731847757 0.8816428449722779 264000
1695731929204 0.9176016660249816 268000
1695732007438 0.9446772290336197 272000
1695732085501 0.9616945276205271 276000
1695732161517 0.97996459141519 280000
1695732229746 0.9834178168219796 284000
1695732296174 0.9804062806091491 288000
1695732365285 0.9757835582514989 292000
1695732431634 0.9677805677928495 296000
1695732499203 0.9666891313028182 300000
1695732565087 0.9661071785535676 304000
1695732635352 0.9669303503297464 308000
1695732702972 0.9623258809766074 312000
1695732772296 0.9608784347675404 316000
1695732841489 0.9601317059057479 320000
1695732910151 0.9601920458444835 324000
1695732988614 0.9707656193057176 328000
1695733057674 0.9730693338009466 332000
1695733127130 0.9717070304392494 336000
1695733197109 0.9706269553767221 340000
1695733266824 0.9719043728260514 344000
1695733337628 0.9712113003375747 348000
1695733406175 0.970732862065931 352000
1695733475008 0.9720829142825886 356000
1695733547071 0.9736172787497103 360000
1695733617642 0.9767332856290557 364000
1695733686129 0.9765180734296592 368000
1695733756115 0.9782494966718607 372000
1695733824353 0.9777522013723742 376000
1695733894855 0.978230082750199 380000
1695733964187 0.980618276376923 384000
1695734035186 0.9804853254658692 388000
1695734104166 0.9794731674765664 392000
1695734175594 0.9782839132311338 396000
1695734244638 0.980182979342125 400000
1695734315663 0.9812492400720249 404000
1695734384571 0.9821963965252466 408000
1695734453356 0.9811357319785959 412000
1695734520643 0.9817589196388659 416000
1695734588349 0.9809685281584052 420000
1695734658299 0.9824241925725079 424000
1695734727966 0.9814582192204347 428000
1695734796857 0.9815102467984177 432000
1695734870193 0.9841187618662348 436000
1695734945729 0.9867383812969067 440000
1695735017039 0.9873973375842333 444000
1695735086334 0.9883880828264743 448000
1695735161656 0.99101027501491 452000
1695735231898 0.9922565426711342 456000
1695735305837 0.9936870453550206 460000
1695735382085 0.9967970244613407 464000
1695735453095 0.9997004670007137 468000
1695735524325 1.0017498170444514 472000
1695735599093 1.0040556772778102 476000
1695735678599 1.007618249654676 480000
1695735759721 1.0118323644834686 484000
1695735842286 1.0148732529587332 488000
1695735925712 1.019078663922534 492000
1695736013387 1.025231306418861 496000
1695736097234 1.0298114785777668 500000
1695736173561 1.0328703879446963 504000
1695736248803 1.0344335453337472 508000
1695736320527 1.0364556802528262 512000
1695736388116 1.036448108525862 516000
1695736454252 1.0357740902172454 520000
1695736520583 1.0356643603181142 524000
1695736587012 1.034844646915536 528000
1695736651641 1.0334160383067337 532000
1695736716080 1.0316897181569444 536000
1695736779431 1.0300509854635918 540000
1695736842144 1.0296890714474487 544000
1695736905340 1.0272317546619811 548000
1695736968411 1.0279031510225956 552000
1695737032107 1.026119989973514 556000
1695737094020 1.023835706179141 560000
1695737157928 1.0237185573780556 564000
1695737219593 1.0217206893563735 568000
1695737281909 1.020894886875194 572000
1695737344588 1.0199877543461913 576000
1695737411917 1.018817762192434 580000
1695737478205 1.020380774277089 584000
1695737541874 1.019477734388613 588000
1695737604313 1.0187354818809196 592000
1695737666392 1.0183871140941037 596000
1695737728603 1.0200238394672398 600000
1695737791529 1.015419739878794 604000
1695737853490 1.0149158880145734 608000
1695737916176 1.0146274984697283 612000
1695737978546 1.0135486397044444 616000
1695738041190 1.0114757637877718 620000
1695738103440 1.0116287584464765 624000
1695738167277 1.0122721421056857 628000
1695738229948 1.0117069218802361 632000
1695738292505 1.0121770730228705 636000
1695738354992 1.0096959869302342 640000
1695738417857 1.009316150695634 644000
1695738479809 1.0079228183394473 648000
1695738542397 1.009121662137301 652000
1695738605834 1.0092172088888052 656000
1695738668108 1.0091157754666524 660000
1695738731659 1.0092421544264847 664000
1695738794127 1.0088587024814786 668000
1695738858471 1.0081661922023313 672000
1695738921207 1.0082265326688968 676000
1695738984402 1.0081658886940639 680000
1695739046672 1.0084324530872781 684000
1695739110046 1.008295035610529 688000
1695739171920 1.0083120281434972 692000
1695739235447 1.0067811462312852 696000
1695739297696 1.0078534633727094 700000
1695739360504 1.0078518969348496 704000
1695739423187 1.0071092524598224 708000
1695739487981 1.0078819422828629 712000
1695739550636 1.0079334706771066 716000
1695739613261 1.0077696207886693 720000
1695739675962 1.0071994345999498 724000
1695739737752 1.0059847163123137 728000
1695739800438 1.0051045777331722 732000
1695739862670 1.004320698215949 736000
1695739925815 1.0050560032540938 740000
1695739987659 1.0044423712211428 744000
1695740051558 1.0046861423371483 748000
1695740114372 1.0032815649462543 752000
1695740177597 1.0008959102707529 756000
1695740240068 1.0025090978912838 760000
1695740301934 1.0029283530253597 764000
1695740363514 1.0006965421821294 768000
1695740426007 0.9988936661561348 772000
1695740488837 0.9975383216628172 776000
1695740550675 0.9987420193195754 780000
1695740613377 0.998014933317084 784000
1695740676000 0.99760137107197 788000
1695740739759 0.996454739170312 792000
1695740801665 0.9957836248006785 796000
1695740864927 0.9961697647472147 800000
1695740927129 0.9942524508008741 804000
1695740989380 0.9931305264185474 808000
1695741052710 0.9929825262044627 812000
1695741116361 0.9937323983992761 816000
1695741179094 0.9935378881501077 820000
1695741242001 0.993789574538097 824000
1695741305105 0.9932494652233326 828000
1695741368432 0.9930657033249427 832000
1695741432670 0.9935419589210838 836000
1695741500699 0.9938844523996431 840000
1695741566743 0.9928784415384714 844000
1695741631688 0.9935410853221612 848000
1695741707323 0.9941034569940882 852000
1695741770162 0.9941482979164474 856000
1695741834233 0.9942538721035616 860000
1695741896202 0.9938416671312224 864000
1695741958386 0.9935792437049913 868000
1695742020629 0.9930787524900417 872000
1695742083776 0.9931022007232321 876000
1695742146446 0.9923975443207111 880000
1695742211562 0.9925173951591653 884000
1695742275804 0.9931304420101812 888000
1695742341545 0.9926678030966696 892000
1695742413533 0.9924705480298754 896000
1695742481873 0.9933213306868647 900000
1695742548193 0.9937822293475764 904000
1695742610661 0.993237403989614 908000
1695742672772 0.9931764594066778 912000
1695742735058 0.9935244024658098 916000
1695742798360 0.9935774375647941 920000
1695742861460 0.9935369089928469 924000
1695742924043 0.9933837786566825 928000
1695742986287 0.9925506078009396 932000
1695743049592 0.9932422658439098 936000
1695743111871 0.9925615301534284 940000
1695743175843 0.9930022206726865 944000
1695743237807 0.9917835032260303 948000
1695743299713 0.9921272779913209 952000
1695743361908 0.9915661538755468 956000
1695743425208 0.9913899993854346 960000
1695743487686 0.9910665729609274 964000
1695743552069 0.9910880950201262 968000
1695743614222 0.9909136698863469 972000
1695743677412 0.9907888812625205 976000
1695743740455 0.990037128795704 980000
1695743804731 0.9903740446400106 984000
1695743866905 0.9896987193092214 988000
1695743930029 0.9904550762795622 992000
1695743991657 0.9907840139210914 996000
1695744054999 0.9901804803842201 1000000
