1695731491876 6.753353818282043 244000
1695731555250 6.83507973913068 248000
1695731626897 7.009174866842142 252000
1695731693895 7.0577615641259115 256000
1695731770329 7.278367722652248 260000
1695731847758 7.506804812872849 264000
1695731929205 7.736993316932351 268000
1695732007439 7.877320257716597 272000
1695732085502 7.975787335874024 276000
1695732161517 8.096978974846381 280000
1695732229746 8.076279146604515 284000
1695732296175 8.032851781160117 288000
1695732365286 7.985206412952011 292000
1695732431635 7.915722922981925 296000
1695732499204 7.890727449073399 300000
1695732565088 7.857721699158666 304000
1695732635353 7.818758269427648 308000
1695732702972 7.80026553717691 312000
1695732772297 7.802928534497291 316000
1695732841489 7.771017590673236 320000
1695732910152 7.765199122433142 324000
1695732988615 7.8193334897063345 328000
1695733057675 7.810990353251944 332000
1695733127131 7.803939253530348 336000
1695733197110 7.801989331913961 340000
1695733266825 7.805454738075398 344000
1695733337629 7.794092092336018 348000
1695733406176 7.78401991669937 352000
1695733475009 7.800293871559973 356000
1695733547072 7.770321182492185 360000
1695733617643 7.774455802162743 364000
1695733686130 7.7555925734676565 368000
1695733756116 7.763583437793497 372000
1695733824354 7.754481446805847 376000
1695733894855 7.758741339364962 380000
1695733964188 7.734783869136119 384000
1695734035187 7.737380387396955 388000
1695734104167 7.712654912900216 392000
1695734175595 7.705690243138436 396000
1695734244639 7.705715682483303 400000
1695734315663 7.711052740155754 404000
1695734384572 7.698642282133578 408000
1695734453357 7.695333089166071 412000
1695734520644 7.68771681577579 416000
1695734588350 7.677592742658228 420000
1695734658300 7.659276519807303 424000
1695734727967 7.667675471429698 428000
1695734796857 7.659676003484286 432000
1695734870194 7.660203480049369 436000
1695734945729 7.680857449952202 440000
1695735017040 7.67783434118077 444000
1695735086334 7.6768781993633075 448000
1695735161657 7.682740515169605 452000
1695735231899 7.678356224627115 456000
1695735305838 7.679208879686798 460000
1695735382086 7.691031494389876 464000
1695735453096 7.691208250507026 468000
1695735524326 7.688561377492768 472000
1695735599094 7.694929981653428 476000
1695735678600 7.70792447097766 480000
1695735759722 7.728678792194983 484000
1695735842286 7.74665949188335 488000
1695735925712 7.761085783061221 492000
1695736013388 7.7972438040171 496000
1695736097235 7.814766437470532 500000
1695736173562 7.825592682272399 504000
1695736248804 7.824602914011478 508000
1695736320528 7.824552866402517 512000
1695736388117 7.816404184417601 516000
1695736454253 7.807402304908423 520000
1695736520584 7.798857265624113 524000
1695736587013 7.787669139543937 528000
1695736651642 7.784282642969253 532000
1695736716080 7.770201536660161 536000
1695736779432 7.758462121728209 540000
1695736842145 7.753083181965495 544000
1695736905340 7.730272360967594 548000
1695736968412 7.729927189896805 552000
1695737032108 7.715623186484949 556000
1695737094021 7.696951591082298 560000
1695737157928 7.69589127016893 564000
1695737219594 7.68360416891941 568000
1695737281910 7.669265941557124 572000
1695737344589 7.663510428152849 576000
1695737411918 7.657320423656488 580000
1695737478206 7.6554056828602635 584000
1695737541875 7.6440284199066815 588000
1695737604314 7.63089205158982 592000
1695737666393 7.62449570584686 596000
1695737728604 7.62704470104336 600000
1695737791530 7.597422187508956 604000
1695737853490 7.594145350171376 608000
1695737916177 7.593446836822544 612000
1695737978547 7.578388340784052 616000
1695738041191 7.572554357851597 620000
1695738103440 7.561765799198545 624000
1695738167278 7.563851405341173 628000
1695738229948 7.557705153055648 632000
1695738292506 7.554849315571806 636000
1695738354993 7.533601064134773 640000
1695738417858 7.527048632695973 644000
1695738479810 7.5195906438091376 648000
1695738542398 7.514887236039271 652000
1695738605834 7.50560938221166 656000
1695738668108 7.49832540124183 660000
1695738731660 7.492717758204619 664000
1695738794127 7.488332408580646 668000
1695738858472 7.480963618656186 672000
1695738921208 7.473130053199978 676000
1695738984403 7.469570070023972 680000
1695739046673 7.464735489478787 684000
1695739110047 7.4577993844710635 688000
1695739171920 7.451989177371376 692000
1695739235448 7.442868422930784 696000
1695739297697 7.44207997796771 700000
1695739360505 7.436154194602018 704000
1695739423188 7.429642696931706 708000
1695739487982 7.42839434311356 712000
1695739550637 7.423518064747349 716000
1695739613261 7.419349608310247 720000
1695739675963 7.4141697588966 724000
1695739737753 7.405298435772311 728000
1695739800439 7.398225843901456 732000
1695739862671 7.391573797199899 736000
1695739925816 7.391070217024057 740000
1695739987660 7.382315138447614 744000
1695740051559 7.381931576449612 748000
1695740114372 7.372933640183297 752000
1695740177597 7.370196924580751 756000
1695740240069 7.377837007641574 760000
1695740301934 7.373619448857285 764000
1695740363515 7.366157497249978 768000
1695740426007 7.356241845897976 772000
1695740488837 7.353734895282817 776000
1695740550675 7.354351616521548 780000
1695740613378 7.347752959618171 784000
1695740676000 7.341959280092146 788000
1695740739760 7.336858483495311 792000
1695740801665 7.336537232416534 796000
1695740864928 7.332199379731941 800000
1695740927130 7.325839370717178 804000
1695740989380 7.318725852814627 808000
1695741052710 7.3157893627899195 812000
1695741116362 7.318562640299463 816000
1695741179094 7.31602670072346 820000
1695741242002 7.316229268099088 824000
1695741305106 7.308259328869994 828000
1695741368432 7.305373782993951 832000
1695741432670 7.301163249764718 836000
1695741500700 7.30072123889744 840000
1695741566744 7.299168023305035 844000
1695741631689 7.301362489220463 848000
1695741707323 7.303707123876387 852000
1695741770163 7.302297330385315 856000
1695741834234 7.298211750571771 860000
1695741896203 7.29701358400885 864000
1695741958387 7.289877001961989 868000
1695742020630 7.285880724462848 872000
1695742083777 7.282119625419789 876000
1695742146446 7.277708463875288 880000
1695742211563 7.280137819014387 884000
1695742275805 7.27611156759013 888000
1695742341545 7.273674036017141 892000
1695742413534 7.2724018107197 896000
1695742481874 7.278454752094045 900000
1695742548194 7.279035558644669 904000
1695742610662 7.273179043533877 908000
1695742672773 7.271774111351942 912000
1695742735059 7.271930269655358 916000
1695742798361 7.268164907224549 920000
1695742861461 7.269169618755317 924000
1695742924044 7.26484358536946 928000
1695742986287 7.260320496107549 932000
1695743049593 7.257780871633431 936000
1695743111872 7.251892247720454 940000
1695743175843 7.253296251517758 944000
1695743237808 7.251710448682512 948000
1695743299713 7.24928066458405 952000
1695743361909 7.23972049529023 956000
1695743425208 7.244262584920688 960000
1695743487687 7.241107285779755 964000
1695743552070 7.2414349595243035 968000
1695743614223 7.236877327507245 972000
1695743677413 7.235611852118839 976000
1695743740455 7.230298410474307 980000
1695743804731 7.228968508127439 984000
1695743866906 7.226061885698212 988000
1695743930030 7.228402425262505 992000
1695743991658 7.2321866415064004 996000
1695744054999 7.224918464805733 1000000
