1695731491878 0.45368043927709145 244000
1695731555252 0.4617688132793182 248000
1695731626899 0.47687388868798136 252000
1695731693896 0.48384370851299147 256000
1695731770331 0.5070917372521166 260000
1695731847759 0.5312848621941635 264000
1695731929207 0.5540341556051771 268000
1695732007441 0.5663138218747614 272000
1695732085504 0.5762177249238674 276000
1695732161519 0.5868457388544023 280000
1695732229748 0.5866972758540198 284000
1695732296177 0.5843083471750163 288000
1695732365287 0.5817038217059444 292000
1695732431636 0.5764265920297665 296000
1695732499205 0.5746629637270233 300000
1695732565089 0.5723888298920571 304000
1695732635355 0.5698017749893903 308000
1695732702974 0.5683662340699599 312000
1695732772299 0.5693328879262934 316000
1695732841491 0.5666304811517621 320000
1695732910153 0.5668090417867928 324000
1695732988617 0.5717752395866026 328000
1695733057676 0.5719176749896261 332000
1695733127132 0.570814734969067 336000
1695733197111 0.570646274949226 340000
1695733266827 0.5717180381598211 344000
1695733337631 0.5704872489297157 348000
1695733406177 0.5697450437805003 352000
1695733475010 0.570810571318559 356000
1695733547073 0.5687015362035261 360000
1695733617644 0.5698990206762132 364000
1695733686132 0.5692198436386365 368000
1695733756117 0.5697849157379045 372000
1695733824355 0.5692881468996674 376000
1695733894857 0.5695090476981907 380000
1695733964189 0.5681255746819842 384000
1695734035188 0.5687352947832481 388000
1695734104168 0.5672545398329626 392000
1695734175597 0.5663774376371143 396000
1695734244641 0.5674269992557321 400000
1695734315665 0.5679006993897452 404000
1695734384573 0.5676063552215559 408000
1695734453358 0.5671602409101596 412000
1695734520645 0.5671290796176727 416000
1695734588352 0.5664810447261042 420000
1695734658302 0.5655150702727441 424000
1695734727968 0.5661412351505913 428000
1695734796859 0.5656457047806489 432000
1695734870196 0.5662030428321099 436000
1695734945731 0.5678995277529297 440000
1695735017042 0.5682360005504429 444000
1695735086336 0.5684341560249602 448000
1695735161659 0.5691396808102633 452000
1695735231901 0.5691478891480803 456000
1695735305840 0.5692529774669663 460000
1695735382088 0.5704012271790875 464000
1695735453097 0.5707850594845832 468000
1695735524328 0.5708049257463967 472000
1695735599097 0.5716242490483617 476000
1695735678602 0.5730117612742714 480000
1695735759724 0.5749943855616576 484000
1695735842288 0.5766996950953636 488000
1695735925714 0.5783021395643818 492000
1695736013390 0.5813490616346575 496000
1695736097237 0.5831191887514656 500000
1695736173564 0.5845652331864408 504000
1695736248806 0.5847044075713568 508000
1695736320530 0.5849285814909388 512000
1695736388118 0.5843480119246068 516000
1695736454255 0.5836120491557397 520000
1695736520586 0.5829340612514395 524000
1695736587014 0.5820495708915016 528000
1695736651643 0.5817862331909769 532000
1695736716082 0.58098696345281 536000
1695736779433 0.5797103424268764 540000
1695736842146 0.5784819342680247 544000
1695736905342 0.5774535010780706 548000
1695736968413 0.577193360538322 552000
1695737032109 0.5758779045199584 556000
1695737094022 0.5749921510903578 560000
1695737157930 0.5746455864269928 564000
1695737219596 0.5735477919451615 568000
1695737281911 0.5724277551899396 572000
1695737344591 0.5719925018768592 576000
1695737411920 0.5717516260725842 580000
1695737478208 0.5716864247200495 584000
1695737541876 0.5707619848643758 588000
1695737604315 0.5697435226815675 592000
1695737666394 0.5693443343582212 596000
1695737728606 0.5696435820924487 600000
1695737791531 0.5668362546922312 604000
1695737853492 0.5667848916682973 608000
1695737916178 0.5666592227209561 612000
1695737978548 0.5658458733351164 616000
1695738041192 0.5652202374103655 620000
1695738103442 0.5645654118558252 624000
1695738167279 0.5645489528682983 628000
1695738229950 0.5639514850269028 632000
1695738292508 0.563597300152043 636000
1695738354994 0.562157603706311 640000
1695738417859 0.56167852753146 644000
1695738479812 0.5609157929937915 648000
1695738542399 0.5604591488535879 652000
1695738605836 0.5597971136842794 656000
1695738668110 0.5593049262424 660000
1695738731661 0.5588998303012889 664000
1695738794129 0.5584352311767571 668000
1695738858473 0.5578133903445249 672000
1695738921209 0.5575329642088608 676000
1695738984406 0.5569824438591845 680000
1695739046674 0.5566141308585946 684000
1695739110048 0.5560205957450634 688000
1695739171922 0.5555615090487296 692000
1695739235449 0.5547624174925118 696000
1695739297698 0.5546941660345395 700000
1695739360506 0.5542791484059612 704000
1695739423190 0.5536674749549798 708000
1695739487984 0.5536094633547151 712000
1695739550638 0.5531605704686938 716000
1695739613263 0.5526743454941566 720000
1695739675964 0.5523223074600205 724000
1695739737754 0.5514601311859182 728000
1695739800440 0.5508855927108132 732000
1695739862672 0.5502276919378404 736000
1695739925817 0.5501236548644547 740000
1695739987662 0.5495192455875192 744000
1695740051561 0.5494841390873331 748000
1695740114374 0.5489219306334968 752000
1695740177599 0.547824200116657 756000
1695740240071 0.5481774284929204 760000
1695740301936 0.5480393536268079 764000
1695740363516 0.5471953286542218 768000
1695740426009 0.5464179313571036 772000
1695740488839 0.5459339401024378 776000
1695740550677 0.54582585576412 780000
1695740613379 0.5454622971053178 784000
1695740676002 0.5451631761979406 788000
1695740739761 0.5447432669851417 792000
1695740801667 0.5443932171089498 796000
1695740864929 0.5439124403510744 800000
1695740927131 0.5431995217566169 804000
1695740989382 0.5427001151617247 808000
1695741052712 0.5423684581720596 812000
1695741116363 0.5425788441058376 816000
1695741179096 0.5425297191435499 820000
1695741242003 0.5423703548533909 824000
1695741305108 0.5418669658922161 828000
1695741368434 0.5416256789381414 832000
1695741432672 0.5414451983679583 836000
1695741500701 0.5415748240489613 840000
1695741566745 0.5412056119556905 844000
1695741631691 0.5412451641449261 848000
1695741707325 0.5415763808768652 852000
1695741770164 0.5413861975986022 856000
1695741834236 0.5411384076553067 860000
1695741896206 0.5408803767868946 864000
1695741958388 0.5404198238510555 868000
1695742020632 0.5401229683432615 872000
1695742083778 0.5397750098296279 876000
1695742146448 0.5394331336096727 880000
1695742211565 0.5394262747397811 884000
1695742275806 0.5392265621938 888000
1695742341547 0.5389396738712781 892000
1695742413536 0.5388209860535037 896000
1695742481875 0.5393514321307111 900000
1695742548195 0.5394145299384827 904000
1695742610663 0.5388851173091944 908000
1695742672774 0.5389203267263769 912000
1695742735060 0.5387566357830896 916000
1695742798363 0.538574337441979 920000
1695742861462 0.5384938245761556 924000
1695742924046 0.5382686200648367 928000
1695742986289 0.5378811291895725 932000
1695743049594 0.5377645643233226 936000
1695743111873 0.5372702195059239 940000
1695743175845 0.5373613703986507 944000
1695743237809 0.5367803307122497 948000
1695743299715 0.5367478261367391 952000
1695743361910 0.5361038032307539 956000
1695743425210 0.5361544892668173 960000
1695743487688 0.5357685238176954 964000
1695743552071 0.53562387148278 968000
1695743614224 0.5352125458077536 972000
1695743677414 0.5351824237288059 976000
1695743740457 0.5348204948821874 980000
1695743804733 0.5348274924842225 984000
1695743866907 0.5345146704195424 988000
1695743930031 0.5345550247771462 992000
1695743991659 0.534944112936213 996000
1695744055001 0.5341979636538393 1000000
