1695731491879 0.0 244000
1695731555253 0.0 248000
1695731626900 0.0 252000
1695731693897 0.0 256000
1695731770332 0.0 260000
1695731847760 0.0 264000
1695731929208 0.0 268000
1695732007442 0.0 272000
1695732085505 0.0 276000
1695732161520 0.0 280000
1695732229749 0.0 284000
1695732296178 0.0 288000
1695732365288 0.0 292000
1695732431637 0.0 296000
1695732499206 0.0 300000
1695732565090 0.0 304000
1695732635356 0.0 308000
1695732702975 0.0 312000
1695732772300 0.0 316000
1695732841492 0.0 320000
1695732910154 0.0 324000
1695732988617 0.0 328000
1695733057677 0.0 332000
1695733127133 0.0 336000
1695733197112 0.0 340000
1695733266827 0.0 344000
1695733337632 0.0 348000
1695733406178 0.0 352000
1695733475011 0.0 356000
1695733547074 0.0 360000
1695733617645 0.0 364000
1695733686133 0.0 368000
1695733756118 0.0 372000
1695733824356 0.0 376000
1695733894858 0.0 380000
1695733964190 0.0 384000
1695734035189 0.0 388000
1695734104169 0.0 392000
1695734175597 0.0 396000
1695734244641 0.0 400000
1695734315666 0.0 404000
1695734384574 0.0 408000
1695734453359 0.0 412000
1695734520646 0.0 416000
1695734588353 0.0 420000
1695734658303 0.0 424000
1695734727969 0.0 428000
1695734796860 0.0 432000
1695734870197 0.0 436000
1695734945732 0.0 440000
1695735017042 0.0 444000
1695735086337 0.0 448000
1695735161660 0.0 452000
1695735231902 0.0 456000
1695735305840 0.0 460000
1695735382089 0.0 464000
1695735453098 0.0 468000
1695735524328 0.0 472000
1695735599099 0.0 476000
1695735678603 0.0 480000
1695735759725 0.0 484000
1695735842289 0.0 488000
1695735925715 0.0 492000
1695736013390 0.0 496000
1695736097238 0.0 500000
1695736173565 0.0 504000
1695736248807 0.0 508000
1695736320531 0.0 512000
1695736388119 0.0 516000
1695736454255 0.0 520000
1695736520586 0.0 524000
1695736587015 0.0 528000
1695736651644 0.0 532000
1695736716083 0.0 536000
1695736779434 0.0 540000
1695736842147 0.0 544000
1695736905343 0.0 548000
1695736968414 0.0 552000
1695737032110 0.0 556000
1695737094023 0.0 560000
1695737157930 0.0 564000
1695737219596 0.0 568000
1695737281912 0.0 572000
1695737344592 0.0 576000
1695737411921 0.0 580000
1695737478208 0.0 584000
1695737541877 0.0 588000
1695737604316 0.0 592000
1695737666395 0.0 596000
1695737728607 0.0 600000
1695737791532 0.0 604000
1695737853493 0.0 608000
1695737916179 0.0 612000
1695737978549 0.0 616000
1695738041193 0.0 620000
1695738103443 0.0 624000
1695738167280 0.0 628000
1695738229951 0.0 632000
1695738292509 0.0 636000
1695738354995 0.0 640000
1695738417860 0.0 644000
1695738479812 0.0 648000
1695738542400 0.0 652000
1695738605836 0.0 656000
1695738668110 0.0 660000
1695738731662 0.0 664000
1695738794130 0.0 668000
1695738858474 0.0 672000
1695738921210 0.0 676000
1695738984407 0.0 680000
1695739046675 0.0 684000
1695739110049 0.0 688000
1695739171922 0.0 692000
1695739235450 0.0 696000
1695739297699 0.0 700000
1695739360507 0.0 704000
1695739423190 0.0 708000
1695739487984 0.0 712000
1695739550639 0.0 716000
1695739613263 0.0 720000
1695739675965 0.0 724000
1695739737755 0.0 728000
1695739800441 0.0 732000
1695739862673 0.0 736000
1695739925818 0.0 740000
1695739987662 0.0 744000
1695740051562 0.0 748000
1695740114374 0.0 752000
1695740177599 0.0 756000
1695740240071 0.0 760000
1695740301936 0.0 764000
1695740363517 0.0 768000
1695740426010 0.0 772000
1695740488840 0.0 776000
1695740550678 0.0 780000
1695740613380 0.0 784000
1695740676003 0.0 788000
1695740739762 0.0 792000
1695740801668 0.0 796000
1695740864930 0.0 800000
1695740927132 0.0 804000
1695740989382 0.0 808000
1695741052713 0.0 812000
1695741116364 0.0 816000
1695741179097 0.0 820000
1695741242004 0.0 824000
1695741305108 0.0 828000
1695741368435 0.0 832000
1695741432673 0.0 836000
1695741500702 0.0 840000
1695741566746 0.0 844000
1695741631691 0.0 848000
1695741707326 0.0 852000
1695741770165 0.0 856000
1695741834236 0.0 860000
1695741896207 0.0 864000
1695741958389 0.0 868000
1695742020633 0.0 872000
1695742083779 0.0 876000
1695742146448 0.0 880000
1695742211566 0.0 884000
1695742275807 0.0 888000
1695742341548 0.0 892000
1695742413537 0.0 896000
1695742481876 0.0 900000
1695742548196 0.0 904000
1695742610664 0.0 908000
1695742672775 0.0 912000
1695742735061 0.0 916000
1695742798364 0.0 920000
1695742861463 0.0 924000
1695742924046 0.0 928000
1695742986290 0.0 932000
1695743049595 0.0 936000
1695743111874 0.0 940000
1695743175846 0.0 944000
1695743237810 0.0 948000
1695743299716 0.0 952000
1695743361911 0.0 956000
1695743425210 0.0 960000
1695743487689 0.0 964000
1695743552072 0.0 968000
1695743614225 0.0 972000
1695743677415 0.0 976000
1695743740458 0.0 980000
1695743804734 0.0 984000
1695743866908 0.0 988000
1695743930032 0.0 992000
1695743991661 0.0 996000
1695744055001 0.0 1000000
