1695731492056 0.0 244000
1695731555431 0.0 248000
1695731627057 0.0 252000
1695731694072 0.0 256000
1695731770521 0.0 260000
1695731847965 0.0 264000
1695731929401 0.0 268000
1695732007635 0.0 272000
1695732085731 0.0 276000
1695732161675 0.0 280000
1695732229910 0.0 284000
1695732296344 0.0 288000
1695732365458 0.0 292000
1695732431791 0.0 296000
1695732499367 0.0 300000
1695732565265 0.0 304000
1695732635539 0.0 308000
1695732703153 0.0 312000
1695732772469 0.0 316000
1695732841654 0.0 320000
1695732910311 0.0 324000
1695732988788 0.0 328000
1695733057848 0.0 332000
1695733127292 0.0 336000
1695733197286 0.0 340000
1695733267002 0.0 344000
1695733337838 0.0 348000
1695733406340 0.0 352000
1695733475181 0.0 356000
1695733547252 0.0 360000
1695733617812 0.0 364000
1695733686310 0.0 368000
1695733756283 0.0 372000
1695733824514 0.0 376000
1695733895027 0.0 380000
1695733964349 0.0 384000
1695734035368 0.0 388000
1695734104331 0.0 392000
1695734175761 0.0 396000
1695734244809 0.0 400000
1695734315834 0.0 404000
1695734384750 0.0 408000
1695734453519 0.0 412000
1695734520810 0.0 416000
1695734588517 0.0 420000
1695734658470 0.0 424000
1695734728135 0.0 428000
1695734797017 0.0 432000
1695734870400 0.0 436000
1695734945902 0.0 440000
1695735017225 0.0 444000
1695735086502 0.0 448000
1695735161826 0.0 452000
1695735232067 0.0 456000
1695735306022 0.0 460000
1695735382291 0.0 464000
1695735453270 0.0 468000
1695735524485 0.0 472000
1695735599284 0.0 476000
1695735678791 0.0 480000
1695735759913 0.0 484000
1695735842477 0.0 488000
1695735925919 0.0 492000
1695736013586 0.0 496000
1695736097428 0.0 500000
1695736173744 0.0 504000
1695736249033 0.0 508000
1695736320728 0.0 512000
1695736388272 0.0 516000
1695736454409 0.0 520000
1695736520737 0.0 524000
1695736587168 0.0 528000
1695736651804 0.0 532000
1695736716233 0.0 536000
1695736779584 0.0 540000
1695736842301 0.0 544000
1695736905505 0.0 548000
1695736968562 0.0 552000
1695737032265 0.0 556000
1695737094173 0.0 560000
1695737158081 0.0 564000
1695737219755 0.0 568000
1695737282081 0.0 572000
1695737344748 0.0 576000
1695737412089 0.0 580000
1695737478361 0.0 584000
1695737542031 0.0 588000
1695737604469 0.0 592000
1695737666553 0.0 596000
1695737728762 0.0 600000
1695737791685 0.0 604000
1695737853640 0.0 608000
1695737916328 0.0 612000
1695737978709 0.0 616000
1695738041345 0.0 620000
1695738103607 0.0 624000
1695738167430 0.0 628000
1695738230106 0.0 632000
1695738292659 0.0 636000
1695738355152 0.0 640000
1695738418008 0.0 644000
1695738479964 0.0 648000
1695738542554 0.0 652000
1695738605987 0.0 656000
1695738668261 0.0 660000
1695738731812 0.0 664000
1695738794283 0.0 668000
1695738858628 0.0 672000
1695738921366 0.0 676000
1695738984590 0.0 680000
1695739046823 0.0 684000
1695739110197 0.0 688000
1695739172074 0.0 692000
1695739235600 0.0 696000
1695739297848 0.0 700000
1695739360664 0.0 704000
1695739423355 0.0 708000
1695739488136 0.0 712000
1695739550790 0.0 716000
1695739613426 0.0 720000
1695739676122 0.0 724000
1695739737909 0.0 728000
1695739800598 0.0 732000
1695739862832 0.0 736000
1695739925974 0.0 740000
1695739987820 0.0 744000
1695740051715 0.0 748000
1695740114535 0.0 752000
1695740177749 0.0 756000
1695740240221 0.0 760000
1695740302093 0.0 764000
1695740363679 0.0 768000
1695740426156 0.0 772000
1695740488992 0.0 776000
1695740550828 0.0 780000
1695740613530 0.0 784000
1695740676153 0.0 788000
1695740739910 0.0 792000
1695740801822 0.0 796000
1695740865079 0.0 800000
1695740927303 0.0 804000
1695740989531 0.0 808000
1695741052869 0.0 812000
1695741116513 0.0 816000
1695741179247 0.0 820000
1695741242164 0.0 824000
1695741305264 0.0 828000
1695741368587 0.0 832000
1695741432832 0.0 836000
1695741500868 0.0 840000
1695741566903 0.0 844000
1695741631857 0.0 848000
1695741707501 0.0 852000
1695741770315 0.0 856000
1695741834396 0.0 860000
1695741896401 0.0 864000
1695741958538 0.0 868000
1695742020787 0.0 872000
1695742083942 0.0 876000
1695742146603 0.0 880000
1695742211723 0.0 884000
1695742275964 0.0 888000
1695742341706 0.0 892000
1695742413747 0.0 896000
1695742482045 0.0 900000
1695742548349 0.0 904000
1695742610814 0.0 908000
1695742672923 0.0 912000
1695742735213 0.0 916000
1695742798522 0.0 920000
1695742861617 0.0 924000
1695742924210 0.0 928000
1695742986443 0.0 932000
1695743049745 0.0 936000
1695743112031 0.0 940000
1695743176001 0.0 944000
1695743237960 0.0 948000
1695743299869 0.0 952000
1695743362071 0.0 956000
1695743425363 0.0 960000
1695743487839 0.0 964000
1695743552223 0.0 968000
1695743614377 0.0 972000
1695743677560 0.0 976000
1695743740611 0.0 980000
1695743804887 0.0 984000
1695743867070 0.0 988000
1695743930180 0.0 992000
1695743991815 0.0 996000
1695744055150 0.0 1000000
