1695731492059 5.0000000000000016e-05 244000
1695731555434 5.0000000000000016e-05 248000
1695731627059 5.0000000000000016e-05 252000
1695731694074 5.0000000000000016e-05 256000
1695731770524 5.0000000000000016e-05 260000
1695731847968 5.0000000000000016e-05 264000
1695731929404 5.0000000000000016e-05 268000
1695732007638 5.0000000000000016e-05 272000
1695732085734 5.0000000000000016e-05 276000
1695732161677 5.0000000000000016e-05 280000
1695732229913 5.0000000000000016e-05 284000
1695732296347 5.0000000000000016e-05 288000
1695732365461 5.0000000000000016e-05 292000
1695732431793 5.0000000000000016e-05 296000
1695732499369 5.0000000000000016e-05 300000
1695732565267 5.0000000000000016e-05 304000
1695732635542 5.0000000000000016e-05 308000
1695732703155 5.0000000000000016e-05 312000
1695732772471 5.0000000000000016e-05 316000
1695732841656 5.0000000000000016e-05 320000
1695732910314 5.0000000000000016e-05 324000
1695732988791 5.0000000000000016e-05 328000
1695733057851 5.0000000000000016e-05 332000
1695733127294 5.0000000000000016e-05 336000
1695733197289 5.0000000000000016e-05 340000
1695733267005 5.0000000000000016e-05 344000
1695733337841 5.0000000000000016e-05 348000
1695733406343 5.0000000000000016e-05 352000
1695733475184 5.0000000000000016e-05 356000
1695733547255 5.0000000000000016e-05 360000
1695733617814 5.0000000000000016e-05 364000
1695733686312 5.0000000000000016e-05 368000
1695733756285 5.0000000000000016e-05 372000
1695733824516 5.0000000000000016e-05 376000
1695733895029 5.0000000000000016e-05 380000
1695733964352 5.0000000000000016e-05 384000
1695734035371 5.0000000000000016e-05 388000
1695734104333 5.0000000000000016e-05 392000
1695734175763 5.0000000000000016e-05 396000
1695734244812 5.0000000000000016e-05 400000
1695734315837 5.0000000000000016e-05 404000
1695734384755 5.0000000000000016e-05 408000
1695734453521 5.0000000000000016e-05 412000
1695734520812 5.0000000000000016e-05 416000
1695734588519 5.0000000000000016e-05 420000
1695734658472 5.0000000000000016e-05 424000
1695734728137 5.0000000000000016e-05 428000
1695734797019 5.0000000000000016e-05 432000
1695734870403 5.0000000000000016e-05 436000
1695734945905 5.0000000000000016e-05 440000
1695735017227 5.0000000000000016e-05 444000
1695735086504 5.0000000000000016e-05 448000
1695735161829 5.0000000000000016e-05 452000
1695735232069 5.0000000000000016e-05 456000
1695735306024 5.0000000000000016e-05 460000
1695735382293 5.0000000000000016e-05 464000
1695735453273 5.0000000000000016e-05 468000
1695735524488 5.0000000000000016e-05 472000
1695735599287 5.0000000000000016e-05 476000
1695735678793 5.0000000000000016e-05 480000
1695735759915 5.0000000000000016e-05 484000
1695735842480 5.0000000000000016e-05 488000
1695735925922 5.0000000000000016e-05 492000
1695736013590 5.0000000000000016e-05 496000
1695736097431 5.0000000000000016e-05 500000
1695736173746 5.0000000000000016e-05 504000
1695736249036 5.0000000000000016e-05 508000
1695736320731 5.0000000000000016e-05 512000
1695736388274 5.0000000000000016e-05 516000
1695736454411 5.0000000000000016e-05 520000
1695736520739 5.0000000000000016e-05 524000
1695736587170 5.0000000000000016e-05 528000
1695736651807 5.0000000000000016e-05 532000
1695736716235 5.0000000000000016e-05 536000
1695736779586 5.0000000000000016e-05 540000
1695736842303 5.0000000000000016e-05 544000
1695736905507 5.0000000000000016e-05 548000
1695736968565 5.0000000000000016e-05 552000
1695737032267 5.0000000000000016e-05 556000
1695737094175 5.0000000000000016e-05 560000
1695737158083 5.0000000000000016e-05 564000
1695737219757 5.0000000000000016e-05 568000
1695737282083 5.0000000000000016e-05 572000
1695737344750 5.0000000000000016e-05 576000
1695737412092 5.0000000000000016e-05 580000
1695737478364 5.0000000000000016e-05 584000
1695737542033 5.0000000000000016e-05 588000
1695737604471 5.0000000000000016e-05 592000
1695737666555 5.0000000000000016e-05 596000
1695737728764 5.0000000000000016e-05 600000
1695737791687 5.0000000000000016e-05 604000
1695737853642 5.0000000000000016e-05 608000
1695737916330 5.0000000000000016e-05 612000
1695737978711 5.0000000000000016e-05 616000
1695738041347 5.0000000000000016e-05 620000
1695738103609 5.0000000000000016e-05 624000
1695738167432 5.0000000000000016e-05 628000
1695738230109 5.0000000000000016e-05 632000
1695738292662 5.0000000000000016e-05 636000
1695738355154 5.0000000000000016e-05 640000
1695738418010 5.0000000000000016e-05 644000
1695738479966 5.0000000000000016e-05 648000
1695738542556 5.0000000000000016e-05 652000
1695738605990 5.0000000000000016e-05 656000
1695738668263 5.0000000000000016e-05 660000
1695738731814 5.0000000000000016e-05 664000
1695738794285 5.0000000000000016e-05 668000
1695738858630 5.0000000000000016e-05 672000
1695738921368 5.0000000000000016e-05 676000
1695738984593 5.0000000000000016e-05 680000
1695739046825 5.0000000000000016e-05 684000
1695739110199 5.0000000000000016e-05 688000
1695739172076 5.0000000000000016e-05 692000
1695739235602 5.0000000000000016e-05 696000
1695739297850 5.0000000000000016e-05 700000
1695739360667 5.0000000000000016e-05 704000
1695739423357 5.0000000000000016e-05 708000
1695739488138 5.0000000000000016e-05 712000
1695739550792 5.0000000000000016e-05 716000
1695739613428 5.0000000000000016e-05 720000
1695739676124 5.0000000000000016e-05 724000
1695739737911 5.0000000000000016e-05 728000
1695739800600 5.0000000000000016e-05 732000
1695739862834 5.0000000000000016e-05 736000
1695739925977 5.0000000000000016e-05 740000
1695739987822 5.0000000000000016e-05 744000
1695740051718 5.0000000000000016e-05 748000
1695740114538 5.0000000000000016e-05 752000
1695740177751 5.0000000000000016e-05 756000
1695740240224 5.0000000000000016e-05 760000
1695740302096 5.0000000000000016e-05 764000
1695740363681 5.0000000000000016e-05 768000
1695740426159 5.0000000000000016e-05 772000
1695740488995 5.0000000000000016e-05 776000
1695740550830 5.0000000000000016e-05 780000
1695740613532 5.0000000000000016e-05 784000
1695740676156 5.0000000000000016e-05 788000
1695740739914 5.0000000000000016e-05 792000
1695740801824 5.0000000000000016e-05 796000
1695740865081 5.0000000000000016e-05 800000
1695740927305 5.0000000000000016e-05 804000
1695740989533 5.0000000000000016e-05 808000
1695741052871 5.0000000000000016e-05 812000
1695741116515 5.0000000000000016e-05 816000
1695741179249 5.0000000000000016e-05 820000
1695741242166 5.0000000000000016e-05 824000
1695741305266 5.0000000000000016e-05 828000
1695741368589 5.0000000000000016e-05 832000
1695741432834 5.0000000000000016e-05 836000
1695741500870 5.0000000000000016e-05 840000
1695741566906 5.0000000000000016e-05 844000
1695741631859 5.0000000000000016e-05 848000
1695741707504 5.0000000000000016e-05 852000
1695741770318 5.0000000000000016e-05 856000
1695741834399 5.0000000000000016e-05 860000
1695741896403 5.0000000000000016e-05 864000
1695741958541 5.0000000000000016e-05 868000
1695742020789 5.0000000000000016e-05 872000
1695742083944 5.0000000000000016e-05 876000
1695742146605 5.0000000000000016e-05 880000
1695742211726 5.0000000000000016e-05 884000
1695742275966 5.0000000000000016e-05 888000
1695742341708 5.0000000000000016e-05 892000
1695742413750 5.0000000000000016e-05 896000
1695742482047 5.0000000000000016e-05 900000
1695742548351 5.0000000000000016e-05 904000
1695742610816 5.0000000000000016e-05 908000
1695742672925 5.0000000000000016e-05 912000
1695742735215 5.0000000000000016e-05 916000
1695742798525 5.0000000000000016e-05 920000
1695742861619 5.0000000000000016e-05 924000
1695742924213 5.0000000000000016e-05 928000
1695742986446 5.0000000000000016e-05 932000
1695743049747 5.0000000000000016e-05 936000
1695743112033 5.0000000000000016e-05 940000
1695743176003 5.0000000000000016e-05 944000
1695743237962 5.0000000000000016e-05 948000
1695743299871 5.0000000000000016e-05 952000
1695743362074 5.0000000000000016e-05 956000
1695743425365 5.0000000000000016e-05 960000
1695743487841 5.0000000000000016e-05 964000
1695743552225 5.0000000000000016e-05 968000
1695743614379 5.0000000000000016e-05 972000
1695743677562 5.0000000000000016e-05 976000
1695743740613 5.0000000000000016e-05 980000
1695743804890 5.0000000000000016e-05 984000
1695743867073 5.0000000000000016e-05 988000
1695743930182 5.0000000000000016e-05 992000
1695743991817 5.0000000000000016e-05 996000
1695744055152 5.0000000000000016e-05 1000000
