1695731492058 0.021093750000000005 244000
1695731555433 0.03164062499999999 248000
1695731627058 0.03164062499999999 252000
1695731694074 0.047460937500000015 256000
1695731770523 0.047460937500000015 260000
1695731847967 0.047460937500000015 264000
1695731929403 0.047460937500000015 268000
1695732007637 0.07119140624999999 272000
1695732085733 0.07119140624999999 276000
1695732161677 0.07119140624999999 280000
1695732229912 0.07119140624999999 284000
1695732296346 0.10678710937499997 288000
1695732365460 0.10678710937499997 292000
1695732431792 0.10678710937499997 296000
1695732499369 0.10678710937499997 300000
1695732565267 0.10678710937499997 304000
1695732635541 0.16018066406250003 308000
1695732703155 0.16018066406250003 312000
1695732772470 0.16018066406250003 316000
1695732841655 0.16018066406250003 320000
1695732910313 0.16018066406250003 324000
1695732988790 0.16018066406250003 328000
1695733057850 0.16018066406250003 332000
1695733127293 0.16018066406250003 336000
1695733197288 0.16018066406250003 340000
1695733267004 0.16018066406250003 344000
1695733337840 0.16018066406250003 348000
1695733406342 0.16018066406250003 352000
1695733475183 0.16018066406250003 356000
1695733547254 0.16018066406250003 360000
1695733617814 0.16018066406250003 364000
1695733686311 0.16018066406250003 368000
1695733756285 0.16018066406250003 372000
1695733824515 0.16018066406250003 376000
1695733895029 0.16018066406250003 380000
1695733964351 0.16018066406250003 384000
1695734035370 0.16018066406250003 388000
1695734104332 0.16018066406250003 392000
1695734175762 0.16018066406250003 396000
1695734244811 0.16018066406250003 400000
1695734315836 0.16018066406250003 404000
1695734384753 0.16018066406250003 408000
1695734453521 0.16018066406250003 412000
1695734520811 0.16018066406250003 416000
1695734588518 0.16018066406250003 420000
1695734658471 0.16018066406250003 424000
1695734728136 0.16018066406250003 428000
1695734797019 0.16018066406250003 432000
1695734870402 0.16018066406250003 436000
1695734945904 0.16018066406250003 440000
1695735017226 0.16018066406250003 444000
1695735086504 0.16018066406250003 448000
1695735161828 0.16018066406250003 452000
1695735232068 0.24027099609374994 456000
1695735306023 0.24027099609374994 460000
1695735382293 0.12013549804687497 464000
1695735453272 0.12013549804687497 468000
1695735524487 0.12013549804687497 472000
1695735599286 0.12013549804687497 476000
1695735678792 0.18020324707031246 480000
1695735759914 0.2703048706054688 484000
1695735842479 0.1351524353027344 488000
1695735925921 0.1351524353027344 492000
1695736013589 0.0675762176513672 496000
1695736097430 0.0337881088256836 500000
1695736173745 0.0168940544128418 504000
1695736249035 0.025341081619262688 508000
1695736320730 0.025341081619262688 512000
1695736388273 0.03801162242889404 516000
1695736454410 0.03801162242889404 520000
1695736520738 0.03801162242889404 524000
1695736587170 0.03801162242889404 528000
1695736651806 0.05701743364334108 532000
1695736716235 0.08552615046501158 536000
1695736779585 0.08552615046501158 540000
1695736842302 0.08552615046501158 544000
1695736905506 0.08552615046501158 548000
1695736968564 0.08552615046501158 552000
1695737032266 0.1282892256975174 556000
1695737094174 0.1282892256975174 560000
1695737158083 0.19243383854627613 564000
1695737219756 0.19243383854627613 568000
1695737282082 0.19243383854627613 572000
1695737344749 0.19243383854627613 576000
1695737412091 0.19243383854627613 580000
1695737478363 0.19243383854627613 584000
1695737542032 0.09621691927313807 588000
1695737604470 0.09621691927313807 592000
1695737666554 0.09621691927313807 596000
1695737728763 0.09621691927313807 600000
1695737791686 0.09621691927313807 604000
1695737853641 0.14432537890970704 608000
1695737916330 0.14432537890970704 612000
1695737978711 0.07216268945485352 616000
1695738041346 0.10824403418228033 620000
1695738103609 0.10824403418228033 624000
1695738167431 0.10824403418228033 628000
1695738230108 0.10824403418228033 632000
1695738292661 0.16236605127342046 636000
1695738355153 0.2435490769101306 640000
1695738418009 0.1217745384550653 644000
1695738479965 0.1217745384550653 648000
1695738542555 0.18266180768259807 652000
1695738605989 0.18266180768259807 656000
1695738668263 0.09133090384129904 660000
1695738731813 0.09133090384129904 664000
1695738794285 0.09133090384129904 668000
1695738858629 0.1369963557619485 672000
1695738921367 0.1369963557619485 676000
1695738984592 0.2054945336429227 680000
1695739046825 0.2054945336429227 684000
1695739110198 0.10274726682146135 688000
1695739172076 0.051373633410730674 692000
1695739235601 0.07706045011609605 696000
1695739297849 0.11559067517414402 700000
1695739360666 0.05779533758707201 704000
1695739423356 0.05779533758707201 708000
1695739488138 0.05779533758707201 712000
1695739550791 0.08669300638060802 716000
1695739613428 0.08669300638060802 720000
1695739676123 0.08669300638060802 724000
1695739737911 0.08669300638060802 728000
1695739800599 0.08669300638060802 732000
1695739862833 0.1300395095709121 736000
1695739925976 0.19505926435636806 740000
1695739987821 0.19505926435636806 744000
1695740051717 0.2925888965345521 748000
1695740114537 0.2925888965345521 752000
1695740177750 0.43888334480182833 756000
1695740240223 0.21944167240091417 760000
1695740302095 0.21944167240091417 764000
1695740363681 0.21944167240091417 768000
1695740426158 0.21944167240091417 772000
1695740488994 0.21944167240091417 776000
1695740550829 0.21944167240091417 780000
1695740613532 0.10972083620045708 784000
1695740676155 0.10972083620045708 788000
1695740739913 0.10972083620045708 792000
1695740801823 0.10972083620045708 796000
1695740865080 0.10972083620045708 800000
1695740927305 0.10972083620045708 804000
1695740989533 0.16458125430068554 808000
1695741052871 0.24687188145102834 812000
1695741116514 0.24687188145102834 816000
1695741179248 0.24687188145102834 820000
1695741242165 0.24687188145102834 824000
1695741305265 0.24687188145102834 828000
1695741368588 0.24687188145102834 832000
1695741432833 0.24687188145102834 836000
1695741500869 0.24687188145102834 840000
1695741566905 0.24687188145102834 844000
1695741631858 0.37030782217654246 848000
1695741707503 0.37030782217654246 852000
1695741770317 0.18515391108827123 856000
1695741834398 0.18515391108827123 860000
1695741896402 0.18515391108827123 864000
1695741958540 0.18515391108827123 868000
1695742020789 0.27773086663240687 872000
1695742083943 0.13886543331620343 876000
1695742146604 0.13886543331620343 880000
1695742211725 0.2082981499743051 884000
1695742275965 0.2082981499743051 888000
1695742341707 0.2082981499743051 892000
1695742413749 0.10414907498715255 896000
1695742482047 0.10414907498715255 900000
1695742548351 0.15622361248072889 904000
1695742610815 0.15622361248072889 908000
1695742672925 0.2343354187210932 912000
1695742735215 0.2343354187210932 916000
1695742798524 0.1171677093605466 920000
1695742861618 0.17575156404081996 924000
1695742924212 0.17575156404081996 928000
1695742986445 0.08787578202040998 932000
1695743049747 0.13181367303061498 936000
1695743112033 0.1977205095459224 940000
1695743176002 0.1977205095459224 944000
1695743237962 0.1977205095459224 948000
1695743299871 0.1977205095459224 952000
1695743362073 0.1977205095459224 956000
1695743425364 0.1977205095459224 960000
1695743487840 0.2965807643188837 964000
1695743552224 0.2965807643188837 968000
1695743614378 0.2965807643188837 972000
1695743677562 0.2965807643188837 976000
1695743740612 0.14829038215944185 980000
1695743804889 0.14829038215944185 984000
1695743867072 0.14829038215944185 988000
1695743930181 0.14829038215944185 992000
1695743991816 0.14829038215944185 996000
1695744055151 0.14829038215944185 1000000
