1695731492064 0.0010000000000000005 244000
1695731555440 0.0010000000000000005 248000
1695731627064 0.0010000000000000005 252000
1695731694080 0.0010000000000000005 256000
1695731770531 0.0010000000000000005 260000
1695731847974 0.0010000000000000005 264000
1695731929412 0.0010000000000000005 268000
1695732007645 0.0010000000000000005 272000
1695732085741 0.0010000000000000005 276000
1695732161683 0.0010000000000000005 280000
1695732229918 0.0010000000000000005 284000
1695732296352 0.0010000000000000005 288000
1695732365466 0.0010000000000000005 292000
1695732431798 0.0010000000000000005 296000
1695732499375 0.0010000000000000005 300000
1695732565273 0.0010000000000000005 304000
1695732635548 0.0010000000000000005 308000
1695732703161 0.0010000000000000005 312000
1695732772477 0.0010000000000000005 316000
1695732841662 0.0010000000000000005 320000
1695732910319 0.0010000000000000005 324000
1695732988796 0.0010000000000000005 328000
1695733057856 0.0010000000000000005 332000
1695733127299 0.0010000000000000005 336000
1695733197295 0.0010000000000000005 340000
1695733267011 0.0010000000000000005 344000
1695733337848 0.0010000000000000005 348000
1695733406348 0.0010000000000000005 352000
1695733475190 0.0010000000000000005 356000
1695733547261 0.0010000000000000005 360000
1695733617820 0.0010000000000000005 364000
1695733686319 0.0010000000000000005 368000
1695733756291 0.0010000000000000005 372000
1695733824521 0.0010000000000000005 376000
1695733895035 0.0010000000000000005 380000
1695733964357 0.0010000000000000005 384000
1695734035377 0.0010000000000000005 388000
1695734104339 0.0010000000000000005 392000
1695734175769 0.0010000000000000005 396000
1695734244818 0.0010000000000000005 400000
1695734315842 0.0010000000000000005 404000
1695734384761 0.0010000000000000005 408000
1695734453527 0.0010000000000000005 412000
1695734520817 0.0010000000000000005 416000
1695734588525 0.0010000000000000005 420000
1695734658478 0.0010000000000000005 424000
1695734728143 0.0010000000000000005 428000
1695734797024 0.0010000000000000005 432000
1695734870410 0.0010000000000000005 436000
1695734945911 0.0010000000000000005 440000
1695735017233 0.0010000000000000005 444000
1695735086510 0.0010000000000000005 448000
1695735161835 0.0010000000000000005 452000
1695735232075 0.0010000000000000005 456000
1695735306030 0.0010000000000000005 460000
1695735382300 0.0010000000000000005 464000
1695735453279 0.0010000000000000005 468000
1695735524493 0.0010000000000000005 472000
1695735599293 0.0010000000000000005 476000
1695735678800 0.0010000000000000005 480000
1695735759921 0.0010000000000000005 484000
1695735842486 0.0010000000000000005 488000
1695735925928 0.0010000000000000005 492000
1695736013596 0.0010000000000000005 496000
1695736097437 0.0010000000000000005 500000
1695736173752 0.0010000000000000005 504000
1695736249044 0.0010000000000000005 508000
1695736320738 0.0010000000000000005 512000
1695736388279 0.0010000000000000005 516000
1695736454416 0.0010000000000000005 520000
1695736520744 0.0010000000000000005 524000
1695736587176 0.0010000000000000005 528000
1695736651813 0.0010000000000000005 532000
1695736716240 0.0010000000000000005 536000
1695736779592 0.0010000000000000005 540000
1695736842308 0.0010000000000000005 544000
1695736905512 0.0010000000000000005 548000
1695736968570 0.0010000000000000005 552000
1695737032273 0.0010000000000000005 556000
1695737094180 0.0010000000000000005 560000
1695737158088 0.0010000000000000005 564000
1695737219763 0.0010000000000000005 568000
1695737282088 0.0010000000000000005 572000
1695737344756 0.0010000000000000005 576000
1695737412097 0.0010000000000000005 580000
1695737478369 0.0010000000000000005 584000
1695737542039 0.0010000000000000005 588000
1695737604476 0.0010000000000000005 592000
1695737666561 0.0010000000000000005 596000
1695737728769 0.0010000000000000005 600000
1695737791692 0.0010000000000000005 604000
1695737853647 0.0010000000000000005 608000
1695737916336 0.0010000000000000005 612000
1695737978716 0.0010000000000000005 616000
1695738041352 0.0010000000000000005 620000
1695738103615 0.0010000000000000005 624000
1695738167437 0.0010000000000000005 628000
1695738230114 0.0010000000000000005 632000
1695738292667 0.0010000000000000005 636000
1695738355159 0.0010000000000000005 640000
1695738418015 0.0010000000000000005 644000
1695738479971 0.0010000000000000005 648000
1695738542562 0.0010000000000000005 652000
1695738605995 0.0010000000000000005 656000
1695738668268 0.0010000000000000005 660000
1695738731819 0.0010000000000000005 664000
1695738794290 0.0010000000000000005 668000
1695738858635 0.0010000000000000005 672000
1695738921374 0.0010000000000000005 676000
1695738984598 0.0010000000000000005 680000
1695739046830 0.0010000000000000005 684000
1695739110203 0.0010000000000000005 688000
1695739172081 0.0010000000000000005 692000
1695739235608 0.0010000000000000005 696000
1695739297855 0.0010000000000000005 700000
1695739360672 0.0010000000000000005 704000
1695739423363 0.0010000000000000005 708000
1695739488144 0.0010000000000000005 712000
1695739550797 0.0010000000000000005 716000
1695739613434 0.0010000000000000005 720000
1695739676130 0.0010000000000000005 724000
1695739737917 0.0010000000000000005 728000
1695739800606 0.0010000000000000005 732000
1695739862839 0.0010000000000000005 736000
1695739925982 0.0010000000000000005 740000
1695739987827 0.0010000000000000005 744000
1695740051723 0.0010000000000000005 748000
1695740114543 0.0010000000000000005 752000
1695740177756 0.0010000000000000005 756000
1695740240229 0.0010000000000000005 760000
1695740302101 0.0010000000000000005 764000
1695740363686 0.0010000000000000005 768000
1695740426164 0.0010000000000000005 772000
1695740489000 0.0010000000000000005 776000
1695740550835 0.0010000000000000005 780000
1695740613537 0.0010000000000000005 784000
1695740676161 0.0010000000000000005 788000
1695740739920 0.0010000000000000005 792000
1695740801829 0.0010000000000000005 796000
1695740865087 0.0010000000000000005 800000
1695740927311 0.0010000000000000005 804000
1695740989539 0.0010000000000000005 808000
1695741052876 0.0010000000000000005 812000
1695741116520 0.0010000000000000005 816000
1695741179254 0.0010000000000000005 820000
1695741242172 0.0010000000000000005 824000
1695741305271 0.0010000000000000005 828000
1695741368595 0.0010000000000000005 832000
1695741432839 0.0010000000000000005 836000
1695741500876 0.0010000000000000005 840000
1695741566911 0.0010000000000000005 844000
1695741631865 0.0010000000000000005 848000
1695741707509 0.0010000000000000005 852000
1695741770323 0.0010000000000000005 856000
1695741834404 0.0010000000000000005 860000
1695741896409 0.0010000000000000005 864000
1695741958546 0.0010000000000000005 868000
1695742020795 0.0010000000000000005 872000
1695742083951 0.0010000000000000005 876000
1695742146611 0.0010000000000000005 880000
1695742211731 0.0010000000000000005 884000
1695742275972 0.0010000000000000005 888000
1695742341713 0.0010000000000000005 892000
1695742413757 0.0010000000000000005 896000
1695742482053 0.0010000000000000005 900000
1695742548356 0.0010000000000000005 904000
1695742610821 0.0010000000000000005 908000
1695742672930 0.0010000000000000005 912000
1695742735221 0.0010000000000000005 916000
1695742798531 0.0010000000000000005 920000
1695742861625 0.0010000000000000005 924000
1695742924218 0.0010000000000000005 928000
1695742986452 0.0010000000000000005 932000
1695743049752 0.0010000000000000005 936000
1695743112039 0.0010000000000000005 940000
1695743176008 0.0010000000000000005 944000
1695743237968 0.0010000000000000005 948000
1695743299877 0.0010000000000000005 952000
1695743362079 0.0010000000000000005 956000
1695743425370 0.0010000000000000005 960000
1695743487846 0.0010000000000000005 964000
1695743552230 0.0010000000000000005 968000
1695743614385 0.0010000000000000005 972000
1695743677567 0.0010000000000000005 976000
1695743740619 0.0010000000000000005 980000
1695743804894 0.0010000000000000005 984000
1695743867078 0.0010000000000000005 988000
1695743930187 0.0010000000000000005 992000
1695743991822 0.0010000000000000005 996000
1695744055157 0.0010000000000000005 1000000
