1695731492063 0.8286206203202406 244000
1695731555439 0.7550956650947531 248000
1695731627063 0.722750461474061 252000
1695731694079 0.7811850481977065 256000
1695731770530 0.6941773404677709 260000
1695731847973 0.6144241090863943 264000
1695731929411 0.5706748799731334 268000
1695732007644 0.5113726487072806 272000
1695732085740 0.4340007546978692 276000
1695732161682 0.4023735296912491 280000
1695732229917 0.465243712409089 284000
1695732296352 0.4882379318587482 288000
1695732365466 0.5013727963902056 292000
1695732431797 0.44687051738922795 296000
1695732499374 0.4634048386787375 300000
1695732565272 0.4868203899823129 304000
1695732635547 0.45669996344173946 308000
1695732703160 0.42470905017107724 312000
1695732772476 0.3674001303811868 316000
1695732841661 0.3807442126485209 320000
1695732910318 0.39445104779054724 324000
1695732988795 0.30163690261542797 328000
1695733057855 0.28500343604634204 332000
1695733127299 0.32119680594963335 336000
1695733197294 0.3095391848900666 340000
1695733267010 0.3345859677530825 344000
1695733337847 0.3045223102128754 348000
1695733406348 0.36635466301813724 352000
1695733475189 0.39509323925400774 356000
1695733547260 0.3590438572069009 360000
1695733617819 0.28067420003935695 364000
1695733686317 0.2956982403372725 368000
1695733756290 0.27618017758553226 372000
1695733824521 0.3055415900889784 376000
1695733895034 0.28137321045311786 380000
1695733964356 0.2850913890016576 384000
1695734035377 0.2697364475112408 388000
1695734104338 0.28096585725434126 392000
1695734175768 0.26348594456600644 396000
1695734244817 0.2904671669006348 400000
1695734315842 0.2966727716537813 404000
1695734384760 0.2866016822246214 408000
1695734453526 0.2792880132483939 412000
1695734520817 0.27256830730475484 416000
1695734588524 0.2513219605976095 420000
1695734658477 0.30541244672300916 424000
1695734728142 0.25452125288235644 428000
1695734797024 0.2582162997840593 432000
1695734870409 0.3558849201692889 436000
1695734945910 0.27804091745056214 440000
1695735017232 0.24728536177426577 444000
1695735086509 0.23720712082770964 448000
1695735161834 0.32099430190088846 452000
1695735232074 0.21535141196412344 456000
1695735306029 0.2067974252005418 460000
1695735382299 0.1745891170343384 464000
1695735453278 0.14975454091327264 468000
1695735524492 0.15852162062656133 472000
1695735599292 0.20323181659914552 476000
1695735678799 0.2658275271610667 480000
1695735759921 0.24622146954449514 484000
1695735842485 0.2501483610831201 488000
1695735925927 0.21149718046654015 492000
1695736013595 0.20317157888785004 496000
1695736097436 0.13833516115167488 500000
1695736173751 0.2006250184106951 504000
1695736249043 0.107394261592223 508000
1695736320737 0.20696343656163663 512000
1695736388279 0.2489687399783482 516000
1695736454415 0.2875305169339602 520000
1695736520743 0.24371619961845378 524000
1695736587175 0.35398359093038984 528000
1695736651812 0.5443806846626102 532000
1695736716239 0.4552762814176579 536000
1695736779591 0.2992944720045974 540000
1695736842307 0.378591946264108 544000
1695736905511 0.3676635074118773 548000
1695736968569 0.44390011330445606 552000
1695737032272 0.3787160034601887 556000
1695737094179 0.5483977032825351 560000
1695737158087 0.4067905061878264 564000
1695737219762 0.3862831900982807 568000
1695737282088 0.4299287321356436 572000
1695737344755 0.33486931105144324 576000
1695737412096 0.2981693422887474 580000
1695737478368 0.20490410395432263 584000
1695737542038 0.16598030739696695 588000
1695737604475 0.215429758396931 592000
1695737666560 0.23093550046129774 596000
1695737728768 0.37969588573711616 600000
1695737791691 0.37957740291021763 604000
1695737853646 0.2188833335414529 608000
1695737916335 0.18341792701588322 612000
1695737978716 0.2352917712337027 616000
1695738041351 0.2231750023085624 620000
1695738103614 0.21454537784059843 624000
1695738167436 0.1566121247674649 628000
1695738230113 0.24205643165235718 632000
1695738292666 0.23405649916579327 636000
1695738355159 0.0994842043282309 640000
1695738418014 0.10687747130674931 644000
1695738479971 0.20401862636208534 648000
1695738542561 0.11015732418745756 652000
1695738605994 0.0757791885388239 656000
1695738668267 0.09627607317718988 660000
1695738731819 0.18382895990119627 664000
1695738794290 0.24261005081546802 668000
1695738858634 0.20353708853169034 672000
1695738921373 0.19515956731047482 676000
1695738984598 0.13120935730791342 680000
1695739046829 0.11160203681016961 684000
1695739110203 0.08845434933124731 688000
1695739172080 0.13908708326052874 692000
1695739235607 0.2828904784129312 696000
1695739297855 0.09349604136271712 700000
1695739360672 0.13550230424152687 704000
1695739423362 0.12142634791477273 708000
1695739488143 0.1609826576585571 712000
1695739550797 0.13974796318604302 716000
1695739613433 0.1761645497676606 720000
1695739676129 0.1945460939857488 724000
1695739737916 0.1686505124050503 728000
1695739800605 0.29403761903134484 732000
1695739862839 0.35206060923325516 736000
1695739925982 0.3126302997581661 740000
1695739987826 0.5109050229502221 744000
1695740051722 0.3793338842534771 748000
1695740114542 0.4587255955984195 752000
1695740177756 0.2907856275172283 756000
1695740240228 0.26990157609495025 760000
1695740302101 0.2754404754998783 764000
1695740363685 0.3775285231570403 768000
1695740426164 0.36257989187724887 772000
1695740488999 0.4438225842391451 776000
1695740550835 0.32736436009096603 780000
1695740613537 0.43718007126202185 784000
1695740676160 0.3595652799742917 788000
1695740739918 0.352069471264258 792000
1695740801828 0.3374143830034882 796000
1695740865086 0.22926687479484825 800000
1695740927311 0.3088941584651669 804000
1695740989538 0.4205628063219289 808000
1695741052876 0.32682690137686826 812000
1695741116519 0.25483236913569274 816000
1695741179254 0.1756046544217194 820000
1695741242171 0.20150616011427094 824000
1695741305271 0.1347434243148503 828000
1695741368594 0.16976071496028453 832000
1695741432839 0.2697808871821811 836000
1695741500875 0.29830783406893413 840000
1695741566910 0.3105550354812294 844000
1695741631864 0.15003163975973924 848000
1695741707508 0.1362406455252009 852000
1695741770322 0.16026496524767328 856000
1695741834403 0.13770936282817275 860000
1695741896409 0.163987340273646 864000
1695741958545 0.18368920801052202 868000
1695742020794 0.11829405961325393 872000
1695742083950 0.08922022569070881 876000
1695742146610 0.17623860232997685 880000
1695742211730 0.1970042237856736 884000
1695742275971 0.15988806549770138 888000
1695742341713 0.23795088067029913 892000
1695742413756 0.274738178603972 896000
1695742482052 0.25126172543969005 900000
1695742548356 0.21902234586887062 904000
1695742610821 0.2826539536782851 908000
1695742672929 0.23005818702901404 912000
1695742735220 0.16513306916846585 916000
1695742798530 0.16022652291770403 920000
1695742861624 0.1455916443374008 924000
1695742924217 0.11386990554941197 928000
1695742986451 0.1739750105033939 932000
1695743049751 0.255605280570065 936000
1695743112038 0.31374683349082866 940000
1695743176007 0.3734176908619702 944000
1695743237967 0.2367308693084245 948000
1695743299876 0.2112360389282306 952000
1695743362078 0.2867612204824885 956000
1695743425369 0.21404049599077551 960000
1695743487845 0.17447290711958582 964000
1695743552229 0.21713519585318863 968000
1695743614384 0.2510830344942709 972000
1695743677567 0.19321754849515854 976000
1695743740618 0.13303748514736072 980000
1695743804894 0.14240839991252868 984000
1695743867077 0.15510644003904114 988000
1695743930186 0.1729830307032292 992000
1695743991821 0.3299073123838753 996000
1695744055157 0.20264520981969933 1000000
