1695731492057 2.161316995260616 244000
1695731555432 2.0848743143181006 248000
1695731627057 1.9677062396580973 252000
1695731694073 2.1109171815216543 256000
1695731770522 2.0489319670324524 260000
1695731847966 1.927312551252544 264000
1695731929402 2.0717382276430727 268000
1695732007636 1.894934991809229 272000
1695732085732 1.6921696244428555 276000
1695732161676 1.6076331220567226 280000
1695732229911 1.7869176611304283 284000
1695732296345 1.7001438324029248 288000
1695732365459 1.668773180494706 292000
1695732431792 1.7058948632950584 296000
1695732499368 1.6473630438248317 300000
1695732565266 1.5049114449570575 304000
1695732635540 1.8135201767707865 308000
1695732703154 1.681914873731633 312000
1695732772469 1.3932472812011838 316000
1695732841655 1.544169321594139 320000
1695732910312 1.7277969169119993 324000
1695732988789 1.3825159509666265 328000
1695733057849 1.2877765161606172 332000
1695733127293 1.3563393968157471 336000
1695733197287 1.3217721726434926 340000
1695733267003 1.523997443014135 344000
1695733337839 1.3144382846852143 348000
1695733406341 1.3599090312297146 352000
1695733475182 1.327176343339185 356000
1695733547253 1.4290295113188525 360000
1695733617813 1.058888065069914 364000
1695733686310 1.6216497217305004 368000
1695733756284 1.12635100428015 372000
1695733824514 1.4668204432353378 376000
1695733895028 1.3523809822897117 380000
1695733964350 1.2341439781400065 384000
1695734035369 1.2293345463462173 388000
1695734104332 1.2303246181458234 392000
1695734175761 1.1397470615804195 396000
1695734244810 1.1427880396445593 400000
1695734315835 1.1709537548013031 404000
1695734384751 1.2652263122921188 408000
1695734453520 1.292653160666426 412000
1695734520811 1.2618361538896958 416000
1695734588517 1.2705893892794848 420000
1695734658470 1.2452664411626757 424000
1695734728135 1.109207323535035 428000
1695734797018 1.1810044443545242 432000
1695734870401 1.5385243682811658 436000
1695734945903 1.3832486478301387 440000
1695735017226 1.0521213302078347 444000
1695735086503 1.101624313959231 448000
1695735161827 1.2891083382070065 452000
1695735232067 1.03069735057652 456000
1695735306022 0.8826406450010836 460000
1695735382292 0.6880139193497599 464000
1695735453271 0.711814479669556 468000
1695735524486 0.6527740527875722 472000
1695735599285 1.2368847278878092 476000
1695735678792 1.2240662674264362 480000
1695735759913 1.0813193992556382 484000
1695735842478 1.0950174537176887 488000
1695735925920 0.8745645263387511 492000
1695736013587 0.7893239937101801 496000
1695736097429 0.6399316159853091 500000
1695736173744 0.9894166136936595 504000
1695736249034 0.6344075040426105 508000
1695736320729 1.0793878095845382 512000
1695736388272 1.4429480674831818 516000
1695736454410 1.34122673732539 520000
1695736520737 1.3810089732830724 524000
1695736587169 1.300539182405919 528000
1695736651805 1.519437533741196 532000
1695736716234 1.4745097911295793 536000
1695736779585 1.4484403615196546 540000
1695736842301 1.6975058519591888 544000
1695736905505 1.304117236038049 548000
1695736968563 1.607927236830195 552000
1695737032266 1.6000967559715111 556000
1695737094174 2.2059962771212063 560000
1695737158082 1.394528038209925 564000
1695737219755 1.495444359878699 568000
1695737282081 1.530457423782597 572000
1695737344749 1.4177584651236732 576000
1695737412090 1.3584511855617165 580000
1695737478362 1.317437055769066 584000
1695737542032 1.0441350853846718 588000
1695737604470 1.3057043852284551 592000
1695737666553 1.063001588638872 596000
1695737728762 1.5638634890628358 600000
1695737791686 1.387603508370618 604000
1695737853640 1.292055122181773 608000
1695737916329 1.2244935074510674 612000
1695737978710 0.9416673238777246 616000
1695738041345 1.102338160093253 620000
1695738103608 0.9356130954033385 624000
1695738167431 1.139765144403403 628000
1695738230107 1.3525307442527263 632000
1695738292660 1.2887874965555965 636000
1695738355153 0.705799967997397 640000
1695738418008 1.0265719786208745 644000
1695738479965 1.121567057662954 648000
1695738542554 0.8587883779002975 652000
1695738605988 0.6424140614146988 656000
1695738668262 0.5479309504774089 660000
1695738731812 0.8470241202817609 664000
1695738794284 1.264512926650544 668000
1695738858628 1.7038060661560546 672000
1695738921367 1.0195062861933062 676000
1695738984591 0.9410069478598113 680000
1695739046824 0.5123923621295641 684000
1695739110197 0.46353253500225644 688000
1695739172075 0.7182785308298966 692000
1695739235601 1.2832979786209762 696000
1695739297849 0.4640134678067019 700000
1695739360665 0.6046805629972368 704000
1695739423355 0.6885448446419711 708000
1695739488137 1.548621614696458 712000
1695739550791 0.9297263355304798 716000
1695739613427 1.0750632502293835 720000
1695739676123 1.3082854187116026 724000
1695739737910 1.1069914649085453 728000
1695739800599 1.3792954122958083 732000
1695739862832 1.3484977876767517 736000
1695739925975 1.1293542409315704 740000
1695739987820 1.4524643113836646 744000
1695740051716 1.2479780946858228 748000
1695740114536 1.8775590165518223 752000
1695740177750 1.3175567363388836 756000
1695740240222 1.218507112407436 760000
1695740302094 1.0370396066146592 764000
1695740363680 1.541937560867518 768000
1695740426157 1.36923566882809 772000
1695740488993 1.271437040126572 776000
1695740550829 1.2288877829288443 780000
1695740613531 1.3288000643874207 784000
1695740676154 1.1843622504733502 788000
1695740739912 0.9163284942818185 792000
1695740801822 0.9752309263528635 796000
1695740865080 0.9640251424318801 800000
1695740927304 1.4134185868315399 804000
1695740989532 1.4968802046651641 808000
1695741052870 1.2717564354650677 812000
1695741116514 0.9864398798750093 816000
1695741179248 0.9365882289130241 820000
1695741242165 0.8374277979911615 824000
1695741305264 0.6465342146344483 828000
1695741368588 0.7207558227392534 832000
1695741432832 1.1723509359173476 836000
1695741500869 0.9076269188895821 840000
1695741566904 1.1485652315119903 844000
1695741631858 0.6543236051375667 848000
1695741707502 0.49152227202430365 852000
1695741770316 0.6621924357333531 856000
1695741834397 0.7131223492790013 860000
1695741896402 0.8497219594505926 864000
1695741958539 1.1490932511010519 868000
1695742020788 0.6979676079936326 872000
1695742083943 0.5103910299561297 876000
1695742146603 0.9038438768746953 880000
1695742211724 1.0965549492587645 884000
1695742275965 0.9426375647541135 888000
1695742341706 0.8951404948097964 892000
1695742413748 1.111179118975997 896000
1695742482046 1.167200624383986 900000
1695742548350 0.945907369038711 904000
1695742610814 1.1513806183977673 908000
1695742672924 1.2389840523557116 912000
1695742735214 0.5962001438563068 916000
1695742798523 0.7199533022474498 920000
1695742861617 0.8142042627558113 924000
1695742924211 0.5968498429904382 928000
1695742986444 0.6206842900874714 932000
1695743049746 1.2606211620382965 936000
1695743112032 1.4769817859555283 940000
1695743176001 0.7701652740438779 944000
1695743237961 1.1777174399234354 948000
1695743299870 1.0556922586013873 952000
1695743362072 1.0903682609864822 956000
1695743425363 0.961197330073143 960000
1695743487840 0.8832164259627462 964000
1695743552224 1.0240845701967676 968000
1695743614377 1.2076422525259356 972000
1695743677561 0.6292734726176907 976000
1695743740612 1.126903077075258 980000
1695743804888 0.7440648305074622 984000
1695743867071 0.784102087545519 988000
1695743930181 0.9262895992957055 992000
1695743991815 1.1832428945849338 996000
1695744055151 0.9207354209075371 1000000
