1695731492063 0.033211967073840526 244000
1695731555438 0.019340280315242583 248000
1695731627062 0.0205079005948146 252000
1695731694079 0.017935193160556494 256000
1695731770529 0.012799087504751328 260000
1695731847972 0.011625175494685452 264000
1695731929410 0.029117491094268155 268000
1695732007643 0.009627034832949946 272000
1695732085739 0.007411082278207892 276000
1695732161681 0.010252120409296595 280000
1695732229917 0.021339109659547262 284000
1695732296351 0.010164093381438925 288000
1695732365465 0.01158474568015701 292000
1695732431797 0.013165821296644205 296000
1695732499373 0.009097538590313448 300000
1695732565271 0.023106097200072877 304000
1695732635546 0.00956294072235792 308000
1695732703160 0.007229032825613757 312000
1695732772475 0.008840991415535512 316000
1695732841660 0.008008229068752825 320000
1695732910317 0.017032408007345252 324000
1695732988794 0.008209831079439785 328000
1695733057855 0.0051494371393985714 332000
1695733127298 0.007883132074311412 336000
1695733197293 0.012135889322305216 340000
1695733267009 0.008230916053444462 344000
1695733337846 0.006387570916547721 348000
1695733406347 0.009031286597972457 352000
1695733475188 0.011925762623726162 356000
1695733547259 0.008062961599470777 360000
1695733617819 0.007047352820234585 364000
1695733686316 0.0149591570572842 368000
1695733756289 0.007035060123760556 372000
1695733824520 0.009625530386696203 376000
1695733895033 0.006416105740522237 380000
1695733964356 0.006325675585846286 384000
1695734035376 0.007830726259771836 388000
1695734104337 0.007539935821796462 392000
1695734175767 0.014890430458836238 396000
1695734244816 0.011877599679572979 400000
1695734315841 0.007266862018830811 404000
1695734384759 0.008680066420684066 408000
1695734453525 0.007006551997752315 412000
1695734520816 0.008827905839471278 416000
1695734588523 0.00632185598543286 420000
1695734658476 0.018991529427292164 424000
1695734728141 0.005917103338908021 428000
1695734797023 0.008394399293780925 432000
1695734870408 0.01433704024133764 436000
1695734945909 0.006188820317546832 440000
1695735017232 0.005470782279051415 444000
1695735086509 0.006251542426306614 448000
1695735161833 0.022603195373476152 452000
1695735232073 0.005314579611803682 456000
1695735306028 0.004761173600367221 460000
1695735382298 0.007784613213525897 464000
1695735453277 0.005871155107129035 468000
1695735524492 0.013919944006604604 472000
1695735599291 0.02455702586850271 476000
1695735678798 0.02625614510430576 480000
1695735759920 0.0036419868824453814 484000
1695735842484 0.0052187019241935586 488000
1695735925927 0.0049178624644122875 492000
1695736013594 0.004283336136584618 496000
1695736097436 0.004826218376979348 500000
1695736173751 0.02216942420695715 504000
1695736249042 0.008780418325966367 508000
1695736320736 0.04793503650786191 512000
1695736388278 0.006175575761810642 516000
1695736454414 0.0067382378330952215 520000
1695736520742 0.011974437844378039 524000
1695736587174 0.02822343932264967 528000
1695736651812 0.030179073668189074 532000
1695736716239 0.018490036113420653 536000
1695736779590 0.01151363388736782 540000
1695736842306 0.012490825856432745 544000
1695736905511 0.013369488968829947 548000
1695736968568 0.03800482347126888 552000
1695737032271 0.007243466969451399 556000
1695737094179 0.026784584202539465 560000
1695737158087 0.011123962359718735 564000
1695737219761 0.007803572224890935 568000
1695737282087 0.010040528138115817 572000
1695737344754 0.01233765718758294 576000
1695737412096 0.005440650999983119 580000
1695737478368 0.004666067864077058 584000
1695737542037 0.007355484363254755 588000
1695737604475 0.005693739463792916 592000
1695737666559 0.01683716244912726 596000
1695737728767 0.018597935485158024 600000
1695737791691 0.06381447996452097 604000
1695737853645 0.009020138299988842 608000
1695737916335 0.003448927524383678 612000
1695737978715 0.0346652015658128 616000
1695738041350 0.0060287834454500035 620000
1695738103613 0.011274178532496739 624000
1695738167436 0.008445177392629713 628000
1695738230113 0.043705457421418244 632000
1695738292666 0.02159063531813626 636000
1695738355158 0.004765917451215593 640000
1695738418013 0.013361100359363422 644000
1695738479970 0.04265479607802069 648000
1695738542560 0.007076127313569932 652000
1695738605994 0.003631072158499361 656000
1695738668267 0.011869526842247909 660000
1695738731818 0.013586942375499556 664000
1695738794289 0.022404380529424485 668000
1695738858634 0.008775268991527137 672000
1695738921372 0.04053354169790945 676000
1695738984597 0.010417046454265489 680000
1695739046829 0.0038826487956905484 684000
1695739110202 0.004185976089666047 688000
1695739172080 0.021655071067125675 692000
1695739235606 0.0750838495542737 696000
1695739297854 0.0038495248956425124 700000
1695739360671 0.007066857138681048 704000
1695739423361 0.011827984526517111 708000
1695739488142 0.02585304949767562 712000
1695739550796 0.008431733519133764 716000
1695739613433 0.009218696510942929 720000
1695739676128 0.007791806120747072 724000
1695739737915 0.006107778141002503 728000
1695739800604 0.03279769997853036 732000
1695739862838 0.0388624448662959 736000
1695739925981 0.018215935496133307 740000
1695739987825 0.024323609850257912 744000
1695740051721 0.01046858519628974 748000
1695740114542 0.03135271335045349 752000
1695740177755 0.00471325384919825 756000
1695740240227 0.015518651661438232 760000
1695740302100 0.01884240035855148 764000
1695740363685 0.016024424425570297 768000
1695740426163 0.010597406628788171 772000
1695740488998 0.009357022422780708 776000
1695740550834 0.0045145621379538555 780000
1695740613536 0.014791703651824854 784000
1695740676160 0.008672358179598324 788000
1695740739918 0.010180595634888464 792000
1695740801827 0.007062831494889395 796000
1695740865086 0.013488406688198906 800000
1695740927310 0.0401660568080737 804000
1695740989537 0.056893834622658165 808000
1695741052875 0.017199275739845157 812000
1695741116518 0.009169169147539196 816000
1695741179253 0.015492412394608983 820000
1695741242170 0.008288168679368855 824000
1695741305270 0.005661472026277718 828000
1695741368593 0.011734674094523714 832000
1695741432838 0.010189288788548778 836000
1695741500874 0.007617132479433971 840000
1695741566909 0.024613775358062497 844000
1695741631863 0.005646552613931988 848000
1695741707508 0.0044793077270487945 852000
1695741770321 0.009299263964978427 856000
1695741834403 0.00817495320447094 860000
1695741896408 0.01618630917969437 864000
1695741958545 0.026874446461950318 868000
1695742020793 0.0028859563922599327 872000
1695742083950 0.005831986157910635 876000
1695742146609 0.02980737212763849 880000
1695742211729 0.013383742630131335 884000
1695742275970 0.017590865350724964 888000
1695742341712 0.004608520930293688 892000
1695742413755 0.013802059212208029 896000
1695742482051 0.026254718619956444 900000
1695742548355 0.005750819894446124 904000
1695742610820 0.024653557244160615 908000
1695742672929 0.018084062947694216 912000
1695742735219 0.0032226096698784526 916000
1695742798529 0.024058961266895773 920000
1695742861623 0.01436274281474454 924000
1695742924216 0.0033136339269025446 928000
1695742986450 0.0271685940776577 932000
1695743049751 0.023692094839207437 936000
1695743112037 0.014887132554668088 940000
1695743176006 0.016020247916875025 944000
1695743237966 0.008362411593174945 948000
1695743299875 0.008391430655680742 952000
1695743362078 0.01235719325975947 956000
1695743425368 0.027869850906370928 960000
1695743487844 0.005551201825859723 964000
1695743552228 0.005262482262075178 968000
1695743614383 0.007801555761168562 972000
1695743677566 0.004459474622959678 976000
1695743740617 0.01863859750005869 980000
1695743804893 0.007541062405349426 984000
1695743867077 0.016304989191837937 988000
1695743930186 0.012601083744428365 992000
1695743991821 0.018485504624930857 996000
1695744055156 0.00629601046231784 1000000
