1695731492060 -0.0275594339017213 244000
1695731555436 -0.0155086307914947 248000
1695731627060 -0.017555380421011554 252000
1695731694076 -0.016261832622937313 256000
1695731770526 -0.018351170946455872 260000
1695731847970 -0.015537565884975872 264000
1695731929407 -0.029082028426152342 268000
1695732007640 -0.011901354980363977 272000
1695732085736 -0.012361043509736191 276000
1695732161679 -0.014547588743638092 280000
1695732229914 -0.02017330735397991 284000
1695732296348 -0.016066394508137214 288000
1695732365462 -0.020524634801161786 292000
1695732431794 -0.016551098531393412 296000
1695732499371 -0.015576319583972993 300000
1695732565269 -0.02447021445647503 304000
1695732635544 -0.014066948131949175 308000
1695732703157 -0.011349109147704439 312000
1695732772473 -0.01373863823901047 316000
1695732841658 -0.015288401531385413 320000
1695732910315 -0.021054347706134045 324000
1695732988792 -0.01512721126055112 328000
1695733057852 -0.0122576886661894 332000
1695733127296 -0.01602979807139491 336000
1695733197291 -0.01667873498421007 340000
1695733267007 -0.014768019163360199 344000
1695733337843 -0.014759653645645207 348000
1695733406344 -0.0160392890162863 352000
1695733475185 -0.0163810760321212 356000
1695733547257 -0.015189500086853514 360000
1695733617816 -0.01201428520847306 364000
1695733686314 -0.019379422627874496 368000
1695733756287 -0.015479495867718166 372000
1695733824517 -0.015080801243311726 376000
1695733895031 -0.013237464416306466 380000
1695733964353 -0.011938859495179107 384000
1695734035373 -0.01576552244174915 388000
1695734104335 -0.014412986682145856 392000
1695734175765 -0.019697929616086185 396000
1695734244814 -0.014015339447845084 400000
1695734315838 -0.011256289383163675 404000
1695734384757 -0.01289842756135234 408000
1695734453523 -0.010915488200165175 412000
1695734520814 -0.01053480523575369 416000
1695734588521 -0.010543359255825635 420000
1695734658474 -0.025174033173243515 424000
1695734728139 -0.009179467522820535 428000
1695734797021 -0.012564734853125021 432000
1695734870405 -0.01973947496638478 436000
1695734945906 -0.011424263708371048 440000
1695735017229 -0.012290959734430847 444000
1695735086506 -0.01101096516722464 448000
1695735161831 -0.016648254012155424 452000
1695735232071 -0.008028197495635443 456000
1695735306026 -0.012138736639705409 460000
1695735382295 -0.012451162668003234 464000
1695735453274 -0.013586953013630894 468000
1695735524490 -0.013623541989121198 472000
1695735599288 -0.02526431182510957 476000
1695735678795 -0.02009484328785523 480000
1695735759917 -0.005583235970698297 484000
1695735842481 -0.005976487965138707 488000
1695735925924 -0.005096515344727474 492000
1695736013592 -0.003979898129667466 496000
1695736097433 -0.006229454847683277 500000
1695736173748 -0.006485114607009261 504000
1695736249038 -0.01368273889432506 508000
1695736320733 -0.021149291265707384 512000
1695736388276 -0.0052205943871134275 516000
1695736454412 -0.007053490806720219 520000
1695736520740 -0.006788566566441053 524000
1695736587172 -0.014689618142438122 528000
1695736651809 -0.03701872719975654 532000
1695736716237 -0.018242354881901218 536000
1695736779588 -0.011771229549776763 540000
1695736842304 -0.01441648470160241 544000
1695736905508 -0.014189121576297719 548000
1695736968566 -0.025137698459244955 552000
1695737032269 -0.010079467524095283 556000
1695737094177 -0.0225608942938076 560000
1695737158085 -0.01640898860496236 564000
1695737219759 -0.01218216995888118 568000
1695737282084 -0.01529395316222993 572000
1695737344752 -0.01616581404474952 576000
1695737412093 -0.00801164460281143 580000
1695737478365 -0.0038577668378517653 584000
1695737542035 -0.009666449912765529 588000
1695737604472 -0.009005658229095085 592000
1695737666557 -0.017345037125778617 596000
1695737728765 -0.018091873055527685 600000
1695737791689 -0.04151429647972691 604000
1695737853643 -0.007524825865160286 608000
1695737916332 -0.005793056189092264 612000
1695737978713 -0.03365825544218145 616000
1695738041348 -0.012585180224656748 620000
1695738103611 -0.011968404335493687 624000
1695738167433 -0.011156081993734308 628000
1695738230110 -0.029321952949491484 632000
1695738292663 -0.020015408330073113 636000
1695738355156 -0.00887885189949884 640000
1695738418011 -0.018410297598408457 644000
1695738479968 -0.04400363444025667 648000
1695738542558 -0.015118231203935769 652000
1695738605991 -0.010421439539641142 656000
1695738668265 -0.009684988961089403 660000
1695738731816 -0.014293904397830678 664000
1695738794287 -0.017076651087700158 668000
1695738858631 -0.011281406974982625 672000
1695738921370 -0.050311938804710125 676000
1695738984594 -0.014935965473705437 680000
1695739046827 -0.0073523059426709855 684000
1695739110200 -0.005205298386984699 688000
1695739172078 -0.009970217578666053 692000
1695739235604 -0.04935251614660956 696000
1695739297852 -0.006013509017551163 700000
1695739360668 -0.006305119776516222 704000
1695739423359 -0.01639500272285659 708000
1695739488140 -0.02411073934187395 712000
1695739550794 -0.015387582036782987 716000
1695739613430 -0.022367823266540653 720000
1695739676126 -0.014143670153862331 724000
1695739737913 -0.011895701878529508 728000
1695739800602 -0.02593248151000201 732000
1695739862835 -0.05235842602851335 736000
1695739925978 -0.027248018520670787 740000
1695739987823 -0.032959060902309524 744000
1695740051719 -0.018398283256586486 748000
1695740114539 -0.03348727837874321 752000
1695740177752 -0.011924563997308724 756000
1695740240225 -0.018274272572307383 760000
1695740302097 -0.024789117679029006 764000
1695740363683 -0.019738383499983077 768000
1695740426160 -0.014128560914832633 772000
1695740488996 -0.01646624273392566 776000
1695740550832 -0.011246956993515293 780000
1695740613534 -0.020999803118562945 784000
1695740676157 -0.012329833009668315 788000
1695740739915 -0.010290074141327448 792000
1695740801825 -0.011694456393646155 796000
1695740865083 -0.013468526644282974 800000
1695740927307 -0.029055551425456846 804000
1695740989535 -0.03844869782042224 808000
1695741052873 -0.019719141927392533 812000
1695741116516 -0.009865514171057537 816000
1695741179251 -0.02189957270359931 820000
1695741242168 -0.013635323008566047 824000
1695741305267 -0.012138790304379653 828000
1695741368591 -0.019807192702137398 832000
1695741432835 -0.013106512735733607 836000
1695741500872 -0.012876017293698775 840000
1695741566907 -0.025914944180234063 844000
1695741631861 -0.010907401759565498 848000
1695741707505 -0.006337091607565526 852000
1695741770319 -0.011613543531226848 856000
1695741834400 -0.010220662328598943 860000
1695741896405 -0.014030926337485046 864000
1695741958542 -0.018892860369669508 868000
1695742020791 -0.006505826741583102 872000
1695742083946 -0.00937363150054201 876000
1695742146607 -0.02467499805400924 880000
1695742211727 -0.020545541467436125 884000
1695742275968 -0.018876573599603336 888000
1695742341710 -0.008421735814287483 892000
1695742413752 -0.013736239266290796 896000
1695742482049 -0.02620730011597819 900000
1695742548353 -0.009609613006129317 904000
1695742610817 -0.022055105317849665 908000
1695742672927 -0.02769047621016701 912000
1695742735217 -0.005263140878135649 916000
1695742798527 -0.032641379455162677 920000
1695742861621 -0.01513076436870809 924000
1695742924214 -0.004662639858725015 928000
1695742986447 -0.0371904797112317 932000
1695743049749 -0.02104353905306198 936000
1695743112035 -0.013794881311817638 940000
1695743176004 -0.011167555782594717 944000
1695743237964 -0.01267825191753218 948000
1695743299873 -0.01402884906080241 952000
1695743362075 -0.017814754977007397 956000
1695743425366 -0.018213614291744305 960000
1695743487842 -0.00729508044217558 964000
1695743552226 -0.007546793549651435 968000
1695743614381 -0.011575973656969532 972000
1695743677564 -0.005968529726669658 976000
1695743740615 -0.020060003166630244 980000
1695743804891 -0.009148796608981987 984000
1695743867074 -0.01778363322688771 988000
1695743930184 -0.01483280112540039 992000
1695743991818 -0.017114931030664592 996000
1695744055154 -0.01221092682244489 1000000
