1695731492060 -0.010410037248160127 244000
1695731555435 -0.0068711679807771965 248000
1695731627059 -2.5572072930420595e-05 252000
1695731694075 0.002529688916911255 256000
1695731770525 0.005554888529695745 260000
1695731847969 0.004361419658410645 264000
1695731929406 -0.007546158550940163 268000
1695732007639 0.003915610408148496 272000
1695732085735 -0.0012183842438692712 276000
1695732161678 -0.003652630486127843 280000
1695732229913 -0.00698628790590495 284000
1695732296347 -0.0017270605506685872 288000
1695732365461 -0.007054361659478066 292000
1695732431794 0.0035843985006674 296000
1695732499370 -0.001967818657794851 300000
1695732565268 -0.008994433733156863 304000
1695732635543 -0.002291154727693841 308000
1695732703156 0.002890310560542275 312000
1695732772472 0.0023437261681465314 316000
1695732841657 0.0024348448575134776 320000
1695732910314 -0.0075141461999767975 324000
1695732988791 -0.001657849240837095 328000
1695733057851 0.001350378998783223 332000
1695733127295 0.0014908585655575735 336000
1695733197290 -0.0033776507390939512 340000
1695733267006 0.0026183308921190473 344000
1695733337842 0.0023450849283714586 348000
1695733406343 -0.00217420418709177 352000
1695733475185 0.003682955214268683 356000
1695733547256 0.0003908610424938767 360000
1695733617815 0.0021406573604508595 364000
1695733686313 -0.0005890791460842592 368000
1695733756286 0.0035424573741086834 372000
1695733824517 0.0013853433299421643 376000
1695733895030 0.0006931667082123264 380000
1695733964352 0.0024183375617212732 384000
1695734035372 -0.0004778648428024705 388000
1695734104334 -0.0008126136160475047 392000
1695734175764 -0.001856765009991553 396000
1695734244813 -0.0003599925238935005 400000
1695734315837 0.003314961463183863 404000
1695734384756 0.0021422951179071487 408000
1695734453522 0.002338678189183459 412000
1695734520813 0.0013078740802787555 416000
1695734588520 0.0015210618613006469 420000
1695734658473 -0.01142910649420325 424000
1695734728138 0.002770453776489982 428000
1695734797020 -0.001235240388753785 432000
1695734870404 -0.007137984032548654 436000
1695734945906 -0.001631254696136845 440000
1695735017228 0.0021963998095088757 444000
1695735086505 -0.00023402812991359193 448000
1695735161830 -0.002615802289680384 452000
1695735232070 0.004789254334900761 456000
1695735306025 0.0007434084496101907 460000
1695735382294 -0.002019593856130086 464000
1695735453274 -0.004462574681262292 468000
1695735524489 4.109118793470164e-05 472000
1695735599288 -0.01262156857434699 476000
1695735678794 -0.00585340222933155 480000
1695735759916 0.004624781320126203 484000
1695735842481 0.003577298029449594 488000
1695735925923 0.003726604276501651 492000
1695736013591 0.007847042475502046 496000
1695736097432 0.00015571533648047384 500000
1695736173747 0.0022445963906723896 504000
1695736249037 -0.007288344480730302 508000
1695736320732 -0.011806947430098564 512000
1695736388275 0.00477084570416082 516000
1695736454412 0.006412509741342849 520000
1695736520740 0.008310564979941168 524000
1695736587171 0.005942459768145151 528000
1695736651808 -0.022882427161372714 532000
1695736716236 0.0016301211915560998 536000
1695736779587 -0.0008937060806905113 540000
1695736842303 -0.0015956047970272873 544000
1695736905508 0.0005281555428761445 548000
1695736968565 -0.006723857800413195 552000
1695737032268 0.003800493253584136 556000
1695737094176 -0.007552680859710866 560000
1695737158084 -0.0021028389392692285 564000
1695737219758 0.0008741733475289947 568000
1695737282084 -0.003003250679830671 572000
1695737344751 -0.0023602333613477336 576000
1695737412092 0.006452850280220445 580000
1695737478364 0.00868140695602051 584000
1695737542034 -0.00104769221021949 588000
1695737604472 0.00036067682782838043 592000
1695737666556 -0.00741602396746354 596000
1695737728764 -0.005937923254047443 600000
1695737791688 -0.027119456435684697 604000
1695737853643 0.0034774410340711864 608000
1695737916331 0.0025842289775027893 612000
1695737978712 -0.02251117211865979 616000
1695738041348 -0.001879571367559644 620000
1695738103610 -2.1585022720197835e-05 624000
1695738167433 -0.0024131748719203945 628000
1695738230110 -0.017378309501085216 632000
1695738292663 -0.006760005663757814 636000
1695738355155 -0.0010066074193673558 640000
1695738418011 -0.011645613602983456 644000
1695738479967 -0.029960001774149227 648000
1695738542557 -0.006984612779751842 652000
1695738605991 -0.004949373402299292 656000
1695738668264 -0.0018572965154210882 660000
1695738731815 -0.00588636377203026 664000
1695738794286 -0.005435245905755437 668000
1695738858631 -0.001520614870666274 672000
1695738921369 -0.03807922194440228 676000
1695738984593 -0.007583820190241871 680000
1695739046826 -3.398988625728331e-05 684000
1695739110199 0.0031708454017461917 688000
1695739172077 0.007865775386714327 692000
1695739235603 -0.03549484378472698 696000
1695739297851 0.00228493930667355 700000
1695739360667 0.0015222730507048255 704000
1695739423358 -0.0036307078509707933 708000
1695739488139 -0.014769171940800636 712000
1695739550793 -0.007880872374380487 716000
1695739613429 -0.013021867810281643 720000
1695739676125 -0.004560865458370244 724000
1695739737912 -0.003099105412851107 728000
1695739800601 -0.012410109516561836 732000
1695739862835 -0.04024300705495989 736000
1695739925978 -0.011589604212106981 740000
1695739987823 -0.01924583379914111 744000
1695740051718 -0.003194767787317687 748000
1695740114538 -0.012680136018510287 752000
1695740177752 0.006916144535716739 756000
1695740240225 -0.0022994207137041183 760000
1695740302096 -0.010983541362035491 764000
1695740363682 -0.007222012782403908 768000
1695740426160 -0.0038226790668583516 772000
1695740488995 -0.006435499467261252 776000
1695740550831 0.0022589917609366237 780000
1695740613533 -0.011343391063633135 784000
1695740676157 -0.0029857224986092963 788000
1695740739915 -0.002572725735020261 792000
1695740801825 0.002643834188072939 796000
1695740865082 -0.0044767810727838276 800000
1695740927306 -0.01530956425625239 804000
1695740989534 -0.019419415657709275 808000
1695741052872 -0.004994771082904966 812000
1695741116516 0.0007494481445670923 816000
1695741179250 -0.006412225295510628 820000
1695741242167 0.00047341762995832445 824000
1695741305267 0.0003636397247343363 828000
1695741368590 -0.005710488332624664 832000
1695741432835 -0.0020172354399013177 836000
1695741500871 0.0003997176744330015 840000
1695741566906 -0.01094451907047187 844000
1695741631860 -0.0003283017519909966 848000
1695741707504 0.0056914948370907345 852000
1695741770318 -5.71817699286233e-05 856000
1695741834400 0.004076460469635398 860000
1695741896404 -6.891205857755267e-05 864000
1695741958541 -0.0026745448257012566 868000
1695742020790 0.0029630434811830733 872000
1695742083945 -0.002288943088205997 876000
1695742146606 -0.010997294957026801 880000
1695742211726 -0.010952077065545988 884000
1695742275967 -0.00787266443749104 888000
1695742341709 0.0018900759705199259 892000
1695742413751 0.00013961867210430986 896000
1695742482048 -0.013893053720069777 900000
1695742548352 0.0005583432879348038 904000
1695742610817 -0.009901140654983464 908000
1695742672926 -0.012635930535422328 912000
1695742735216 0.0072213168810170226 916000
1695742798526 -0.022372963455200078 920000
1695742861620 -0.0045197131321401685 924000
1695742924213 0.0025238110829377547 928000
1695742986447 -0.0250783251777951 932000
1695743049748 -0.008975899519585558 936000
1695743112034 -0.005298821583710378 940000
1695743176003 0.0014991368181654253 944000
1695743237963 0.0013989658204081935 948000
1695743299872 -0.002073770960851107 952000
1695743362074 -0.0068529298817641875 956000
1695743425365 -0.004513829843896626 960000
1695743487842 0.0031206436313368615 964000
1695743552226 0.0031523493060982826 968000
1695743614380 -0.00073327375818432 972000
1695743677563 0.0022163012718010577 976000
1695743740614 -0.008836064785161095 980000
1695743804890 -0.0010624171422326375 984000
1695743867073 -0.007999256010710573 988000
1695743930183 -0.0031810784585710886 992000
1695743991818 -0.008177486920855397 996000
1695744055153 -0.005469173410529038 1000000
