1695731492062 0.47846721168607476 244000
1695731555437 0.5956523774812619 248000
1695731627062 0.7317247877518336 252000
1695731694078 0.6429195909450451 256000
1695731770528 0.6329734232276678 260000
1695731847971 0.6811403658241033 264000
1695731929409 0.6813116123899817 268000
1695732007642 0.8110063876956701 272000
1695732085738 0.8846373462428649 276000
1695732161680 0.8877288814013203 280000
1695732229916 0.8698326767732699 284000
1695732296350 0.8507571239024401 288000
1695732365464 0.8490604504322012 292000
1695732431796 0.765828366453449 296000
1695732499372 0.8379831910133362 300000
1695732565270 0.8302774629866083 304000
1695732635545 0.8876786582792798 308000
1695732703159 0.8471257485449314 312000
1695732772474 0.8386791324863831 316000
1695732841659 0.8387154798333843 320000
1695732910316 0.90021446912239 324000
1695732988794 0.913959299090008 328000
1695733057854 0.918275842256844 332000
1695733127297 0.8862099724511305 336000
1695733197292 0.8745651000489791 340000
1695733267008 0.8424326978623867 344000
1695733337845 0.7843742007389665 348000
1695733406346 0.8631159853811066 352000
1695733475187 0.8204198548570275 356000
1695733547258 0.8357098895435532 360000
1695733617818 0.7664746876806021 364000
1695733686316 0.7832899756108721 368000
1695733756288 0.7060045137380561 372000
1695733824519 0.7961668493847053 376000
1695733895033 0.830718687052528 380000
1695733964355 0.8561410931870341 384000
1695734035375 0.8052986581499378 388000
1695734104336 0.8318147148316105 392000
1695734175766 0.8016984554007649 396000
1695734244815 0.8376105486725768 400000
1695734315840 0.8289031093940139 404000
1695734384758 0.8215765910844008 408000
1695734453524 0.8330845179657141 412000
1695734520815 0.8461588760837913 416000
1695734588522 0.8415547197063764 420000
1695734658475 0.8506855847314 424000
1695734728141 0.8440831197425723 428000
1695734797022 0.8486716887603204 432000
1695734870407 0.8788062807793419 436000
1695734945908 0.8977490123982231 440000
1695735017231 0.8079000406588117 444000
1695735086508 0.8617969865600268 448000
1695735161832 0.8643457386021812 452000
1695735232073 0.8067594648028413 456000
1695735306027 0.8122462455804149 460000
1695735382297 0.8203231122965614 464000
1695735453276 0.8434466674303015 468000
1695735524491 0.8063813919201493 472000
1695735599290 0.8530085819462935 476000
1695735678797 0.8666196431964636 480000
1695735759919 0.8565000815937917 484000
1695735842483 0.870421455303828 488000
1695735925926 0.8811472582941254 492000
1695736013594 0.8468608213588595 496000
1695736097435 0.8925498183816671 500000
1695736173750 0.8728011895592014 504000
1695736249040 0.8890758527442812 508000
1695736320735 0.8864996811375022 512000
1695736388277 0.843616025460263 516000
1695736454414 0.8183685341849923 520000
1695736520742 0.7956535634895165 524000
1695736587173 0.7704150176296631 528000
1695736651811 0.8332638250663876 532000
1695736716238 0.8049792212123672 536000
1695736779589 0.9172908089434108 540000
1695736842306 0.9020293553049366 544000
1695736905510 0.890324053230385 548000
1695736968567 0.8667334176599979 552000
1695737032270 0.8778884847338001 556000
1695737094178 0.8998550108323494 560000
1695737158086 0.8895940159757932 564000
1695737219760 0.8959584258496761 568000
1695737282086 0.9111364747708043 572000
1695737344753 0.9044492393732071 576000
1695737412095 0.8760699808597565 580000
1695737478367 0.8200548117980361 584000
1695737542037 0.8611571852117776 588000
1695737604474 0.8744627183303237 592000
1695737666558 0.8924377217888833 596000
1695737728766 0.8846385665858786 600000
1695737791690 0.9273356561859448 604000
1695737853645 0.8907427621384462 608000
1695737916334 0.9117933929587404 612000
1695737978714 0.9102934489647547 616000
1695738041350 0.898066589795053 620000
1695738103612 0.9040233446906011 624000
1695738167435 0.9322317792102695 628000
1695738230112 0.9363076269626618 632000
1695738292665 0.9021071161453923 636000
1695738355157 0.8875536133845647 640000
1695738418013 0.9202565414831042 644000
1695738479969 0.9061461770907044 648000
1695738542559 0.888864039691786 652000
1695738605993 0.9089768582955002 656000
1695738668266 0.8902906227856875 660000
1695738731817 0.9060680015012622 664000
1695738794288 0.8490968000143766 668000
1695738858633 0.8642352887118856 672000
1695738921371 0.9274726519361138 676000
1695738984596 0.9292623436078429 680000
1695739046828 0.9234220067039132 684000
1695739110201 0.882333490687112 688000
1695739172079 0.7564667940760652 692000
1695739235605 0.9080683868378401 696000
1695739297853 0.8827400698636969 700000
1695739360670 0.8993347906817992 704000
1695739423361 0.8385348460947474 708000
1695739488142 0.8708951858182749 712000
1695739550795 0.9042782200500369 716000
1695739613432 0.8918583058441679 720000
1695739676127 0.887762195058167 724000
1695739737915 0.8914793773243824 728000
1695739800603 0.8782842417558034 732000
1695739862837 0.9095667680104573 736000
1695739925980 0.8621064987033605 740000
1695739987825 0.925776353602608 744000
1695740051721 0.9120496621976296 748000
1695740114541 0.9066642844428618 752000
1695740177754 0.872229641613861 756000
1695740240227 0.8786408894384901 760000
1695740302099 0.9184263564646244 764000
1695740363684 0.9380550098295013 768000
1695740426162 0.9393603817249337 772000
1695740488998 0.9506581611310442 776000
1695740550833 0.9203963719308377 780000
1695740613535 0.9447230990976095 784000
1695740676159 0.9465920755639672 788000
1695740739917 0.9586574240898093 792000
1695740801827 0.9092310978720586 796000
1695740865084 0.9393410427495837 800000
1695740927309 0.9023666854326924 804000
1695740989537 0.8972151941930254 808000
1695741052874 0.8972711657484372 812000
1695741116518 0.905963180710872 816000
1695741179252 0.8065149507795771 820000
1695741242169 0.864072875926892 824000
1695741305269 0.8180648121361931 828000
1695741368592 0.8540012211849292 832000
1695741432837 0.9263591174657146 836000
1695741500874 0.9097203956296046 840000
1695741566909 0.9192540893952051 844000
1695741631862 0.8826921820640564 848000
1695741707507 0.8731512105092406 852000
1695741770320 0.8508465033024549 856000
1695741834402 0.8361217257256309 860000
1695741896407 0.8806531127542258 864000
1695741958544 0.8745778347055118 868000
1695742020793 0.8972325153648854 872000
1695742083947 0.9133076356723905 876000
1695742146608 0.8946531953290104 880000
1695742211728 0.927283049064378 884000
1695742275969 0.9062796509514253 888000
1695742341711 0.8749796218549212 892000
1695742413754 0.8829691842198372 896000
1695742482051 0.9100858854750792 900000
1695742548354 0.9103674169008931 904000
1695742610819 0.9230194040884574 908000
1695742672928 0.8671146345635256 912000
1695742735218 0.8501459175720811 916000
1695742798528 0.8964016428217292 920000
1695742861622 0.8864135348548492 924000
1695742924216 0.9057417266691724 928000
1695742986449 0.899811815780898 932000
1695743049750 0.9239684543882807 936000
1695743112037 0.9584726401915152 940000
1695743176005 0.9387822932253281 944000
1695743237966 0.905310469865799 948000
1695743299874 0.9057887900620699 952000
1695743362077 0.9282371198137601 956000
1695743425367 0.9020260206113259 960000
1695743487844 0.8863399702434739 964000
1695743552228 0.9199568821738163 968000
1695743614382 0.9354402741417289 972000
1695743677565 0.9387970875327786 976000
1695743740616 0.8883183827623725 980000
1695743804892 0.9049110290904839 984000
1695743867076 0.8970570243895054 988000
1695743930185 0.9109682661791643 992000
1695743991820 0.9522227279221018 996000
1695744055155 0.9421260700250665 1000000
