1695731492061 0.034554904506270155 244000
1695731555436 0.017561238601532143 248000
1695731627061 0.03520735236913121 252000
1695731694077 0.03744297087735807 256000
1695731770527 0.047985559948331986 260000
1695731847970 0.03992333593972338 264000
1695731929408 0.0414492017046238 268000
1695732007641 0.0312859507316413 272000
1695732085737 0.02209810949085901 276000
1695732161680 0.021134936963305033 280000
1695732229915 0.0242662043630844 284000
1695732296349 0.027484356760396622 288000
1695732365463 0.025469089391602515 292000
1695732431795 0.03835285463622616 296000
1695732499372 0.026200812950264663 300000
1695732565270 0.026990335661685093 304000
1695732635544 0.0214013905293541 308000
1695732703158 0.0270123554354844 312000
1695732772474 0.030067216909568137 316000
1695732841659 0.03364245356545628 320000
1695732910316 0.022412779564911035 324000
1695732988793 0.024911885595550607 328000
1695733057853 0.026136460224127706 332000
1695733127296 0.03315825687993008 336000
1695733197292 0.02333337783299309 340000
1695733267007 0.032805005866490926 344000
1695733337844 0.03277218980947509 348000
1695733406345 0.025569603616410554 352000
1695733475186 0.037097695627016945 356000
1695733547257 0.02929574896309835 360000
1695733617817 0.026613534185647342 364000
1695733686315 0.033379748777952044 368000
1695733756288 0.03634250607089295 372000
1695733824518 0.030459725874243303 376000
1695733895032 0.026368537116407728 380000
1695733964354 0.02725807487537774 384000
1695734035374 0.02860612722094326 388000
1695734104336 0.02534717364857594 392000
1695734175765 0.03143898352670173 396000
1695734244815 0.024086505382244165 400000
1695734315839 0.02740782538506513 404000
1695734384757 0.027873890541862543 408000
1695734453524 0.024822280731071563 412000
1695734520814 0.021402374484265844 416000
1695734588521 0.022606207141749716 420000
1695734658475 0.02201652614021441 424000
1695734728139 0.02251327539658329 428000
1695734797021 0.020486180247583738 432000
1695734870406 0.021321718298713675 436000
1695734945907 0.018159440004092177 440000
1695735017230 0.027716661716112867 444000
1695735086507 0.020025535830063744 448000
1695735161831 0.02146570208327224 452000
1695735232072 0.02351172592510314 456000
1695735306026 0.023889941806070663 460000
1695735382296 0.019341899443194657 464000
1695735453275 0.017137595951984014 468000
1695735524490 0.024301747826393695 472000
1695735599289 0.0197916072094813 476000
1695735678796 0.019551651524185823 480000
1695735759918 0.018939584472294275 484000
1695735842482 0.018197228429683795 488000
1695735925925 0.01673991087106212 492000
1695736013593 0.02348132046245155 496000
1695736097434 0.012720872466888977 500000
1695736173749 0.017111609120426387 504000
1695736249039 0.012558567115047482 508000
1695736320734 0.016669162949741197 512000
1695736388276 0.02001132934577375 516000
1695736454413 0.02699479858468597 520000
1695736520741 0.029775360478864362 524000
1695736587173 0.03982648619761069 528000
1695736651810 0.025919894687831402 532000
1695736716237 0.037492741054544844 536000
1695736779589 0.020384201261913405 540000
1695736842305 0.02426235788346579 544000
1695736905509 0.027882999453383187 548000
1695736968567 0.031214669820231696 552000
1695737032269 0.026658836188047038 556000
1695737094177 0.02424087315860864 560000
1695737158085 0.025144627489498816 564000
1695737219760 0.02388191029507046 568000
1695737282085 0.021576987486575185 572000
1695737344753 0.023532534873811527 576000
1695737412094 0.02743139827895599 580000
1695737478366 0.023692337060250188 584000
1695737542036 0.016154031076681955 588000
1695737604473 0.018067861071176593 592000
1695737666558 0.017079857440937 596000
1695737728766 0.021488420618698 600000
1695737791689 0.017268768481638594 604000
1695737853644 0.019838631144860605 608000
1695737916333 0.016125871048279804 612000
1695737978713 0.017761682360530055 616000
1695738041349 0.02055240712458423 620000
1695738103612 0.021882005707205585 624000
1695738167434 0.015970758728023306 628000
1695738230111 0.014909690245743453 632000
1695738292664 0.019967746816109865 636000
1695738355156 0.013621986088886236 640000
1695738418012 0.010489038150262786 644000
1695738479968 0.018106765027429597 648000
1695738542558 0.013902475184295326 652000
1695738605992 0.009769175691326381 656000
1695738668265 0.013679826106090332 660000
1695738731816 0.014700922038415835 664000
1695738794287 0.019675606373736325 668000
1695738858632 0.017524297681908742 672000
1695738921371 0.013749857976654312 676000
1695738984595 0.010685415832873938 680000
1695739046827 0.013264110158221836 684000
1695739110201 0.01606900176096436 688000
1695739172078 0.03372516071491797 692000
1695739235604 0.01670913466878119 696000
1695739297852 0.015893950237902268 700000
1695739360669 0.015108928042415452 704000
1695739423360 0.024404237089038362 708000
1695739488141 0.01601672917289155 712000
1695739550794 0.01383097106590867 716000
1695739613431 0.01744584805322423 720000
1695739676127 0.01820371148933191 724000
1695739737914 0.016871490210905903 728000
1695739800603 0.021946157202182803 732000
1695739862836 0.014827652884438674 736000
1695739925979 0.024835714809402512 740000
1695739987824 0.0189591718466545 744000
1695740051720 0.02503971549886046 748000
1695740114540 0.024184824187735408 752000
1695740177753 0.03412585122763024 756000
1695740240226 0.025678629518370143 760000
1695740302098 0.019892417045290735 764000
1695740363683 0.01875494568327364 768000
1695740426161 0.0166858978899351 772000
1695740488997 0.01684248933161143 776000
1695740550832 0.025685260709481857 780000
1695740613534 0.016941267800575588 784000
1695740676158 0.01750427405446923 788000
1695740739916 0.013904788508079946 792000
1695740801826 0.027801530970221696 796000
1695740865083 0.015482105893655292 800000
1695740927308 0.019295656371347527 804000
1695740989536 0.02017237263401815 808000
1695741052874 0.02161035971560826 812000
1695741116517 0.017212369935926595 816000
1695741179251 0.023676622859299338 820000
1695741242169 0.024528259880025872 824000
1695741305268 0.022479031003361644 828000
1695741368592 0.0227390066315517 832000
1695741432836 0.01768721871703747 836000
1695741500873 0.023387171624441785 840000
1695741566908 0.018409061378527745 844000
1695741631862 0.0172763378713474 848000
1695741707506 0.021012208413837167 852000
1695741770320 0.019989662139657107 856000
1695741834401 0.025842414428673997 860000
1695741896406 0.022258084931187718 864000
1695741958543 0.022852191342584167 868000
1695742020792 0.017571289400560394 872000
1695742083946 0.012728094929540627 876000
1695742146607 0.019429455366722928 880000
1695742211728 0.01400532008628943 884000
1695742275969 0.014999303574829053 888000
1695742341710 0.01917963105273278 892000
1695742413753 0.025426248586639607 896000
1695742482050 0.01966220672475174 900000
1695742548354 0.01897712913463086 904000
1695742610818 0.017170302719265843 908000
1695742672927 0.022093734000615466 912000
1695742735218 0.023788838722975925 916000
1695742798528 0.015219419100321829 920000
1695742861622 0.016464735597886224 924000
1695742924215 0.013435889623481974 928000
1695742986448 0.01979733563493937 932000
1695743049749 0.018400605376276264 936000
1695743112036 0.011732631142028065 940000
1695743176005 0.019745157162833493 944000
1695743237965 0.025321056552638766 948000
1695743299874 0.021014311106409878 952000
1695743362076 0.017610631527592582 956000
1695743425367 0.01680676708056126 960000
1695743487843 0.017887633023929084 964000
1695743552227 0.01871105336128191 968000
1695743614381 0.017559982072756004 972000
1695743677565 0.014110908618749817 976000
1695743740616 0.01718610121824895 980000
1695743804892 0.01422104078180079 984000
1695743867075 0.015043220162867025 988000
1695743930184 0.019912171474182592 992000
1695743991819 0.013052257631594935 996000
1695744055154 0.012021520663741589 1000000
