1695731491841 1.0 244000
1695731555214 1.0 248000
1695731626866 1.0 252000
1695731693858 0.0 256000
1695731770292 0.0 260000
1695731847721 0.0 264000
1695731929169 0.0 268000
1695732007401 1.0 272000
1695732085458 1.0 276000
1695732161486 1.0 280000
1695732229715 1.0 284000
1695732296143 1.0 288000
1695732365252 1.0 292000
1695732431603 0.0 296000
1695732499172 1.0 300000
1695732565056 1.0 304000
1695732635313 1.0 308000
1695732702937 1.0 312000
1695732772265 0.0 316000
1695732841457 1.0 320000
1695732910121 1.0 324000
1695732988582 1.0 328000
1695733057642 0.0 332000
1695733127101 0.0 336000
1695733197078 0.0 340000
1695733266790 1.0 344000
1695733337590 1.0 348000
1695733406144 1.0 352000
1695733474975 1.0 356000
1695733547036 1.0 360000
1695733617610 1.0 364000
1695733686095 1.0 368000
1695733756084 1.0 372000
1695733824323 1.0 376000
1695733894823 1.0 380000
1695733964154 1.0 384000
1695734035152 1.0 388000
1695734104134 1.0 392000
1695734175563 1.0 396000
1695734244608 1.0 400000
1695734315632 1.0 404000
1695734384539 1.0 408000
1695734453324 1.0 412000
1695734520613 1.0 416000
1695734588318 1.0 420000
1695734658266 1.0 424000
1695734727935 1.0 428000
1695734796826 1.0 432000
1695734870159 1.0 436000
1695734945693 1.0 440000
1695735017004 1.0 444000
1695735086302 1.0 448000
1695735161626 1.0 452000
1695735231866 1.0 456000
1695735305793 1.0 460000
1695735382045 1.0 464000
1695735453063 1.0 468000
1695735524295 1.0 472000
1695735599058 1.0 476000
1695735678563 1.0 480000
1695735759685 1.0 484000
1695735842249 1.0 488000
1695735925676 1.0 492000
1695736013352 1.0 496000
1695736097200 1.0 500000
1695736173526 1.0 504000
1695736248762 1.0 508000
1695736320490 1.0 512000
1695736388088 1.0 516000
1695736454224 1.0 520000
1695736520555 1.0 524000
1695736586983 1.0 528000
1695736651609 1.0 532000
1695736716049 1.0 536000
1695736779402 1.0 540000
1695736842115 0.0 544000
1695736905308 1.0 548000
1695736968382 1.0 552000
1695737032078 1.0 556000
1695737093991 1.0 560000
1695737157899 0.0 564000
1695737219562 1.0 568000
1695737281880 1.0 572000
1695737344558 1.0 576000
1695737411884 0.0 580000
1695737478177 1.0 584000
1695737541847 1.0 588000
1695737604286 1.0 592000
1695737666364 1.0 596000
1695737728572 1.0 600000
1695737791499 1.0 604000
1695737853460 1.0 608000
1695737916147 1.0 612000
1695737978516 1.0 616000
1695738041163 1.0 620000
1695738103409 1.0 624000
1695738167246 1.0 628000
1695738229919 1.0 632000
1695738292478 1.0 636000
1695738354960 1.0 640000
1695738417830 1.0 644000
1695738479780 1.0 648000
1695738542367 1.0 652000
1695738605806 1.0 656000
1695738668077 1.0 660000
1695738731631 1.0 664000
1695738794097 1.0 668000
1695738858442 1.0 672000
1695738921176 1.0 676000
1695738984367 1.0 680000
1695739046645 1.0 684000
1695739110018 1.0 688000
1695739171891 1.0 692000
1695739235420 1.0 696000
1695739297668 1.0 700000
1695739360476 1.0 704000
1695739423150 1.0 708000
1695739487952 1.0 712000
1695739550605 1.0 716000
1695739613233 1.0 720000
1695739675932 1.0 724000
1695739737724 1.0 728000
1695739800409 1.0 732000
1695739862641 1.0 736000
1695739925784 1.0 740000
1695739987628 0.0 744000
1695740051528 1.0 748000
1695740114345 0.0 752000
1695740177568 0.0 756000
1695740240040 1.0 760000
1695740301906 1.0 764000
1695740363485 1.0 768000
1695740425979 0.0 772000
1695740488806 1.0 776000
1695740550647 0.0 780000
1695740613349 0.0 784000
1695740675971 1.0 788000
1695740739731 0.0 792000
1695740801632 0.0 796000
1695740864899 1.0 800000
1695740927097 1.0 804000
1695740989352 1.0 808000
1695741052680 1.0 812000
1695741116333 0.0 816000
1695741179066 1.0 820000
1695741241971 1.0 824000
1695741305074 1.0 828000
1695741368403 1.0 832000
1695741432641 1.0 836000
1695741500668 1.0 840000
1695741566712 0.0 844000
1695741631655 1.0 848000
1695741707292 1.0 852000
1695741770133 1.0 856000
1695741834201 1.0 860000
1695741896166 1.0 864000
1695741958359 1.0 868000
1695742020600 1.0 872000
1695742083747 1.0 876000
1695742146416 1.0 880000
1695742211530 1.0 884000
1695742275776 1.0 888000
1695742341514 1.0 892000
1695742413488 1.0 896000
1695742481841 1.0 900000
1695742548165 1.0 904000
1695742610631 1.0 908000
1695742672743 1.0 912000
1695742735029 1.0 916000
1695742798330 1.0 920000
1695742861429 1.0 924000
1695742924013 1.0 928000
1695742986259 1.0 932000
1695743049562 1.0 936000
1695743111843 1.0 940000
1695743175814 1.0 944000
1695743237779 0.0 948000
1695743299682 1.0 952000
1695743361879 1.0 956000
1695743425179 1.0 960000
1695743487657 1.0 964000
1695743552041 1.0 968000
1695743614193 1.0 972000
1695743677385 0.0 976000
1695743740424 1.0 980000
1695743804700 1.0 984000
1695743866874 1.0 988000
1695743930001 1.0 992000
1695743991630 1.0 996000
1695744054972 1.0 1000000
