1695731491841 1.0 244000
1695731555215 1.0 248000
1695731626867 1.0 252000
1695731693859 1.0 256000
1695731770293 1.0 260000
1695731847722 1.0 264000
1695731929170 1.0 268000
1695732007402 1.0 272000
1695732085459 1.0 276000
1695732161487 1.0 280000
1695732229715 1.0 284000
1695732296143 1.0 288000
1695732365253 1.0 292000
1695732431604 1.0 296000
1695732499173 1.0 300000
1695732565057 1.0 304000
1695732635314 1.0 308000
1695732702938 1.0 312000
1695732772266 1.0 316000
1695732841458 1.0 320000
1695732910122 1.0 324000
1695732988583 1.0 328000
1695733057643 1.0 332000
1695733127101 1.0 336000
1695733197079 1.0 340000
1695733266791 1.0 344000
1695733337591 1.0 348000
1695733406145 1.0 352000
1695733474976 1.0 356000
1695733547037 1.0 360000
1695733617611 1.0 364000
1695733686096 1.0 368000
1695733756084 1.0 372000
1695733824324 1.0 376000
1695733894824 1.0 380000
1695733964155 1.0 384000
1695734035153 1.0 388000
1695734104134 1.0 392000
1695734175564 1.0 396000
1695734244609 1.0 400000
1695734315633 1.0 404000
1695734384540 1.0 408000
1695734453325 1.0 412000
1695734520614 1.0 416000
1695734588319 1.0 420000
1695734658267 1.0 424000
1695734727936 1.0 428000
1695734796827 1.0 432000
1695734870160 1.0 436000
1695734945694 1.0 440000
1695735017005 1.0 444000
1695735086303 1.0 448000
1695735161627 1.0 452000
1695735231867 1.0 456000
1695735305794 1.0 460000
1695735382046 1.0 464000
1695735453064 1.0 468000
1695735524296 1.0 472000
1695735599059 1.0 476000
1695735678564 1.0 480000
1695735759686 1.0 484000
1695735842249 1.0 488000
1695735925677 1.0 492000
1695736013353 1.0 496000
1695736097201 1.0 500000
1695736173527 1.0 504000
1695736248763 1.0 508000
1695736320491 1.0 512000
1695736388088 1.0 516000
1695736454225 1.0 520000
1695736520556 1.0 524000
1695736586983 1.0 528000
1695736651610 1.0 532000
1695736716049 1.0 536000
1695736779403 1.0 540000
1695736842116 1.0 544000
1695736905309 1.0 548000
1695736968382 1.0 552000
1695737032078 1.0 556000
1695737093992 1.0 560000
1695737157899 1.0 564000
1695737219563 1.0 568000
1695737281881 1.0 572000
1695737344558 1.0 576000
1695737411885 1.0 580000
1695737478178 1.0 584000
1695737541847 1.0 588000
1695737604287 1.0 592000
1695737666365 1.0 596000
1695737728573 1.0 600000
1695737791500 1.0 604000
1695737853460 1.0 608000
1695737916148 1.0 612000
1695737978517 1.0 616000
1695738041163 1.0 620000
1695738103410 1.0 624000
1695738167246 1.0 628000
1695738229920 1.0 632000
1695738292478 1.0 636000
1695738354961 1.0 640000
1695738417831 1.0 644000
1695738479781 1.0 648000
1695738542368 1.0 652000
1695738605806 1.0 656000
1695738668078 1.0 660000
1695738731632 1.0 664000
1695738794098 1.0 668000
1695738858442 1.0 672000
1695738921177 1.0 676000
1695738984368 1.0 680000
1695739046646 1.0 684000
1695739110018 1.0 688000
1695739171892 1.0 692000
1695739235421 1.0 696000
1695739297668 1.0 700000
1695739360477 1.0 704000
1695739423151 1.0 708000
1695739487953 1.0 712000
1695739550606 1.0 716000
1695739613233 1.0 720000
1695739675933 1.0 724000
1695739737725 1.0 728000
1695739800410 1.0 732000
1695739862641 1.0 736000
1695739925785 1.0 740000
1695739987629 1.0 744000
1695740051529 1.0 748000
1695740114345 1.0 752000
1695740177568 1.0 756000
1695740240041 1.0 760000
1695740301907 1.0 764000
1695740363486 1.0 768000
1695740425980 1.0 772000
1695740488807 1.0 776000
1695740550648 1.0 780000
1695740613350 1.0 784000
1695740675972 1.0 788000
1695740739731 1.0 792000
1695740801633 1.0 796000
1695740864900 1.0 800000
1695740927098 1.0 804000
1695740989353 1.0 808000
1695741052681 1.0 812000
1695741116334 1.0 816000
1695741179066 1.0 820000
1695741241972 1.0 824000
1695741305075 1.0 828000
1695741368404 1.0 832000
1695741432642 1.0 836000
1695741500669 1.0 840000
1695741566712 1.0 844000
1695741631656 1.0 848000
1695741707293 1.0 852000
1695741770133 1.0 856000
1695741834201 1.0 860000
1695741896166 1.0 864000
1695741958359 1.0 868000
1695742020601 1.0 872000
1695742083748 1.0 876000
1695742146417 1.0 880000
1695742211531 1.0 884000
1695742275777 1.0 888000
1695742341515 1.0 892000
1695742413490 1.0 896000
1695742481842 1.0 900000
1695742548166 1.0 904000
1695742610631 1.0 908000
1695742672744 1.0 912000
1695742735030 1.0 916000
1695742798331 1.0 920000
1695742861430 1.0 924000
1695742924014 1.0 928000
1695742986260 1.0 932000
1695743049563 1.0 936000
1695743111843 1.0 940000
1695743175814 1.0 944000
1695743237780 1.0 948000
1695743299683 1.0 952000
1695743361880 1.0 956000
1695743425180 1.0 960000
1695743487658 1.0 964000
1695743552042 1.0 968000
1695743614194 1.0 972000
1695743677386 1.0 976000
1695743740425 1.0 980000
1695743804701 1.0 984000
1695743866875 1.0 988000
1695743930002 1.0 992000
1695743991631 1.0 996000
1695744054972 1.0 1000000
