1695731491840 1.0 244000
1695731555213 1.0 248000
1695731626865 1.0 252000
1695731693857 0.9887640449438202 256000
1695731770291 0.97 260000
1695731847720 0.96 264000
1695731929168 0.99 268000
1695732007400 1.0 272000
1695732085456 1.0 276000
1695732161485 1.0 280000
1695732229714 1.0 284000
1695732296142 1.0 288000
1695732365251 1.0 292000
1695732431603 0.99 296000
1695732499171 1.0 300000
1695732565055 1.0 304000
1695732635312 1.0 308000
1695732702936 1.0 312000
1695732772264 0.99 316000
1695732841456 1.0 320000
1695732910120 1.0 324000
1695732988582 1.0 328000
1695733057641 0.99 332000
1695733127100 0.98 336000
1695733197077 0.9827586206896551 340000
1695733266790 1.0 344000
1695733337589 1.0 348000
1695733406143 1.0 352000
1695733474974 1.0 356000
1695733547035 1.0 360000
1695733617610 1.0 364000
1695733686094 1.0 368000
1695733756083 1.0 372000
1695733824322 1.0 376000
1695733894823 1.0 380000
1695733964154 1.0 384000
1695734035152 1.0 388000
1695734104133 1.0 392000
1695734175562 1.0 396000
1695734244607 1.0 400000
1695734315631 1.0 404000
1695734384539 1.0 408000
1695734453324 1.0 412000
1695734520613 1.0 416000
1695734588318 1.0 420000
1695734658266 1.0 424000
1695734727934 1.0 428000
1695734796826 1.0 432000
1695734870158 1.0 436000
1695734945692 1.0 440000
1695735017003 1.0 444000
1695735086301 1.0 448000
1695735161625 1.0 452000
1695735231865 1.0 456000
1695735305793 1.0 460000
1695735382045 1.0 464000
1695735453062 1.0 468000
1695735524294 1.0 472000
1695735599057 1.0 476000
1695735678562 1.0 480000
1695735759684 1.0 484000
1695735842247 1.0 488000
1695735925675 1.0 492000
1695736013351 1.0 496000
1695736097199 1.0 500000
1695736173526 1.0 504000
1695736248761 1.0 508000
1695736320489 1.0 512000
1695736388087 1.0 516000
1695736454223 1.0 520000
1695736520554 1.0 524000
1695736586982 1.0 528000
1695736651609 1.0 532000
1695736716048 1.0 536000
1695736779401 1.0 540000
1695736842115 0.9911504424778761 544000
1695736905307 1.0 548000
1695736968381 1.0 552000
1695737032077 1.0 556000
1695737093990 1.0 560000
1695737157898 0.993006993006993 564000
1695737219561 1.0 568000
1695737281879 1.0 572000
1695737344557 1.0 576000
1695737411883 0.9939759036144579 580000
1695737478176 1.0 584000
1695737541846 1.0 588000
1695737604285 1.0 592000
1695737666363 1.0 596000
1695737728571 1.0 600000
1695737791499 1.0 604000
1695737853459 1.0 608000
1695737916146 1.0 612000
1695737978515 1.0 616000
1695738041162 1.0 620000
1695738103408 1.0 624000
1695738167245 1.0 628000
1695738229918 1.0 632000
1695738292477 1.0 636000
1695738354959 1.0 640000
1695738417829 1.0 644000
1695738479780 1.0 648000
1695738542366 1.0 652000
1695738605805 1.0 656000
1695738668076 1.0 660000
1695738731630 1.0 664000
1695738794097 1.0 668000
1695738858441 1.0 672000
1695738921176 1.0 676000
1695738984366 1.0 680000
1695739046644 1.0 684000
1695739110017 1.0 688000
1695739171890 1.0 692000
1695739235419 1.0 696000
1695739297667 1.0 700000
1695739360475 1.0 704000
1695739423150 1.0 708000
1695739487952 1.0 712000
1695739550605 1.0 716000
1695739613232 1.0 720000
1695739675932 1.0 724000
1695739737724 1.0 728000
1695739800408 1.0 732000
1695739862640 1.0 736000
1695739925783 1.0 740000
1695739987628 0.9905660377358491 744000
1695740051527 1.0 748000
1695740114344 0.9907407407407407 752000
1695740177567 0.9923076923076923 756000
1695740240040 1.0 760000
1695740301905 1.0 764000
1695740363485 1.0 768000
1695740425978 0.9929577464788732 772000
1695740488806 1.0 776000
1695740550646 0.986013986013986 780000
1695740613349 0.99 784000
1695740675971 1.0 788000
1695740739730 0.9921259842519685 792000
1695740801632 0.986013986013986 796000
1695740864898 1.0 800000
1695740927096 1.0 804000
1695740989351 1.0 808000
1695741052680 1.0 812000
1695741116333 0.9945054945054945 816000
1695741179065 1.0 820000
1695741241970 1.0 824000
1695741305073 1.0 828000
1695741368402 1.0 832000
1695741432640 1.0 836000
1695741500667 1.0 840000
1695741566711 0.9935897435897436 844000
1695741631654 1.0 848000
1695741707292 1.0 852000
1695741770132 1.0 856000
1695741834200 1.0 860000
1695741896165 1.0 864000
1695741958358 1.0 868000
1695742020599 1.0 872000
1695742083746 1.0 876000
1695742146415 1.0 880000
1695742211530 1.0 884000
1695742275775 1.0 888000
1695742341513 1.0 892000
1695742413486 1.0 896000
1695742481841 1.0 900000
1695742548164 1.0 904000
1695742610630 1.0 908000
1695742672743 1.0 912000
1695742735028 1.0 916000
1695742798329 1.0 920000
1695742861428 1.0 924000
1695742924012 1.0 928000
1695742986259 1.0 932000
1695743049561 1.0 936000
1695743111842 1.0 940000
1695743175813 1.0 944000
1695743237778 0.9871794871794872 948000
1695743299681 1.0 952000
1695743361878 1.0 956000
1695743425178 1.0 960000
1695743487656 1.0 964000
1695743552041 1.0 968000
1695743614193 1.0 972000
1695743677384 0.9945054945054945 976000
1695743740424 1.0 980000
1695743804699 1.0 984000
1695743866874 1.0 988000
1695743930000 1.0 992000
1695743991629 1.0 996000
1695744054971 1.0 1000000
