1695731491844 0.0 244000
1695731555218 0.0 248000
1695731626869 0.0 252000
1695731693861 0.0 256000
1695731770296 0.0 260000
1695731847725 0.0 264000
1695731929173 0.0 268000
1695732007405 0.0 272000
1695732085464 0.0 276000
1695732161489 0.0 280000
1695732229718 0.0 284000
1695732296146 0.0 288000
1695732365256 0.0 292000
1695732431607 0.0 296000
1695732499175 0.0 300000
1695732565059 0.0 304000
1695732635317 0.0 308000
1695732702941 0.0 312000
1695732772268 0.0 316000
1695732841460 0.0 320000
1695732910124 0.0 324000
1695732988586 0.0 328000
1695733057645 0.0 332000
1695733127104 0.0 336000
1695733197081 0.0 340000
1695733266794 0.0 344000
1695733337593 0.0 348000
1695733406147 0.0 352000
1695733474978 0.0 356000
1695733547039 0.0 360000
1695733617614 0.0 364000
1695733686099 0.0 368000
1695733756087 0.0 372000
1695733824326 0.0 376000
1695733894827 0.0 380000
1695733964158 0.0 384000
1695734035156 0.0 388000
1695734104137 0.0 392000
1695734175566 0.0 396000
1695734244611 0.0 400000
1695734315635 0.0 404000
1695734384543 0.0 408000
1695734453328 0.0 412000
1695734520617 0.0 416000
1695734588322 0.0 420000
1695734658270 0.0 424000
1695734727938 0.0 428000
1695734796829 0.0 432000
1695734870163 0.0 436000
1695734945696 0.0 440000
1695735017008 0.0 444000
1695735086305 0.0 448000
1695735161629 0.0 452000
1695735231869 0.0 456000
1695735305797 0.0 460000
1695735382049 0.0 464000
1695735453066 0.0 468000
1695735524298 0.0 472000
1695735599062 0.0 476000
1695735678567 0.0 480000
1695735759689 0.0 484000
1695735842252 0.0 488000
1695735925680 0.0 492000
1695736013356 0.0 496000
1695736097204 0.0 500000
1695736173530 0.0 504000
1695736248766 0.0 508000
1695736320494 0.0 512000
1695736388090 0.0 516000
1695736454227 0.0 520000
1695736520558 0.0 524000
1695736586985 0.0 528000
1695736651613 0.0 532000
1695736716052 0.0 536000
1695736779405 0.0 540000
1695736842118 0.0 544000
1695736905311 0.0 548000
1695736968385 0.0 552000
1695737032081 0.0 556000
1695737093994 0.0 560000
1695737157901 0.0 564000
1695737219565 0.0 568000
1695737281883 0.0 572000
1695737344561 0.0 576000
1695737411887 0.0 580000
1695737478181 0.0 584000
1695737541849 0.0 588000
1695737604289 0.0 592000
1695737666367 0.0 596000
1695737728575 0.0 600000
1695737791503 0.0 604000
1695737853463 0.0 608000
1695737916150 0.0 612000
1695737978519 0.0 616000
1695738041165 0.0 620000
1695738103412 0.0 624000
1695738167249 0.0 628000
1695738229922 0.0 632000
1695738292480 0.0 636000
1695738354963 0.0 640000
1695738417833 0.0 644000
1695738479784 0.0 648000
1695738542370 0.0 652000
1695738605809 0.0 656000
1695738668080 0.0 660000
1695738731634 0.0 664000
1695738794101 0.0 668000
1695738858444 0.0 672000
1695738921179 0.0 676000
1695738984370 0.0 680000
1695739046648 0.0 684000
1695739110021 0.0 688000
1695739171894 0.0 692000
1695739235423 0.0 696000
1695739297671 0.0 700000
1695739360479 0.0 704000
1695739423153 0.0 708000
1695739487955 0.0 712000
1695739550609 0.0 716000
1695739613236 0.0 720000
1695739675935 0.0 724000
1695739737727 0.0 728000
1695739800412 0.0 732000
1695739862644 0.0 736000
1695739925787 0.0 740000
1695739987631 0.0 744000
1695740051531 0.0 748000
1695740114347 0.0 752000
1695740177571 0.0 756000
1695740240043 0.0 760000
1695740301909 0.0 764000
1695740363488 0.0 768000
1695740425982 0.0 772000
1695740488809 0.0 776000
1695740550650 0.0 780000
1695740613352 0.0 784000
1695740675974 0.0 788000
1695740739733 0.0 792000
1695740801636 0.0 796000
1695740864902 0.0 800000
1695740927100 0.0 804000
1695740989355 0.0 808000
1695741052683 0.0 812000
1695741116336 0.0 816000
1695741179068 0.0 820000
1695741241974 0.0 824000
1695741305077 0.0 828000
1695741368406 0.0 832000
1695741432644 0.0 836000
1695741500671 0.0 840000
1695741566715 0.0 844000
1695741631658 0.0 848000
1695741707296 0.0 852000
1695741770136 0.0 856000
1695741834204 0.0 860000
1695741896169 0.0 864000
1695741958361 0.0 868000
1695742020603 0.0 872000
1695742083750 0.0 876000
1695742146419 0.0 880000
1695742211534 0.0 884000
1695742275779 0.0 888000
1695742341517 0.0 892000
1695742413495 0.0 896000
1695742481845 0.0 900000
1695742548168 0.0 904000
1695742610634 0.0 908000
1695742672746 0.0 912000
1695742735032 0.0 916000
1695742798333 0.0 920000
1695742861432 0.0 924000
1695742924016 0.0 928000
1695742986262 0.0 932000
1695743049565 0.0 936000
1695743111845 0.0 940000
1695743175817 0.0 944000
1695743237782 0.0 948000
1695743299685 0.0 952000
1695743361882 0.0 956000
1695743425182 0.0 960000
1695743487660 0.0 964000
1695743552045 0.0 968000
1695743614196 0.0 972000
1695743677388 0.0 976000
1695743740427 0.0 980000
1695743804703 0.0 984000
1695743866878 0.0 988000
1695743930004 0.0 992000
1695743991633 0.0 996000
1695744054974 0.0 1000000
