1695731491843 0.0 244000
1695731555217 0.0 248000
1695731626868 0.0 252000
1695731693860 0.0 256000
1695731770295 0.0 260000
1695731847724 0.0 264000
1695731929172 0.0 268000
1695732007404 0.0 272000
1695732085462 0.0 276000
1695732161489 0.0 280000
1695732229717 0.0 284000
1695732296145 0.0 288000
1695732365255 0.0 292000
1695732431606 0.0 296000
1695732499174 0.0 300000
1695732565058 0.0 304000
1695732635316 0.0 308000
1695732702940 0.0 312000
1695732772268 0.0 316000
1695732841459 0.0 320000
1695732910123 0.0 324000
1695732988585 0.0 328000
1695733057645 0.0 332000
1695733127103 0.0 336000
1695733197081 0.0 340000
1695733266793 0.0 344000
1695733337592 0.0 348000
1695733406146 0.0 352000
1695733474977 0.0 356000
1695733547039 0.0 360000
1695733617613 0.0 364000
1695733686098 0.0 368000
1695733756086 0.0 372000
1695733824325 0.0 376000
1695733894826 0.0 380000
1695733964157 0.0 384000
1695734035155 0.0 388000
1695734104136 0.0 392000
1695734175566 0.0 396000
1695734244610 0.0 400000
1695734315634 0.0 404000
1695734384542 0.0 408000
1695734453327 0.0 412000
1695734520616 0.0 416000
1695734588321 0.0 420000
1695734658269 0.0 424000
1695734727937 0.0 428000
1695734796829 0.0 432000
1695734870162 0.0 436000
1695734945696 0.0 440000
1695735017007 0.0 444000
1695735086304 0.0 448000
1695735161628 0.0 452000
1695735231868 0.0 456000
1695735305796 0.0 460000
1695735382048 0.0 464000
1695735453065 0.0 468000
1695735524297 0.0 472000
1695735599061 0.0 476000
1695735678566 0.0 480000
1695735759688 0.0 484000
1695735842251 0.0 488000
1695735925679 0.0 492000
1695736013355 0.0 496000
1695736097203 0.0 500000
1695736173529 0.0 504000
1695736248765 0.0 508000
1695736320493 0.0 512000
1695736388090 0.0 516000
1695736454226 0.0 520000
1695736520557 0.0 524000
1695736586985 0.0 528000
1695736651612 0.0 532000
1695736716051 0.0 536000
1695736779405 0.0 540000
1695736842118 0.0 544000
1695736905310 0.0 548000
1695736968384 0.0 552000
1695737032080 0.0 556000
1695737093993 0.0 560000
1695737157901 0.0 564000
1695737219564 0.0 568000
1695737281882 0.0 572000
1695737344560 0.0 576000
1695737411886 0.0 580000
1695737478180 0.0 584000
1695737541849 0.0 588000
1695737604288 0.0 592000
1695737666366 0.0 596000
1695737728574 0.0 600000
1695737791502 0.0 604000
1695737853462 0.0 608000
1695737916149 0.0 612000
1695737978518 0.0 616000
1695738041165 0.0 620000
1695738103412 0.0 624000
1695738167248 0.0 628000
1695738229921 0.0 632000
1695738292480 0.0 636000
1695738354963 0.0 640000
1695738417832 0.0 644000
1695738479783 0.0 648000
1695738542369 0.0 652000
1695738605808 0.0 656000
1695738668079 0.0 660000
1695738731633 0.0 664000
1695738794100 0.0 668000
1695738858444 0.0 672000
1695738921178 0.0 676000
1695738984369 0.0 680000
1695739046647 0.0 684000
1695739110020 0.0 688000
1695739171893 0.0 692000
1695739235422 0.0 696000
1695739297670 0.0 700000
1695739360478 0.0 704000
1695739423153 0.0 708000
1695739487955 0.0 712000
1695739550608 0.0 716000
1695739613235 0.0 720000
1695739675935 0.0 724000
1695739737726 0.0 728000
1695739800411 0.0 732000
1695739862643 0.0 736000
1695739925787 0.0 740000
1695739987631 0.0 744000
1695740051530 0.0 748000
1695740114347 0.0 752000
1695740177570 0.0 756000
1695740240042 0.0 760000
1695740301908 0.0 764000
1695740363488 0.0 768000
1695740425981 0.0 772000
1695740488808 0.0 776000
1695740550649 0.0 780000
1695740613352 0.0 784000
1695740675973 0.0 788000
1695740739733 0.0 792000
1695740801635 0.0 796000
1695740864901 0.0 800000
1695740927099 0.0 804000
1695740989354 0.0 808000
1695741052682 0.0 812000
1695741116335 0.0 816000
1695741179068 0.0 820000
1695741241973 0.0 824000
1695741305077 0.0 828000
1695741368406 0.0 832000
1695741432643 0.0 836000
1695741500670 0.0 840000
1695741566714 0.0 844000
1695741631657 0.0 848000
1695741707295 0.0 852000
1695741770135 0.0 856000
1695741834203 0.0 860000
1695741896168 0.0 864000
1695741958361 0.0 868000
1695742020602 0.0 872000
1695742083749 0.0 876000
1695742146418 0.0 880000
1695742211533 0.0 884000
1695742275778 0.0 888000
1695742341516 0.0 892000
1695742413493 0.0 896000
1695742481844 0.0 900000
1695742548167 0.0 904000
1695742610633 0.0 908000
1695742672745 0.0 912000
1695742735031 0.0 916000
1695742798332 0.0 920000
1695742861431 0.0 924000
1695742924015 0.0 928000
1695742986261 0.0 932000
1695743049564 0.0 936000
1695743111845 0.0 940000
1695743175816 0.0 944000
1695743237781 0.0 948000
1695743299684 0.0 952000
1695743361881 0.0 956000
1695743425181 0.0 960000
1695743487659 0.0 964000
1695743552044 0.0 968000
1695743614195 0.0 972000
1695743677387 0.0 976000
1695743740427 0.0 980000
1695743804702 0.0 984000
1695743866877 0.0 988000
1695743930003 0.0 992000
1695743991632 0.0 996000
1695744054974 0.0 1000000
