1695731491847 0.0 244000
1695731555221 0.0 248000
1695731626872 0.0 252000
1695731693864 0.0 256000
1695731770300 0.0 260000
1695731847728 0.0 264000
1695731929176 0.0 268000
1695732007408 0.0 272000
1695732085470 0.0 276000
1695732161492 0.0 280000
1695732229721 0.0 284000
1695732296149 0.0 288000
1695732365259 0.0 292000
1695732431610 0.0 296000
1695732499179 0.0 300000
1695732565062 0.0 304000
1695732635322 0.0 308000
1695732702945 0.0 312000
1695732772272 0.0 316000
1695732841463 0.0 320000
1695732910127 0.0 324000
1695732988589 0.0 328000
1695733057649 0.0 332000
1695733127107 0.0 336000
1695733197085 0.0 340000
1695733266797 0.0 344000
1695733337597 0.0 348000
1695733406151 0.0 352000
1695733474982 0.0 356000
1695733547043 0.0 360000
1695733617617 0.0 364000
1695733686102 0.0 368000
1695733756090 0.0 372000
1695733824329 0.0 376000
1695733894830 0.0 380000
1695733964161 0.0 384000
1695734035159 0.0 388000
1695734104140 0.0 392000
1695734175570 0.0 396000
1695734244614 0.0 400000
1695734315638 0.0 404000
1695734384546 0.0 408000
1695734453331 0.0 412000
1695734520619 0.0 416000
1695734588325 0.0 420000
1695734658273 0.0 424000
1695734727942 0.0 428000
1695734796832 0.0 432000
1695734870166 0.0 436000
1695734945700 0.0 440000
1695735017011 0.0 444000
1695735086308 0.0 448000
1695735161632 0.0 452000
1695735231872 0.0 456000
1695735305800 0.0 460000
1695735382053 0.0 464000
1695735453069 0.0 468000
1695735524301 0.0 472000
1695735599066 0.0 476000
1695735678571 0.0 480000
1695735759692 0.0 484000
1695735842256 0.0 488000
1695735925684 0.0 492000
1695736013359 0.0 496000
1695736097207 0.0 500000
1695736173534 0.0 504000
1695736248770 0.0 508000
1695736320497 0.0 512000
1695736388093 0.0 516000
1695736454230 0.0 520000
1695736520561 0.0 524000
1695736586988 0.0 528000
1695736651615 0.0 532000
1695736716055 0.0 536000
1695736779409 0.0 540000
1695736842121 0.0 544000
1695736905314 0.0 548000
1695736968388 0.0 552000
1695737032084 0.0 556000
1695737093997 0.0 560000
1695737157904 0.0 564000
1695737219568 0.0 568000
1695737281886 0.0 572000
1695737344564 0.0 576000
1695737411890 0.0 580000
1695737478183 0.0 584000
1695737541852 0.0 588000
1695737604291 0.0 592000
1695737666370 0.0 596000
1695737728578 0.0 600000
1695737791506 0.0 604000
1695737853465 0.0 608000
1695737916152 0.0 612000
1695737978522 0.0 616000
1695738041168 0.0 620000
1695738103415 0.0 624000
1695738167252 0.0 628000
1695738229925 0.0 632000
1695738292483 0.0 636000
1695738354967 0.0 640000
1695738417836 0.0 644000
1695738479787 0.0 648000
1695738542373 0.0 652000
1695738605812 0.0 656000
1695738668083 0.0 660000
1695738731637 0.0 664000
1695738794104 0.0 668000
1695738858447 0.0 672000
1695738921182 0.0 676000
1695738984374 0.0 680000
1695739046651 0.0 684000
1695739110023 0.0 688000
1695739171897 0.0 692000
1695739235426 0.0 696000
1695739297674 0.0 700000
1695739360482 0.0 704000
1695739423158 0.0 708000
1695739487958 0.0 712000
1695739550612 0.0 716000
1695739613239 0.0 720000
1695739675938 0.0 724000
1695739737730 0.0 728000
1695739800416 0.0 732000
1695739862646 0.0 736000
1695739925790 0.0 740000
1695739987635 0.0 744000
1695740051534 0.0 748000
1695740114350 0.0 752000
1695740177573 0.0 756000
1695740240046 0.0 760000
1695740301912 0.0 764000
1695740363491 0.0 768000
1695740425985 0.0 772000
1695740488812 0.0 776000
1695740550653 0.0 780000
1695740613355 0.0 784000
1695740675977 0.0 788000
1695740739736 0.0 792000
1695740801639 0.0 796000
1695740864905 0.0 800000
1695740927104 0.0 804000
1695740989358 0.0 808000
1695741052686 0.0 812000
1695741116339 0.0 816000
1695741179071 0.0 820000
1695741241977 0.0 824000
1695741305080 0.0 828000
1695741368409 0.0 832000
1695741432647 0.0 836000
1695741500674 0.0 840000
1695741566718 0.0 844000
1695741631661 0.0 848000
1695741707299 0.0 852000
1695741770139 0.0 856000
1695741834208 0.0 860000
1695741896174 0.0 864000
1695741958364 0.0 868000
1695742020606 0.0 872000
1695742083753 0.0 876000
1695742146422 0.0 880000
1695742211537 0.0 884000
1695742275782 0.0 888000
1695742341520 0.0 892000
1695742413501 0.0 896000
1695742481848 0.0 900000
1695742548171 0.0 904000
1695742610637 0.0 908000
1695742672749 0.0 912000
1695742735035 0.0 916000
1695742798336 0.0 920000
1695742861435 0.0 924000
1695742924019 0.0 928000
1695742986265 0.0 932000
1695743049568 0.0 936000
1695743111848 0.0 940000
1695743175820 0.0 944000
1695743237785 0.0 948000
1695743299688 0.0 952000
1695743361885 0.0 956000
1695743425185 0.0 960000
1695743487663 0.0 964000
1695743552047 0.0 968000
1695743614199 0.0 972000
1695743677390 0.0 976000
1695743740430 0.0 980000
1695743804706 0.0 984000
1695743866881 0.0 988000
1695743930007 0.0 992000
1695743991636 0.0 996000
1695744054977 0.0 1000000
