1695731491849 0.0 244000
1695731555224 0.0 248000
1695731626874 0.0 252000
1695731693866 0.0 256000
1695731770301 0.0 260000
1695731847730 0.0 264000
1695731929178 0.0 268000
1695732007410 0.0 272000
1695732085473 0.0 276000
1695732161494 0.0 280000
1695732229722 0.0 284000
1695732296151 0.0 288000
1695732365261 0.0 292000
1695732431612 0.0 296000
1695732499181 0.0 300000
1695732565064 0.0 304000
1695732635324 0.0 308000
1695732702946 0.0 312000
1695732772273 0.0 316000
1695732841465 0.0 320000
1695732910129 0.0 324000
1695732988591 0.0 328000
1695733057650 0.0 332000
1695733127109 0.0 336000
1695733197086 0.0 340000
1695733266799 0.0 344000
1695733337599 0.0 348000
1695733406152 0.0 352000
1695733474984 0.0 356000
1695733547045 0.0 360000
1695733617619 0.0 364000
1695733686104 0.0 368000
1695733756091 0.0 372000
1695733824330 0.0 376000
1695733894831 0.0 380000
1695733964162 0.0 384000
1695734035161 0.0 388000
1695734104142 0.0 392000
1695734175571 0.0 396000
1695734244616 0.0 400000
1695734315640 0.0 404000
1695734384548 0.0 408000
1695734453333 0.0 412000
1695734520621 0.0 416000
1695734588326 0.0 420000
1695734658275 0.0 424000
1695734727943 0.0 428000
1695734796834 0.0 432000
1695734870168 0.0 436000
1695734945702 0.0 440000
1695735017013 0.0 444000
1695735086310 0.0 448000
1695735161634 0.0 452000
1695735231874 0.0 456000
1695735305802 0.0 460000
1695735382055 0.0 464000
1695735453071 0.0 468000
1695735524303 0.0 472000
1695735599067 0.0 476000
1695735678572 0.0 480000
1695735759694 0.0 484000
1695735842258 0.0 488000
1695735925685 0.0 492000
1695736013361 0.0 496000
1695736097209 0.0 500000
1695736173535 0.0 504000
1695736248772 0.0 508000
1695736320499 0.0 512000
1695736388095 0.0 516000
1695736454231 0.0 520000
1695736520562 0.0 524000
1695736586989 0.0 528000
1695736651617 0.0 532000
1695736716057 0.0 536000
1695736779410 0.0 540000
1695736842123 0.0 544000
1695736905316 0.0 548000
1695736968389 0.0 552000
1695737032085 0.0 556000
1695737093998 0.0 560000
1695737157906 0.0 564000
1695737219570 0.0 568000
1695737281888 0.0 572000
1695737344565 0.0 576000
1695737411892 0.0 580000
1695737478185 0.0 584000
1695737541854 0.0 588000
1695737604293 0.0 592000
1695737666371 0.0 596000
1695737728580 0.0 600000
1695737791507 0.0 604000
1695737853467 0.0 608000
1695737916154 0.0 612000
1695737978524 0.0 616000
1695738041170 0.0 620000
1695738103417 0.0 624000
1695738167253 0.0 628000
1695738229927 0.0 632000
1695738292485 0.0 636000
1695738354968 0.0 640000
1695738417837 0.0 644000
1695738479788 0.0 648000
1695738542375 0.0 652000
1695738605813 0.0 656000
1695738668085 0.0 660000
1695738731638 0.0 664000
1695738794105 0.0 668000
1695738858449 0.0 672000
1695738921184 0.0 676000
1695738984376 0.0 680000
1695739046652 0.0 684000
1695739110025 0.0 688000
1695739171899 0.0 692000
1695739235427 0.0 696000
1695739297676 0.0 700000
1695739360483 0.0 704000
1695739423161 0.0 708000
1695739487960 0.0 712000
1695739550613 0.0 716000
1695739613240 0.0 720000
1695739675939 0.0 724000
1695739737731 0.0 728000
1695739800417 0.0 732000
1695739862648 0.0 736000
1695739925792 0.0 740000
1695739987636 0.0 744000
1695740051535 0.0 748000
1695740114351 0.0 752000
1695740177575 0.0 756000
1695740240047 0.0 760000
1695740301914 0.0 764000
1695740363493 0.0 768000
1695740425986 0.0 772000
1695740488814 0.0 776000
1695740550654 0.0 780000
1695740613357 0.0 784000
1695740675978 0.0 788000
1695740739737 0.0 792000
1695740801641 0.0 796000
1695740864906 0.0 800000
1695740927105 0.0 804000
1695740989359 0.0 808000
1695741052687 0.0 812000
1695741116341 0.0 816000
1695741179073 0.0 820000
1695741241978 0.0 824000
1695741305082 0.0 828000
1695741368411 0.0 832000
1695741432648 0.0 836000
1695741500676 0.0 840000
1695741566720 0.0 844000
1695741631663 0.0 848000
1695741707300 0.0 852000
1695741770140 0.0 856000
1695741834209 0.0 860000
1695741896175 0.0 864000
1695741958365 0.0 868000
1695742020607 0.0 872000
1695742083754 0.0 876000
1695742146424 0.0 880000
1695742211539 0.0 884000
1695742275783 0.0 888000
1695742341522 0.0 892000
1695742413504 0.0 896000
1695742481849 0.0 900000
1695742548172 0.0 904000
1695742610639 0.0 908000
1695742672750 0.0 912000
1695742735036 0.0 916000
1695742798338 0.0 920000
1695742861437 0.0 924000
1695742924021 0.0 928000
1695742986266 0.0 932000
1695743049570 0.0 936000
1695743111850 0.0 940000
1695743175821 0.0 944000
1695743237786 0.0 948000
1695743299690 0.0 952000
1695743361886 0.0 956000
1695743425186 0.0 960000
1695743487665 0.0 964000
1695743552049 0.0 968000
1695743614201 0.0 972000
1695743677392 0.0 976000
1695743740432 0.0 980000
1695743804707 0.0 984000
1695743866882 0.0 988000
1695743930008 0.0 992000
1695743991637 0.0 996000
1695744054978 0.0 1000000
