1695731491848 0.0 244000
1695731555223 0.0 248000
1695731626873 0.0 252000
1695731693865 0.0 256000
1695731770300 0.0 260000
1695731847729 0.0 264000
1695731929177 0.0 268000
1695732007409 0.0 272000
1695732085471 0.0 276000
1695732161493 0.0 280000
1695732229722 0.0 284000
1695732296150 0.0 288000
1695732365260 0.0 292000
1695732431611 0.0 296000
1695732499180 0.0 300000
1695732565063 0.0 304000
1695732635323 0.0 308000
1695732702945 0.0 312000
1695732772272 0.0 316000
1695732841464 0.0 320000
1695732910128 0.0 324000
1695732988590 0.0 328000
1695733057650 0.0 332000
1695733127108 0.0 336000
1695733197085 0.0 340000
1695733266798 0.0 344000
1695733337598 0.0 348000
1695733406151 0.0 352000
1695733474983 0.0 356000
1695733547044 0.0 360000
1695733617618 0.0 364000
1695733686103 0.0 368000
1695733756090 0.0 372000
1695733824330 0.0 376000
1695733894831 0.0 380000
1695733964162 0.0 384000
1695734035160 0.0 388000
1695734104141 0.0 392000
1695734175570 0.0 396000
1695734244615 0.0 400000
1695734315639 0.0 404000
1695734384547 0.0 408000
1695734453332 0.0 412000
1695734520620 0.0 416000
1695734588326 0.0 420000
1695734658274 0.0 424000
1695734727942 0.0 428000
1695734796833 0.0 432000
1695734870167 0.0 436000
1695734945701 0.0 440000
1695735017012 0.0 444000
1695735086309 0.0 448000
1695735161633 0.0 452000
1695735231873 0.0 456000
1695735305801 0.0 460000
1695735382054 0.0 464000
1695735453070 0.0 468000
1695735524302 0.0 472000
1695735599066 0.0 476000
1695735678572 0.0 480000
1695735759693 0.0 484000
1695735842257 0.0 488000
1695735925684 0.0 492000
1695736013360 0.0 496000
1695736097208 0.0 500000
1695736173535 0.0 504000
1695736248771 0.0 508000
1695736320498 0.0 512000
1695736388094 0.0 516000
1695736454231 0.0 520000
1695736520561 0.0 524000
1695736586989 0.0 528000
1695736651616 0.0 532000
1695736716056 0.0 536000
1695736779410 0.0 540000
1695736842122 0.0 544000
1695736905315 0.0 548000
1695736968389 0.0 552000
1695737032084 0.0 556000
1695737093997 0.0 560000
1695737157905 0.0 564000
1695737219569 0.0 568000
1695737281887 0.0 572000
1695737344565 0.0 576000
1695737411891 0.0 580000
1695737478184 0.0 584000
1695737541853 0.0 588000
1695737604292 0.0 592000
1695737666371 0.0 596000
1695737728579 0.0 600000
1695737791506 0.0 604000
1695737853466 0.0 608000
1695737916153 0.0 612000
1695737978523 0.0 616000
1695738041169 0.0 620000
1695738103416 0.0 624000
1695738167253 0.0 628000
1695738229926 0.0 632000
1695738292484 0.0 636000
1695738354967 0.0 640000
1695738417836 0.0 644000
1695738479787 0.0 648000
1695738542374 0.0 652000
1695738605812 0.0 656000
1695738668084 0.0 660000
1695738731638 0.0 664000
1695738794105 0.0 668000
1695738858448 0.0 672000
1695738921183 0.0 676000
1695738984375 0.0 680000
1695739046651 0.0 684000
1695739110024 0.0 688000
1695739171898 0.0 692000
1695739235426 0.0 696000
1695739297675 0.0 700000
1695739360482 0.0 704000
1695739423160 0.0 708000
1695739487959 0.0 712000
1695739550612 0.0 716000
1695739613239 0.0 720000
1695739675939 0.0 724000
1695739737731 0.0 728000
1695739800416 0.0 732000
1695739862647 0.0 736000
1695739925791 0.0 740000
1695739987635 0.0 744000
1695740051534 0.0 748000
1695740114351 0.0 752000
1695740177574 0.0 756000
1695740240046 0.0 760000
1695740301913 0.0 764000
1695740363492 0.0 768000
1695740425985 0.0 772000
1695740488813 0.0 776000
1695740550653 0.0 780000
1695740613356 0.0 784000
1695740675978 0.0 788000
1695740739737 0.0 792000
1695740801640 0.0 796000
1695740864906 0.0 800000
1695740927104 0.0 804000
1695740989358 0.0 808000
1695741052687 0.0 812000
1695741116339 0.0 816000
1695741179072 0.0 820000
1695741241977 0.0 824000
1695741305081 0.0 828000
1695741368410 0.0 832000
1695741432648 0.0 836000
1695741500675 0.0 840000
1695741566719 0.0 844000
1695741631662 0.0 848000
1695741707299 0.0 852000
1695741770139 0.0 856000
1695741834209 0.0 860000
1695741896175 0.0 864000
1695741958365 0.0 868000
1695742020607 0.0 872000
1695742083754 0.0 876000
1695742146423 0.0 880000
1695742211538 0.0 884000
1695742275782 0.0 888000
1695742341521 0.0 892000
1695742413503 0.0 896000
1695742481849 0.0 900000
1695742548171 0.0 904000
1695742610638 0.0 908000
1695742672749 0.0 912000
1695742735036 0.0 916000
1695742798337 0.0 920000
1695742861436 0.0 924000
1695742924020 0.0 928000
1695742986265 0.0 932000
1695743049569 0.0 936000
1695743111849 0.0 940000
1695743175820 0.0 944000
1695743237786 0.0 948000
1695743299689 0.0 952000
1695743361885 0.0 956000
1695743425185 0.0 960000
1695743487664 0.0 964000
1695743552048 0.0 968000
1695743614200 0.0 972000
1695743677391 0.0 976000
1695743740431 0.0 980000
1695743804707 0.0 984000
1695743866882 0.0 988000
1695743930008 0.0 992000
1695743991636 0.0 996000
1695744054978 0.0 1000000
