1695731491842 0.0 244000
1695731555216 0.0 248000
1695731626868 0.0 252000
1695731693859 0.0 256000
1695731770294 0.0 260000
1695731847723 0.0 264000
1695731929171 0.0 268000
1695732007403 0.0 272000
1695732085461 0.0 276000
1695732161488 0.0 280000
1695732229716 0.0 284000
1695732296144 0.0 288000
1695732365254 0.0 292000
1695732431605 0.0 296000
1695732499173 0.0 300000
1695732565057 0.0 304000
1695732635315 0.0 308000
1695732702939 0.0 312000
1695732772266 0.0 316000
1695732841459 0.0 320000
1695732910123 0.0 324000
1695732988584 0.0 328000
1695733057644 0.0 332000
1695733127102 0.0 336000
1695733197080 0.0 340000
1695733266792 0.0 344000
1695733337592 0.0 348000
1695733406146 0.0 352000
1695733474977 0.0 356000
1695733547038 0.0 360000
1695733617612 0.0 364000
1695733686097 0.0 368000
1695733756085 0.0 372000
1695733824324 0.0 376000
1695733894825 0.0 380000
1695733964156 0.0 384000
1695734035154 0.0 388000
1695734104135 0.0 392000
1695734175565 0.0 396000
1695734244610 0.0 400000
1695734315633 0.0 404000
1695734384541 0.0 408000
1695734453326 0.0 412000
1695734520615 0.0 416000
1695734588320 0.0 420000
1695734658268 0.0 424000
1695734727937 0.0 428000
1695734796828 0.0 432000
1695734870161 0.0 436000
1695734945695 0.0 440000
1695735017006 0.0 444000
1695735086304 0.0 448000
1695735161628 0.0 452000
1695735231867 0.0 456000
1695735305795 0.0 460000
1695735382047 0.0 464000
1695735453065 0.0 468000
1695735524296 0.0 472000
1695735599060 0.0 476000
1695735678565 0.0 480000
1695735759687 0.0 484000
1695735842250 0.0 488000
1695735925678 0.0 492000
1695736013354 0.0 496000
1695736097202 0.0 500000
1695736173528 0.0 504000
1695736248764 0.0 508000
1695736320492 0.0 512000
1695736388089 0.0 516000
1695736454226 0.0 520000
1695736520556 0.0 524000
1695736586984 0.0 528000
1695736651611 0.0 532000
1695736716050 0.0 536000
1695736779404 0.0 540000
1695736842117 0.0 544000
1695736905309 0.0 548000
1695736968383 0.0 552000
1695737032079 0.0 556000
1695737093992 0.0 560000
1695737157900 0.0 564000
1695737219563 0.0 568000
1695737281881 0.0 572000
1695737344559 0.0 576000
1695737411886 0.0 580000
1695737478179 0.0 584000
1695737541848 0.0 588000
1695737604287 0.0 592000
1695737666365 0.0 596000
1695737728574 0.0 600000
1695737791501 0.0 604000
1695737853461 0.0 608000
1695737916148 0.0 612000
1695737978517 0.0 616000
1695738041164 0.0 620000
1695738103411 0.0 624000
1695738167247 0.0 628000
1695738229921 0.0 632000
1695738292479 0.0 636000
1695738354962 0.0 640000
1695738417831 0.0 644000
1695738479782 0.0 648000
1695738542369 0.0 652000
1695738605807 0.0 656000
1695738668078 0.0 660000
1695738731632 0.0 664000
1695738794099 0.0 668000
1695738858443 0.0 672000
1695738921178 0.0 676000
1695738984368 0.0 680000
1695739046646 0.0 684000
1695739110019 0.0 688000
1695739171893 0.0 692000
1695739235421 0.0 696000
1695739297669 0.0 700000
1695739360477 0.0 704000
1695739423152 0.0 708000
1695739487954 0.0 712000
1695739550607 0.0 716000
1695739613234 0.0 720000
1695739675934 0.0 724000
1695739737726 0.0 728000
1695739800411 0.0 732000
1695739862642 0.0 736000
1695739925786 0.0 740000
1695739987630 0.0 744000
1695740051530 0.0 748000
1695740114346 0.0 752000
1695740177569 0.0 756000
1695740240042 0.0 760000
1695740301907 0.0 764000
1695740363487 0.0 768000
1695740425980 0.0 772000
1695740488808 0.0 776000
1695740550649 0.0 780000
1695740613351 0.0 784000
1695740675973 0.0 788000
1695740739732 0.0 792000
1695740801634 0.0 796000
1695740864900 0.0 800000
1695740927099 0.0 804000
1695740989354 0.0 808000
1695741052682 0.0 812000
1695741116335 0.0 816000
1695741179067 0.0 820000
1695741241972 0.0 824000
1695741305076 0.0 828000
1695741368405 0.0 832000
1695741432643 0.0 836000
1695741500669 0.0 840000
1695741566713 0.0 844000
1695741631656 0.0 848000
1695741707294 0.0 852000
1695741770134 0.0 856000
1695741834202 0.0 860000
1695741896167 0.0 864000
1695741958360 0.0 868000
1695742020601 0.0 872000
1695742083748 0.0 876000
1695742146418 0.0 880000
1695742211532 0.0 884000
1695742275777 0.0 888000
1695742341516 0.0 892000
1695742413492 0.0 896000
1695742481843 0.0 900000
1695742548166 0.0 904000
1695742610632 0.0 908000
1695742672745 0.0 912000
1695742735030 0.0 916000
1695742798331 0.0 920000
1695742861430 0.0 924000
1695742924015 0.0 928000
1695742986261 0.0 932000
1695743049563 0.0 936000
1695743111844 0.0 940000
1695743175815 0.0 944000
1695743237781 0.0 948000
1695743299684 0.0 952000
1695743361880 0.0 956000
1695743425180 0.0 960000
1695743487659 0.0 964000
1695743552043 0.0 968000
1695743614195 0.0 972000
1695743677386 0.0 976000
1695743740426 0.0 980000
1695743804701 0.0 984000
1695743866876 0.0 988000
1695743930002 0.0 992000
1695743991632 0.0 996000
1695744054973 0.0 1000000
