1695731491847 0.0 244000
1695731555221 0.0 248000
1695731626872 0.0 252000
1695731693863 0.0 256000
1695731770299 0.0 260000
1695731847727 0.0 264000
1695731929175 0.0 268000
1695732007408 0.0 272000
1695732085468 0.0 276000
1695732161492 0.0 280000
1695732229720 0.0 284000
1695732296148 0.0 288000
1695732365258 0.0 292000
1695732431609 0.0 296000
1695732499178 0.0 300000
1695732565061 0.0 304000
1695732635321 0.0 308000
1695732702944 0.0 312000
1695732772271 0.0 316000
1695732841463 0.0 320000
1695732910126 0.0 324000
1695732988588 0.0 328000
1695733057648 0.0 332000
1695733127106 0.0 336000
1695733197084 0.0 340000
1695733266796 0.0 344000
1695733337596 0.0 348000
1695733406150 0.0 352000
1695733474981 0.0 356000
1695733547042 0.0 360000
1695733617616 0.0 364000
1695733686102 0.0 368000
1695733756089 0.0 372000
1695733824328 0.0 376000
1695733894829 0.0 380000
1695733964160 0.0 384000
1695734035158 0.0 388000
1695734104139 0.0 392000
1695734175569 0.0 396000
1695734244613 0.0 400000
1695734315637 0.0 404000
1695734384545 0.0 408000
1695734453330 0.0 412000
1695734520619 0.0 416000
1695734588324 0.0 420000
1695734658272 0.0 424000
1695734727941 0.0 428000
1695734796832 0.0 432000
1695734870165 0.0 436000
1695734945699 0.0 440000
1695735017010 0.0 444000
1695735086308 0.0 448000
1695735161631 0.0 452000
1695735231872 0.0 456000
1695735305800 0.0 460000
1695735382052 0.0 464000
1695735453069 0.0 468000
1695735524300 0.0 472000
1695735599065 0.0 476000
1695735678570 0.0 480000
1695735759691 0.0 484000
1695735842255 0.0 488000
1695735925683 0.0 492000
1695736013359 0.0 496000
1695736097206 0.0 500000
1695736173533 0.0 504000
1695736248769 0.0 508000
1695736320496 0.0 512000
1695736388093 0.0 516000
1695736454229 0.0 520000
1695736520560 0.0 524000
1695736586987 0.0 528000
1695736651615 0.0 532000
1695736716054 0.0 536000
1695736779408 0.0 540000
1695736842120 0.0 544000
1695736905313 0.0 548000
1695736968387 0.0 552000
1695737032083 0.0 556000
1695737093996 0.0 560000
1695737157903 0.0 564000
1695737219568 0.0 568000
1695737281885 0.0 572000
1695737344563 0.0 576000
1695737411890 0.0 580000
1695737478183 0.0 584000
1695737541851 0.0 588000
1695737604291 0.0 592000
1695737666369 0.0 596000
1695737728578 0.0 600000
1695737791505 0.0 604000
1695737853465 0.0 608000
1695737916152 0.0 612000
1695737978522 0.0 616000
1695738041168 0.0 620000
1695738103415 0.0 624000
1695738167251 0.0 628000
1695738229925 0.0 632000
1695738292482 0.0 636000
1695738354966 0.0 640000
1695738417835 0.0 644000
1695738479786 0.0 648000
1695738542373 0.0 652000
1695738605811 0.0 656000
1695738668082 0.0 660000
1695738731636 0.0 664000
1695738794103 0.0 668000
1695738858446 0.0 672000
1695738921181 0.0 676000
1695738984374 0.0 680000
1695739046650 0.0 684000
1695739110023 0.0 688000
1695739171896 0.0 692000
1695739235425 0.0 696000
1695739297673 0.0 700000
1695739360481 0.0 704000
1695739423157 0.0 708000
1695739487958 0.0 712000
1695739550611 0.0 716000
1695739613238 0.0 720000
1695739675937 0.0 724000
1695739737729 0.0 728000
1695739800415 0.0 732000
1695739862646 0.0 736000
1695739925790 0.0 740000
1695739987634 0.0 744000
1695740051533 0.0 748000
1695740114349 0.0 752000
1695740177573 0.0 756000
1695740240045 0.0 760000
1695740301911 0.0 764000
1695740363490 0.0 768000
1695740425984 0.0 772000
1695740488811 0.0 776000
1695740550652 0.0 780000
1695740613355 0.0 784000
1695740675976 0.0 788000
1695740739735 0.0 792000
1695740801638 0.0 796000
1695740864904 0.0 800000
1695740927103 0.0 804000
1695740989357 0.0 808000
1695741052685 0.0 812000
1695741116338 0.0 816000
1695741179071 0.0 820000
1695741241976 0.0 824000
1695741305080 0.0 828000
1695741368409 0.0 832000
1695741432646 0.0 836000
1695741500673 0.0 840000
1695741566718 0.0 844000
1695741631660 0.0 848000
1695741707298 0.0 852000
1695741770138 0.0 856000
1695741834207 0.0 860000
1695741896173 0.0 864000
1695741958363 0.0 868000
1695742020605 0.0 872000
1695742083752 0.0 876000
1695742146421 0.0 880000
1695742211536 0.0 884000
1695742275781 0.0 888000
1695742341519 0.0 892000
1695742413500 0.0 896000
1695742481847 0.0 900000
1695742548170 0.0 904000
1695742610636 0.0 908000
1695742672748 0.0 912000
1695742735034 0.0 916000
1695742798335 0.0 920000
1695742861434 0.0 924000
1695742924018 0.0 928000
1695742986264 0.0 932000
1695743049567 0.0 936000
1695743111848 0.0 940000
1695743175819 0.0 944000
1695743237784 0.0 948000
1695743299688 0.0 952000
1695743361884 0.0 956000
1695743425184 0.0 960000
1695743487663 0.0 964000
1695743552047 0.0 968000
1695743614198 0.0 972000
1695743677390 0.0 976000
1695743740430 0.0 980000
1695743804705 0.0 984000
1695743866880 0.0 988000
1695743930006 0.0 992000
1695743991635 0.0 996000
1695744054976 0.0 1000000
