1695731491846 0.0 244000
1695731555220 0.0 248000
1695731626871 0.0 252000
1695731693863 0.0 256000
1695731770298 0.0 260000
1695731847726 0.0 264000
1695731929174 0.0 268000
1695732007407 0.0 272000
1695732085467 0.0 276000
1695732161491 0.0 280000
1695732229719 0.0 284000
1695732296147 0.0 288000
1695732365257 0.0 292000
1695732431608 0.0 296000
1695732499177 0.0 300000
1695732565061 0.0 304000
1695732635320 0.0 308000
1695732702943 0.0 312000
1695732772270 0.0 316000
1695732841462 0.0 320000
1695732910126 0.0 324000
1695732988587 0.0 328000
1695733057647 0.0 332000
1695733127105 0.0 336000
1695733197083 0.0 340000
1695733266795 0.0 344000
1695733337595 0.0 348000
1695733406149 0.0 352000
1695733474980 0.0 356000
1695733547041 0.0 360000
1695733617615 0.0 364000
1695733686101 0.0 368000
1695733756088 0.0 372000
1695733824327 0.0 376000
1695733894828 0.0 380000
1695733964159 0.0 384000
1695734035158 0.0 388000
1695734104138 0.0 392000
1695734175568 0.0 396000
1695734244613 0.0 400000
1695734315636 0.0 404000
1695734384544 0.0 408000
1695734453329 0.0 412000
1695734520618 0.0 416000
1695734588323 0.0 420000
1695734658272 0.0 424000
1695734727940 0.0 428000
1695734796831 0.0 432000
1695734870164 0.0 436000
1695734945699 0.0 440000
1695735017009 0.0 444000
1695735086307 0.0 448000
1695735161631 0.0 452000
1695735231871 0.0 456000
1695735305799 0.0 460000
1695735382051 0.0 464000
1695735453068 0.0 468000
1695735524300 0.0 472000
1695735599064 0.0 476000
1695735678569 0.0 480000
1695735759691 0.0 484000
1695735842254 0.0 488000
1695735925682 0.0 492000
1695736013358 0.0 496000
1695736097205 0.0 500000
1695736173532 0.0 504000
1695736248768 0.0 508000
1695736320495 0.0 512000
1695736388092 0.0 516000
1695736454228 0.0 520000
1695736520559 0.0 524000
1695736586987 0.0 528000
1695736651614 0.0 532000
1695736716053 0.0 536000
1695736779407 0.0 540000
1695736842120 0.0 544000
1695736905313 0.0 548000
1695736968386 0.0 552000
1695737032082 0.0 556000
1695737093995 0.0 560000
1695737157903 0.0 564000
1695737219567 0.0 568000
1695737281884 0.0 572000
1695737344562 0.0 576000
1695737411889 0.0 580000
1695737478182 0.0 584000
1695737541851 0.0 588000
1695737604290 0.0 592000
1695737666368 0.0 596000
1695737728577 0.0 600000
1695737791504 0.0 604000
1695737853464 0.0 608000
1695737916151 0.0 612000
1695737978521 0.0 616000
1695738041167 0.0 620000
1695738103414 0.0 624000
1695738167250 0.0 628000
1695738229924 0.0 632000
1695738292482 0.0 636000
1695738354965 0.0 640000
1695738417834 0.0 644000
1695738479785 0.0 648000
1695738542372 0.0 652000
1695738605810 0.0 656000
1695738668081 0.0 660000
1695738731635 0.0 664000
1695738794102 0.0 668000
1695738858446 0.0 672000
1695738921181 0.0 676000
1695738984371 0.0 680000
1695739046649 0.0 684000
1695739110022 0.0 688000
1695739171896 0.0 692000
1695739235424 0.0 696000
1695739297673 0.0 700000
1695739360480 0.0 704000
1695739423156 0.0 708000
1695739487957 0.0 712000
1695739550610 0.0 716000
1695739613237 0.0 720000
1695739675937 0.0 724000
1695739737728 0.0 728000
1695739800414 0.0 732000
1695739862645 0.0 736000
1695739925789 0.0 740000
1695739987633 0.0 744000
1695740051532 0.0 748000
1695740114349 0.0 752000
1695740177572 0.0 756000
1695740240044 0.0 760000
1695740301910 0.0 764000
1695740363490 0.0 768000
1695740425983 0.0 772000
1695740488811 0.0 776000
1695740550651 0.0 780000
1695740613354 0.0 784000
1695740675976 0.0 788000
1695740739735 0.0 792000
1695740801637 0.0 796000
1695740864904 0.0 800000
1695740927102 0.0 804000
1695740989356 0.0 808000
1695741052684 0.0 812000
1695741116337 0.0 816000
1695741179070 0.0 820000
1695741241975 0.0 824000
1695741305079 0.0 828000
1695741368408 0.0 832000
1695741432646 0.0 836000
1695741500673 0.0 840000
1695741566717 0.0 844000
1695741631660 0.0 848000
1695741707297 0.0 852000
1695741770137 0.0 856000
1695741834206 0.0 860000
1695741896171 0.0 864000
1695741958363 0.0 868000
1695742020604 0.0 872000
1695742083751 0.0 876000
1695742146420 0.0 880000
1695742211536 0.0 884000
1695742275780 0.0 888000
1695742341518 0.0 892000
1695742413498 0.0 896000
1695742481846 0.0 900000
1695742548169 0.0 904000
1695742610635 0.0 908000
1695742672747 0.0 912000
1695742735033 0.0 916000
1695742798335 0.0 920000
1695742861434 0.0 924000
1695742924018 0.0 928000
1695742986263 0.0 932000
1695743049566 0.0 936000
1695743111847 0.0 940000
1695743175818 0.0 944000
1695743237784 0.0 948000
1695743299687 0.0 952000
1695743361883 0.0 956000
1695743425183 0.0 960000
1695743487662 0.0 964000
1695743552046 0.0 968000
1695743614198 0.0 972000
1695743677389 0.0 976000
1695743740429 0.0 980000
1695743804704 0.0 984000
1695743866879 0.0 988000
1695743930006 0.0 992000
1695743991634 0.0 996000
1695744054976 0.0 1000000
