1695731491845 0.0 244000
1695731555219 0.0 248000
1695731626870 0.0 252000
1695731693862 0.0 256000
1695731770297 0.0 260000
1695731847725 0.0 264000
1695731929174 0.0 268000
1695732007406 0.0 272000
1695732085465 0.0 276000
1695732161490 0.0 280000
1695732229718 0.0 284000
1695732296147 0.0 288000
1695732365257 0.0 292000
1695732431608 0.0 296000
1695732499176 0.0 300000
1695732565060 0.0 304000
1695732635319 0.0 308000
1695732702942 0.0 312000
1695732772269 0.0 316000
1695732841461 0.0 320000
1695732910125 0.0 324000
1695732988587 0.0 328000
1695733057646 0.0 332000
1695733127105 0.0 336000
1695733197082 0.0 340000
1695733266795 0.0 344000
1695733337594 0.0 348000
1695733406148 0.0 352000
1695733474979 0.0 356000
1695733547040 0.0 360000
1695733617614 0.0 364000
1695733686100 0.0 368000
1695733756087 0.0 372000
1695733824327 0.0 376000
1695733894828 0.0 380000
1695733964158 0.0 384000
1695734035157 0.0 388000
1695734104138 0.0 392000
1695734175567 0.0 396000
1695734244612 0.0 400000
1695734315636 0.0 404000
1695734384543 0.0 408000
1695734453329 0.0 412000
1695734520617 0.0 416000
1695734588322 0.0 420000
1695734658271 0.0 424000
1695734727939 0.0 428000
1695734796830 0.0 432000
1695734870163 0.0 436000
1695734945698 0.0 440000
1695735017008 0.0 444000
1695735086306 0.0 448000
1695735161630 0.0 452000
1695735231870 0.0 456000
1695735305798 0.0 460000
1695735382050 0.0 464000
1695735453067 0.0 468000
1695735524299 0.0 472000
1695735599063 0.0 476000
1695735678568 0.0 480000
1695735759690 0.0 484000
1695735842253 0.0 488000
1695735925681 0.0 492000
1695736013357 0.0 496000
1695736097205 0.0 500000
1695736173531 0.0 504000
1695736248767 0.0 508000
1695736320495 0.0 512000
1695736388091 0.0 516000
1695736454228 0.0 520000
1695736520558 0.0 524000
1695736586986 0.0 528000
1695736651613 0.0 532000
1695736716053 0.0 536000
1695736779406 0.0 540000
1695736842119 0.0 544000
1695736905312 0.0 548000
1695736968386 0.0 552000
1695737032081 0.0 556000
1695737093995 0.0 560000
1695737157902 0.0 564000
1695737219566 0.0 568000
1695737281884 0.0 572000
1695737344561 0.0 576000
1695737411888 0.0 580000
1695737478181 0.0 584000
1695737541850 0.0 588000
1695737604289 0.0 592000
1695737666367 0.0 596000
1695737728576 0.0 600000
1695737791503 0.0 604000
1695737853463 0.0 608000
1695737916150 0.0 612000
1695737978520 0.0 616000
1695738041166 0.0 620000
1695738103413 0.0 624000
1695738167249 0.0 628000
1695738229923 0.0 632000
1695738292481 0.0 636000
1695738354964 0.0 640000
1695738417833 0.0 644000
1695738479784 0.0 648000
1695738542371 0.0 652000
1695738605810 0.0 656000
1695738668081 0.0 660000
1695738731634 0.0 664000
1695738794101 0.0 668000
1695738858445 0.0 672000
1695738921180 0.0 676000
1695738984371 0.0 680000
1695739046649 0.0 684000
1695739110021 0.0 688000
1695739171895 0.0 692000
1695739235423 0.0 696000
1695739297672 0.0 700000
1695739360479 0.0 704000
1695739423155 0.0 708000
1695739487956 0.0 712000
1695739550609 0.0 716000
1695739613237 0.0 720000
1695739675936 0.0 724000
1695739737728 0.0 728000
1695739800413 0.0 732000
1695739862644 0.0 736000
1695739925788 0.0 740000
1695739987632 0.0 744000
1695740051532 0.0 748000
1695740114348 0.0 752000
1695740177571 0.0 756000
1695740240044 0.0 760000
1695740301910 0.0 764000
1695740363489 0.0 768000
1695740425983 0.0 772000
1695740488810 0.0 776000
1695740550651 0.0 780000
1695740613353 0.0 784000
1695740675975 0.0 788000
1695740739734 0.0 792000
1695740801636 0.0 796000
1695740864903 0.0 800000
1695740927101 0.0 804000
1695740989356 0.0 808000
1695741052684 0.0 812000
1695741116337 0.0 816000
1695741179069 0.0 820000
1695741241974 0.0 824000
1695741305078 0.0 828000
1695741368407 0.0 832000
1695741432645 0.0 836000
1695741500672 0.0 840000
1695741566716 0.0 844000
1695741631659 0.0 848000
1695741707296 0.0 852000
1695741770136 0.0 856000
1695741834205 0.0 860000
1695741896170 0.0 864000
1695741958362 0.0 868000
1695742020604 0.0 872000
1695742083751 0.0 876000
1695742146420 0.0 880000
1695742211535 0.0 884000
1695742275780 0.0 888000
1695742341518 0.0 892000
1695742413496 0.0 896000
1695742481845 0.0 900000
1695742548169 0.0 904000
1695742610635 0.0 908000
1695742672747 0.0 912000
1695742735033 0.0 916000
1695742798334 0.0 920000
1695742861433 0.0 924000
1695742924017 0.0 928000
1695742986263 0.0 932000
1695743049566 0.0 936000
1695743111846 0.0 940000
1695743175817 0.0 944000
1695743237783 0.0 948000
1695743299686 0.0 952000
1695743361883 0.0 956000
1695743425182 0.0 960000
1695743487661 0.0 964000
1695743552045 0.0 968000
1695743614197 0.0 972000
1695743677388 0.0 976000
1695743740428 0.0 980000
1695743804704 0.0 984000
1695743866878 0.0 988000
1695743930005 0.0 992000
1695743991634 0.0 996000
1695744054975 0.0 1000000
