1695672600013 0.08736133575439453 16000
1695672672289 0.0911325216293335 20000
1695672745224 0.09077106203351702 24000
1695672809610 0.08644149416968935 28000
1695672873957 0.08478512366612752 32000
1695672940644 0.0839198077166522 36000
1695673005178 0.0819183886051178 40000
1695673074213 0.08157737114850212 44000
1695673141155 0.0833272933959961 48000
1695673218450 0.08334337278854015 52000
1695673294726 0.08309781551361084 56000
1695673372445 0.08302380641301473 60000
1695673449667 0.08667842397150004 64000
1695673533568 0.0868866660378196 68000
1695673613763 0.08724237743176912 72000
1695673696553 0.0884854793548584 76000
1695673782564 0.08941057956579959 80000
1695673861053 0.0893352636650427 84000
1695673946001 0.09084244569142659 88000
1695674026339 0.09091308242396305 92000
1695674106791 0.09177235456613395 96000
1695674188531 0.0917081373283662 100000
1695674272938 0.09378574111244896 104000
1695674360542 0.09400015291960342 108000
1695674442947 0.09477600759389448 112000
1695674524857 0.09488248825073242 116000
1695674604776 0.09566950798034668 120000
1695674686312 0.09629976749420166 124000
1695674760991 0.09639143943786621 128000
1695674835845 0.09717845916748047 132000
1695674905968 0.0980839729309082 136000
1695674983883 0.09877979755401611 140000
1695675057417 0.09957361221313477 144000
1695675130769 0.09900784492492676 148000
1695675201055 0.09624958038330078 152000
1695675272646 0.09029650688171387 156000
1695675343575 0.0874403715133667 160000
1695675414045 0.08857905864715576 164000
1695675488881 0.08869349956512451 168000
1695675564981 0.09690213203430176 172000
1695675636532 0.09391701221466064 176000
1695675707656 0.08985233306884766 180000
1695675779497 0.08727476137493728 184000
1695675846358 0.0836890060584862 188000
1695675912987 0.08127394475434956 192000
1695675979109 0.10907314889441987 196000
1695676044753 0.0778798262278239 200000
1695676110981 0.08120736317654534 204000
1695676191593 0.10424128428161868 208000
1695676270255 0.09812281536961732 212000
1695676339859 0.08520338986371015 216000
1695676408523 0.08468029599536882 220000
1695676480566 0.09181723875157974 224000
1695676555055 0.09167433803916997 228000
1695676625493 0.08853696533853973 232000
1695676703978 0.09613067807046129 236000
1695676788212 0.10794693393929923 240000
1695676878001 0.10415248656540774 244000
1695676967099 0.10540516990603822 248000
1695677042680 0.09675438242747371 252000
1695677114867 0.08610559507014634 256000
1695677195482 0.09338264791374533 260000
1695677276817 0.102411223272992 264000
1695677358205 0.1017234814216901 268000
1695677440035 0.1027777037268019 272000
1695677527183 0.10392256502835255 276000
