1695672600013 0.0073468685150146484 16000
1695672672290 0.007469455401102702 20000
1695672745225 0.007520403180803571 24000
1695672809610 0.007321153368268695 28000
1695672873958 0.007258852322896321 32000
1695672940644 0.007220550819679543 36000
1695673005179 0.007154792547225952 40000
1695673074214 0.007149752448586857 44000
1695673141155 0.007189608908988334 48000
1695673218451 0.007176399230957031 52000
1695673294727 0.007169084115461869 56000
1695673372446 0.007192542155583699 60000
1695673449668 0.007263219581460053 64000
1695673533569 0.007337656888094815 68000
1695673613764 0.007389511978417112 72000
1695673696554 0.007463494936625163 76000
1695673782565 0.00757701469190193 80000
1695673861054 0.007580643269553113 84000
1695673946001 0.007696615325080024 88000
1695674026340 0.007726487360502544 92000
1695674106792 0.007747075496575771 96000
1695674188532 0.007772014801760754 100000
1695674272939 0.007833946834911 104000
1695674360543 0.007868979288184124 108000
1695674442949 0.00792839089218451 112000
1695674524858 0.007947564125061035 116000
1695674604777 0.008014082908630371 120000
1695674686313 0.00807178020477295 124000
1695674760993 0.008071422576904297 128000
1695674835846 0.00810849666595459 132000
1695674905969 0.00815725326538086 136000
1695674983884 0.008229732513427734 140000
1695675057418 0.00825953483581543 144000
1695675130769 0.00825810432434082 148000
1695675201056 0.008071064949035645 152000
1695675272646 0.0077571868896484375 156000
1695675343576 0.007601380348205566 160000
1695675414046 0.007645368576049805 164000
1695675488882 0.007649660110473633 168000
1695675564982 0.00799703598022461 172000
1695675636533 0.007794976234436035 176000
1695675707657 0.007611632347106934 180000
1695675779498 0.007462501525878906 184000
1695675846359 0.007279686160854526 188000
1695675912988 0.0070736282750179895 192000
1695675979109 0.007104544046287712 196000
1695676044754 0.006947865088780721 200000
1695676110982 0.007084224014601448 204000
1695676191594 0.008655945781754095 208000
1695676270256 0.008257811248538052 212000
1695676339860 0.0074262784714864485 216000
1695676408524 0.007293735884158548 220000
1695676480566 0.007870010301178577 224000
1695676555056 0.00771691656520224 228000
1695676625494 0.007583236242357588 232000
1695676703979 0.008241403767990964 236000
1695676788213 0.008953174264514493 240000
1695676878002 0.008756525061103734 244000
1695676967100 0.008790601383556019 248000
1695677042681 0.00818232844646712 252000
1695677114868 0.007589461685586792 256000
1695677195483 0.008054829051351955 260000
1695677276818 0.008620614679450663 264000
1695677358206 0.008555386355731278 268000
1695677440036 0.008564422102753754 272000
1695677527183 0.008681135357550855 276000
