1695731491873 1.433917668269231 244000
1695731555247 1.420710177105263 248000
1695731626895 1.4427407902112677 252000
1695731693892 1.435049710449438 256000
1695731770326 1.4089173908500003 260000
1695731847755 1.4358673932444264 264000
1695731929202 1.4934508384444263 268000
1695732007435 1.5075782547888519 272000
1695732085499 1.5375996244832784 276000
1695732161515 1.5282066735798665 280000
1695732229744 1.5139983130653072 284000
1695732296173 1.5503491971643522 288000
1695732365283 1.6036815575296612 292000
1695732431632 1.5704238034032039 296000
1695732499202 1.5503208611143517 300000
1695732565085 1.555151974207073 304000
1695732635350 1.5605246894643425 308000
1695732702970 1.5506913907007496 312000
1695732772295 1.5669596828971226 316000
1695732841487 1.5749203406112577 320000
1695732910149 1.5810129100622055 324000
1695732988612 1.61123147289745 328000
1695733057672 1.5787377035704606 332000
1695733127129 1.60987423422592 336000
1695733197108 1.5363611871592493 340000
1695733266822 1.5930868858984046 344000
1695733337626 1.6084691688619657 348000
1695733406174 1.5150457371781618 352000
1695733475006 1.6335897231981988 356000
1695733547069 1.6147253588093275 360000
1695733617640 1.5936578841697502 364000
1695733686127 1.6797452454909407 368000
1695733756113 1.6893276546189784 372000
1695733824351 1.6544192918892429 376000
1695733894853 1.675831962062362 380000
1695733964185 1.7145340850337862 384000
1695734035184 1.7152632857205399 388000
1695734104165 1.6381076158427232 392000
1695734175592 1.682650789201064 396000
1695734244637 1.7352967012810716 400000
1695734315661 1.7372885493502943 404000
1695734384570 1.6752316524018551 408000
1695734453354 1.677394003694347 412000
1695734520641 1.6921116504692493 416000
1695734588348 1.6861725966008634 420000
1695734658298 1.7154092331021031 424000
1695734727965 1.716358675322767 428000
1695734796855 1.669141190549378 432000
1695734870192 1.7614768670422771 436000
1695734945727 1.6834431645443957 440000
1695735017037 1.6366694591974087 444000
1695735086332 1.7106097191828575 448000
1695735161655 1.697487483069547 452000
1695735231896 1.6599136704555424 456000
1695735305835 1.6538428335673387 460000
1695735382083 1.6343093914326041 464000
1695735453093 1.6130652452646612 468000
1695735524324 1.6688188185316521 472000
1695735599090 1.6425735780295145 476000
1695735678597 1.642105662637038 480000
1695735759719 1.6642251100565693 484000
1695735842284 1.677015405814032 488000
1695735925710 1.6948872108989756 492000
1695736013385 1.7224256058754224 496000
1695736097232 1.6364516769385813 500000
1695736173560 1.6368215616496513 504000
1695736248801 1.61867036430141 508000
1695736320525 1.6793235132224773 512000
1695736388115 1.6628868402834778 516000
1695736454251 1.6993238567374378 520000
1695736520582 1.7046921980887553 524000
1695736587011 1.7018177476327478 528000
1695736651639 1.6795533450403848 532000
1695736716078 1.6975610177043026 536000
1695736779429 1.6546959224619617 540000
1695736842142 1.5821745393797824 544000
1695736905338 1.6973568259584677 548000
1695736968410 1.6600124133484118 552000
1695737032105 1.6852913473733115 556000
1695737094018 1.677909906082114 560000
1695737157926 1.65738530335337 564000
1695737219592 1.6856084092863328 568000
1695737281908 1.6773574725079818 572000
1695737344587 1.6926118246303672 576000
1695737411915 1.7125736398191578 580000
1695737478204 1.6620617132668445 584000
1695737541873 1.6083406435839986 588000
1695737604312 1.6622529942451487 592000
1695737666390 1.694249939591711 596000
1695737728602 1.7062296450551075 600000
1695737791528 1.7242222811473829 604000
1695737853488 1.6804305879415413 608000
1695737916174 1.693139273379805 612000
1695737978545 1.658284799396356 616000
1695738041189 1.6375765423411515 620000
1695738103438 1.7214190053791736 624000
1695738167275 1.6204945901604169 628000
1695738229946 1.6596100666431157 632000
1695738292504 1.615416185647326 636000
1695738354990 1.6208704149132223 640000
1695738417856 1.59270893677021 644000
1695738479808 1.6197800237544444 648000
1695738542396 1.6241714675986703 652000
1695738605832 1.595203447437812 656000
1695738668106 1.6107939744478066 660000
1695738731658 1.6721122450877883 664000
1695738794125 1.6622517345379204 668000
1695738858470 1.6160411390544636 672000
1695738921205 1.642916808289476 676000
1695738984401 1.6544130089490874 680000
1695739046671 1.7076044252480143 684000
1695739110045 1.622859253384911 688000
1695739171918 1.615121719581103 692000
1695739235446 1.7145385934945978 696000
1695739297695 1.6163742506269188 700000
1695739360503 1.6806209077961034 704000
1695739423186 1.6556237286171187 708000
1695739487980 1.6113491857685962 712000
1695739550635 1.633516721448493 716000
1695739613259 1.646252677093736 720000
1695739675960 1.6862567437379417 724000
1695739737751 1.6775263427918579 728000
1695739800437 1.6351914544712087 732000
1695739862668 1.6369995578457395 736000
1695739925814 1.5936956872308066 740000
1695739987658 1.6603207642962912 744000
1695740051557 1.7163613434721088 748000
1695740114370 1.6216500974346788 752000
1695740177595 1.668829160659391 756000
1695740240067 1.6657055973866597 760000
1695740301932 1.6513392055219638 764000
1695740363512 1.7188281437276907 768000
1695740426005 1.6244655438645936 772000
1695740488835 1.7491408655096352 776000
1695740550673 1.6892594582587397 780000
1695740613376 1.7361005204350346 784000
1695740675998 1.6864666317781662 788000
1695740739757 1.667293339073949 792000
1695740801663 1.687624071303168 796000
1695740864926 1.6814582404744018 800000
1695740927127 1.6582826868343477 804000
1695740989378 1.7007519485212195 808000
1695741052708 1.6662068227229323 812000
1695741116360 1.639675941798508 816000
1695741179092 1.6114324379411518 820000
1695741241999 1.6911967507771204 824000
1695741305104 1.6233231165577346 828000
1695741368430 1.6454558517259648 832000
1695741432668 1.7220521920388883 836000
1695741500697 1.6699339850079347 840000
1695741566741 1.6659108013906683 844000
1695741631686 1.678050846199223 848000
1695741707321 1.6757543210506378 852000
1695741770160 1.6201559451097012 856000
1695741834232 1.688354343413896 860000
1695741896200 1.6861202708149639 864000
1695741958385 1.6571903550757756 868000
1695742020628 1.651037557019636 872000
1695742083775 1.6611197314694437 876000
1695742146444 1.7090388198231539 880000
1695742211560 1.6459808621846517 884000
1695742275803 1.6686412487383677 888000
1695742341543 1.6930002089307044 892000
1695742413531 1.6886402340673836 896000
1695742481871 1.7078970522222612 900000
1695742548192 1.6472553987801546 904000
1695742610660 1.6161006880657391 908000
1695742672770 1.6890447235538455 912000
1695742735056 1.6978175907208701 916000
1695742798359 1.62487764970718 920000
1695742861458 1.6725601151235043 924000
1695742924042 1.6745411244738508 928000
1695742986285 1.691368729359549 932000
1695743049590 1.7256102436373848 936000
1695743111870 1.7079364745059777 940000
1695743175841 1.6294929913057274 944000
1695743237806 1.74484137837484 948000
1695743299711 1.6972859970555543 952000
1695743361907 1.7127059861043532 956000
1695743425206 1.6540988292399126 960000
1695743487685 1.6507009369832475 964000
1695743552068 1.705648374141965 968000
1695743614221 1.6862828178732856 972000
1695743677411 1.685896912540861 976000
1695743740453 1.6462135638819362 980000
1695743804729 1.691766797636112 984000
1695743866904 1.6428323112078556 988000
1695743930028 1.678522561715391 992000
1695743991656 1.7127089014724426 996000
1695744054997 1.6279076388916378 1000000
