1695731491874 1.3813851850012602 244000
1695731555248 1.3934705371723588 248000
1695731626896 1.3607200598189426 252000
1695731693893 1.3733714424409378 256000
1695731770327 1.3646755529542318 260000
1695731847756 1.2879070025546298 264000
1695731929203 1.2712951847495906 268000
1695732007436 1.3278471830578897 272000
1695732085500 1.3027195833522847 276000
1695732161516 1.2995631891030472 280000
1695732229745 1.362918070411435 284000
1695732296174 1.3174695683594357 288000
1695732365284 1.2193469826084524 292000
1695732431633 1.2946384499710288 296000
1695732499202 1.2566057462634936 300000
1695732565086 1.3318984151035775 304000
1695732635351 1.3263456944132515 308000
1695732702971 1.3760849084480697 312000
1695732772296 1.3617947124813978 316000
1695732841488 1.358290560012626 320000
1695732910150 1.310673905304601 324000
1695732988614 1.2978853464596276 328000
1695733057673 1.3466684797055963 332000
1695733127129 1.2781984004233529 336000
1695733197108 1.4010515963863814 340000
1695733266823 1.3640363338241999 344000
1695733337627 1.3240566550818427 348000
1695733406174 1.4374638122995032 352000
1695733475007 1.313748452871697 356000
1695733547070 1.3441691965905829 360000
1695733617641 1.343027584593044 364000
1695733686128 1.2693069949059477 368000
1695733756114 1.246444920337433 372000
1695733824352 1.2968729356702156 376000
1695733894854 1.2814264864277358 380000
1695733964186 1.2342953021396978 384000
1695734035185 1.2384509961681793 388000
1695734104165 1.3114098671547472 392000
1695734175593 1.2705631219084979 396000
1695734244638 1.2205224284646188 400000
1695734315662 1.2013057220668095 404000
1695734384570 1.2777103426349525 408000
1695734453355 1.269071638507689 412000
1695734520642 1.2633170425887965 416000
1695734588349 1.2628208347484537 420000
1695734658299 1.2512846422773407 424000
1695734727965 1.2407713989645757 428000
1695734796856 1.301599110773406 432000
1695734870192 1.201124515759672 436000
1695734945728 1.2878673191677275 440000
1695735017038 1.3308914183896083 444000
1695735086333 1.2512517977684827 448000
1695735161656 1.270611421926215 452000
1695735231897 1.2697825383419248 456000
1695735305836 1.3058035700589126 460000
1695735382084 1.316658640714559 464000
1695735453094 1.3595775737198224 468000
1695735524324 1.3143701144106472 472000
1695735599091 1.3376795610413794 476000
1695735678598 1.336797013828906 480000
1695735759720 1.3134113828234117 484000
1695735842285 1.3039751383458673 488000
1695735925711 1.285138842233025 492000
1695736013386 1.2557393740648135 496000
1695736097233 1.352483793299483 500000
1695736173560 1.3427981532731723 504000
1695736248802 1.3245340235457717 508000
1695736320526 1.2936371218257734 512000
1695736388115 1.2856367131805708 516000
1695736454252 1.2512270070262597 520000
1695736520583 1.2130073127027445 524000
1695736587011 1.2496013065901201 528000
1695736651640 1.2818407737008455 532000
1695736716079 1.2687327636609984 536000
1695736779430 1.2414346043542188 540000
1695736842143 1.3243156061919208 544000
1695736905339 1.228787201063035 548000
1695736968411 1.2764915372650991 552000
1695737032106 1.263933016417347 556000
1695737094019 1.2668054300015783 560000
1695737157927 1.2910752546836932 564000
1695737219592 1.2721697543715007 568000
1695737281909 1.2908564836497898 572000
1695737344588 1.2811707770328082 576000
1695737411916 1.2524582980493963 580000
1695737478205 1.3150051361828605 584000
1695737541874 1.377216235841826 588000
1695737604312 1.3230279847458235 592000
1695737666391 1.2886170186460177 596000
1695737728602 1.2709663891301701 600000
1695737791528 1.2409382610096664 604000
1695737853489 1.2883900575447305 608000
1695737916175 1.2881879736160415 612000
1695737978546 1.3155361733470947 616000
1695738041190 1.3383304287844022 620000
1695738103439 1.2516929837185067 624000
1695738167276 1.3643489759021077 628000
1695738229947 1.3202954624484229 632000
1695738292505 1.3262424834945792 636000
1695738354991 1.3387886643009188 640000
1695738417857 1.3850376805712212 644000
1695738479809 1.350220181219376 648000
1695738542397 1.34864271475968 652000
1695738605833 1.3841065339192893 656000
1695738668107 1.376377989149611 660000
1695738731658 1.3115408900522927 664000
1695738794126 1.2811538392114217 668000
1695738858470 1.3426439277498414 672000
1695738921206 1.3228924662282129 676000
1695738984401 1.3284579078991767 680000
1695739046672 1.2756259643145447 684000
1695739110045 1.3573378119938164 688000
1695739171919 1.3620036443088601 692000
1695739235447 1.2666212546060918 696000
1695739297695 1.3685686686106044 700000
1695739360503 1.30192116038229 704000
1695739423187 1.3249163897279297 708000
1695739487981 1.3736546689272537 712000
1695739550635 1.3193813011612567 716000
1695739613260 1.327757370169353 720000
1695739675961 1.2944780518867915 724000
1695739737751 1.2953028116721808 728000
1695739800437 1.3365130122604603 732000
1695739862669 1.3017899777705881 736000
1695739925814 1.335470677381339 740000
1695739987659 1.2781297678399046 744000
1695740051557 1.189522284042714 748000
1695740114371 1.3263991750728832 752000
1695740177596 1.2709842980804364 756000
1695740240068 1.3070350138168194 760000
1695740301933 1.323617943906603 764000
1695740363513 1.2325078869271262 768000
1695740426006 1.3217862875195066 772000
1695740488836 1.2056040203238665 776000
1695740550674 1.2738831827616046 780000
1695740613377 1.191651688685559 784000
1695740675999 1.2701097312375016 788000
1695740739758 1.2885758355169958 792000
1695740801664 1.2291744483134266 796000
1695740864927 1.2842085068977365 800000
1695740927128 1.3207339432750684 804000
1695740989379 1.2756398358326086 808000
1695741052709 1.3026650663841801 812000
1695741116360 1.3282476390866633 816000
1695741179093 1.34895105647018 820000
1695741242000 1.2747523966031205 824000
1695741305104 1.338046483574343 828000
1695741368431 1.32191761520002 832000
1695741432669 1.2573175188858396 836000
1695741500698 1.3005090930647107 840000
1695741566742 1.3008194207166826 844000
1695741631687 1.2976492556793922 848000
1695741707322 1.2926545542851853 852000
1695741770161 1.349990437046122 856000
1695741834232 1.264601678734948 860000
1695741896201 1.256446880804594 864000
1695741958385 1.2975458849009474 868000
1695742020629 1.30862166822745 872000
1695742083775 1.3040426075541973 876000
1695742146445 1.2623608032853542 880000
1695742211561 1.2723825744108208 884000
1695742275804 1.2899885009875234 888000
1695742341544 1.2633218433934172 892000
1695742413532 1.2789220899458955 896000
1695742481872 1.2461086203231855 900000
1695742548192 1.3060624853108405 904000
1695742610660 1.3245079546222447 908000
1695742672771 1.2737441848716118 912000
1695742735057 1.245093519183028 916000
1695742798360 1.3347222012571853 920000
1695742861459 1.293661970558252 924000
1695742924042 1.3005448906151138 928000
1695742986286 1.2886190912669644 932000
1695743049591 1.227815009807883 936000
1695743111870 1.2497453528674822 940000
1695743175842 1.3330910286291144 944000
1695743237807 1.1931886152449602 948000
1695743299712 1.2698168205676377 952000
1695743361907 1.258948966214802 956000
1695743425207 1.304275643290861 960000
1695743487686 1.3264513692329865 964000
1695743552069 1.2650433645997663 968000
1695743614221 1.2885836655862715 972000
1695743677411 1.269433926107294 976000
1695743740454 1.3155804919392804 980000
1695743804730 1.2727630371292364 984000
1695743866904 1.338204976813032 988000
1695743930028 1.2537964741355017 992000
1695743991657 1.264932806524167 996000
1695744054998 1.3362220502976419 1000000
