1695672393970 2.0 4000
1695672462667 2.0 8000
1695672529177 2.0 12000
1695672600055 2.0 16000
1695672672329 2.0 20000
1695672745261 2.0 24000
1695672809647 2.0 28000
1695672873993 2.0 32000
1695672940680 2.0 36000
1695673005214 2.0 40000
1695673074251 2.0 44000
1695673141192 2.0 48000
1695673218487 2.0 52000
1695673294772 2.0 56000
1695673372489 2.0 60000
1695673449712 2.0 64000
1695673533618 2.0 68000
1695673613807 2.0 72000
1695673696598 2.0 76000
1695673782611 2.0 80000
1695673861100 2.0 84000
1695673946045 2.0 88000
1695674026386 2.0 92000
1695674106837 2.0 96000
1695674188580 2.0 100000
1695674272988 2.0 104000
1695674360590 2.0 108000
1695674443011 2.0 112000
1695674524904 2.0 116000
1695674604825 2.0 120000
1695674686358 2.0 124000
1695674761049 2.0 128000
1695674835894 2.0 132000
1695674906014 2.0 136000
1695674983924 2.0 140000
1695675057457 2.0 144000
1695675130816 2.0 148000
1695675201097 2.0 152000
1695675272685 2.0 156000
1695675343616 2.0 160000
1695675414081 2.0 164000
1695675488943 2.0 168000
1695675565021 2.0 172000
1695675636573 2.0 176000
1695675707694 2.0 180000
1695675779538 2.0 184000
1695675846397 2.0 188000
1695675913024 2.0 192000
1695675979147 2.0 196000
1695676044791 2.0 200000
1695676111019 2.0 204000
1695676191638 2.0 208000
1695676270295 2.0 212000
1695676339898 2.0 216000
1695676408562 2.0 220000
1695676480605 2.0 224000
1695676555099 2.0 228000
1695676625532 2.0 232000
1695676704022 2.0 236000
1695676788255 2.0 240000
1695676878054 2.0 244000
1695676967156 2.0 248000
1695677042721 2.0 252000
1695677114909 2.0 256000
1695677195527 2.0 260000
1695677276863 2.0 264000
1695677358248 2.0 268000
1695677440080 2.0 272000
1695677527224 2.0 276000
