1695672599863 0.0 16000
1695672672143 1.0 20000
1695672745089 1.0 24000
1695672809482 1.0 28000
1695672873831 1.0 32000
1695672940513 1.0 36000
1695673005051 1.0 40000
1695673074085 1.0 44000
1695673141027 1.0 48000
1695673218317 1.0 52000
1695673294562 1.0 56000
1695673372292 1.0 60000
1695673449505 1.0 64000
1695673533382 1.0 68000
1695673613615 1.0 72000
1695673696389 1.0 76000
1695673782398 1.0 80000
1695673860887 1.0 84000
1695673945842 1.0 88000
1695674026175 1.0 92000
1695674106625 1.0 96000
1695674188369 1.0 100000
1695674272757 1.0 104000
1695674360376 1.0 108000
1695674442745 1.0 112000
1695674524693 1.0 116000
1695674604614 1.0 120000
1695674686142 1.0 124000
1695674760811 1.0 128000
1695674835701 1.0 132000
1695674905814 1.0 136000
1695674983741 1.0 140000
1695675057278 1.0 144000
1695675130604 1.0 148000
1695675200915 1.0 152000
1695675272512 1.0 156000
1695675343436 1.0 160000
1695675413919 1.0 164000
1695675488683 1.0 168000
1695675564842 1.0 172000
1695675636389 1.0 176000
1695675707521 1.0 180000
1695675779355 1.0 184000
1695675846235 1.0 188000
1695675912861 1.0 192000
1695675978972 1.0 196000
1695676044625 1.0 200000
1695676110850 1.0 204000
1695676191443 1.0 208000
1695676270122 1.0 212000
1695676339721 1.0 216000
1695676408387 1.0 220000
1695676480430 1.0 224000
1695676554904 1.0 228000
1695676625356 1.0 232000
1695676703827 1.0 236000
1695676788061 1.0 240000
1695676877814 1.0 244000
1695676966886 1.0 248000
1695677042541 1.0 252000
1695677114725 1.0 256000
1695677195325 1.0 260000
1695677276664 1.0 264000
1695677358054 1.0 268000
1695677439867 1.0 272000
1695677527042 1.0 276000
