1695672599862 0.0 16000
1695672672141 0.16666666666666666 20000
1695672745088 0.2857142857142857 24000
1695672809481 0.23809523809523808 28000
1695672873830 0.25 32000
1695672940512 0.2962962962962963 36000
1695673005050 0.28125 40000
1695673074083 0.2647058823529412 44000
1695673141026 0.2702702702702703 48000
1695673218316 0.2558139534883721 52000
1695673294560 0.25 56000
1695673372290 0.25 60000
1695673449503 0.24528301886792453 64000
1695673533380 0.23636363636363636 68000
1695673613613 0.22807017543859648 72000
1695673696387 0.23333333333333334 76000
1695673782396 0.24242424242424243 80000
1695673860886 0.23880597014925373 84000
1695673945841 0.2222222222222222 88000
1695674026173 0.21052631578947367 92000
1695674106623 0.21794871794871795 96000
1695674188367 0.21686746987951808 100000
1695674272755 0.2159090909090909 104000
1695674360374 0.2391304347826087 108000
1695674442743 0.24489795918367346 112000
1695674524692 0.26 116000
1695674604612 0.27 120000
1695674686140 0.29 124000
1695674760808 0.27 128000
1695674835699 0.29 132000
1695674905813 0.33 136000
1695674983739 0.37 140000
1695675057276 0.38 144000
1695675130602 0.44 148000
1695675200914 0.53 152000
1695675272511 0.7 156000
1695675343434 0.85 160000
1695675413918 0.91 164000
1695675488681 0.94 168000
1695675564840 0.94 172000
1695675636388 0.94 176000
1695675707519 0.98 180000
1695675779354 0.9908256880733946 184000
1695675846234 1.0 188000
1695675912859 0.9894736842105263 192000
1695675978971 1.0 196000
1695676044624 1.0 200000
1695676110849 1.0 204000
1695676191441 1.0 208000
1695676270121 1.0 212000
1695676339720 1.0 216000
1695676408386 1.0 220000
1695676480428 1.0 224000
1695676554902 1.0 228000
1695676625354 1.0 232000
1695676703825 1.0 236000
1695676788059 0.9961089494163424 240000
1695676877812 1.0 244000
1695676966885 1.0 248000
1695677042540 1.0 252000
1695677114724 1.0 256000
1695677195324 1.0 260000
1695677276662 1.0 264000
1695677358052 1.0 268000
1695677439865 0.9961089494163424 272000
1695677527040 1.0 276000
