1695672599863 0.0 16000
1695672672142 0.0 20000
1695672745088 0.0 24000
1695672809481 0.0 28000
1695672873830 0.0 32000
1695672940513 0.0 36000
1695673005051 0.0 40000
1695673074084 0.0 44000
1695673141027 0.0 48000
1695673218317 0.0 52000
1695673294561 0.0 56000
1695673372291 0.0 60000
1695673449504 0.0 64000
1695673533381 0.0 68000
1695673613614 0.0 72000
1695673696388 0.0 76000
1695673782397 0.0 80000
1695673860886 0.0 84000
1695673945842 0.0 88000
1695674026174 0.0 92000
1695674106624 0.0 96000
1695674188368 0.0 100000
1695674272756 0.0 104000
1695674360375 0.0 108000
1695674442744 0.0 112000
1695674524692 0.0 116000
1695674604613 0.0 120000
1695674686141 0.0 124000
1695674760809 0.0 128000
1695674835700 0.0 132000
1695674905813 0.0 136000
1695674983740 0.0 140000
1695675057277 0.0 144000
1695675130603 0.0 148000
1695675200914 0.0 152000
1695675272511 0.0 156000
1695675343435 0.0 160000
1695675413918 0.0 164000
1695675488682 0.0 168000
1695675564841 0.0 172000
1695675636388 0.0 176000
1695675707520 0.0 180000
1695675779355 0.0 184000
1695675846235 1.0 188000
1695675912860 0.0 192000
1695675978972 1.0 196000
1695676044625 1.0 200000
1695676110849 1.0 204000
1695676191442 1.0 208000
1695676270121 1.0 212000
1695676339721 1.0 216000
1695676408386 1.0 220000
1695676480429 1.0 224000
1695676554903 1.0 228000
1695676625355 1.0 232000
1695676703826 1.0 236000
1695676788060 0.0 240000
1695676877813 1.0 244000
1695676966885 1.0 248000
1695677042541 1.0 252000
1695677114724 1.0 256000
1695677195324 1.0 260000
1695677276663 1.0 264000
1695677358053 1.0 268000
1695677439866 0.0 272000
1695677527041 1.0 276000
