1695672599864 0.0 16000
1695672672144 0.0 20000
1695672745090 0.0 24000
1695672809483 0.0 28000
1695672873832 0.0 32000
1695672940514 0.0 36000
1695673005052 0.0 40000
1695673074085 0.0 44000
1695673141028 0.0 48000
1695673218318 0.0 52000
1695673294563 0.0 56000
1695673372293 0.0 60000
1695673449506 0.0 64000
1695673533383 0.0 68000
1695673613616 0.0 72000
1695673696390 0.0 76000
1695673782399 0.0 80000
1695673860888 0.0 84000
1695673945843 0.0 88000
1695674026176 0.0 92000
1695674106626 0.0 96000
1695674188370 0.0 100000
1695674272758 0.0 104000
1695674360377 0.0 108000
1695674442745 0.0 112000
1695674524694 0.0 116000
1695674604615 0.0 120000
1695674686143 0.0 124000
1695674760812 0.0 128000
1695674835702 0.0 132000
1695674905815 0.0 136000
1695674983741 0.0 140000
1695675057279 0.0 144000
1695675130605 0.0 148000
1695675200916 0.0 152000
1695675272513 0.0 156000
1695675343436 0.0 160000
1695675413920 0.0 164000
1695675488684 0.0 168000
1695675564843 0.0 172000
1695675636390 0.0 176000
1695675707522 0.0 180000
1695675779356 0.0 184000
1695675846236 0.0 188000
1695675912861 0.0 192000
1695675978973 0.0 196000
1695676044626 0.0 200000
1695676110851 0.0 204000
1695676191444 0.0 208000
1695676270123 0.0 212000
1695676339722 0.0 216000
1695676408388 0.0 220000
1695676480431 0.0 224000
1695676554905 0.0 228000
1695676625356 0.0 232000
1695676703827 0.0 236000
1695676788062 0.0 240000
1695676877815 0.0 244000
1695676966887 0.0 248000
1695677042542 0.0 252000
1695677114726 0.0 256000
1695677195326 0.0 260000
1695677276665 0.0 264000
1695677358055 0.0 268000
1695677439867 0.0 272000
1695677527042 0.0 276000
