1695672599870 0.0 16000
1695672672149 0.0 20000
1695672745095 0.0 24000
1695672809488 0.0 28000
1695672873837 0.0 32000
1695672940519 0.0 36000
1695673005057 0.0 40000
1695673074090 0.0 44000
1695673141033 0.0 48000
1695673218324 0.0 52000
1695673294569 0.0 56000
1695673372299 0.0 60000
1695673449512 0.0 64000
1695673533390 0.0 68000
1695673613622 0.0 72000
1695673696396 0.0 76000
1695673782405 0.0 80000
1695673860894 0.0 84000
1695673945849 0.0 88000
1695674026182 0.0 92000
1695674106632 0.0 96000
1695674188376 0.0 100000
1695674272764 0.0 104000
1695674360384 0.0 108000
1695674442752 0.0 112000
1695674524700 0.0 116000
1695674604621 0.0 120000
1695674686149 0.0 124000
1695674760822 0.0 128000
1695674835707 0.0 132000
1695674905820 0.0 136000
1695674983747 0.0 140000
1695675057284 0.0 144000
1695675130611 0.0 148000
1695675200921 0.0 152000
1695675272518 0.0 156000
1695675343442 0.0 160000
1695675413924 0.0 164000
1695675488691 0.0 168000
1695675564848 0.0 172000
1695675636395 0.0 176000
1695675707527 0.0 180000
1695675779362 0.0 184000
1695675846241 0.0 188000
1695675912866 0.0 192000
1695675978978 0.0 196000
1695676044631 0.0 200000
1695676110856 0.0 204000
1695676191450 0.0 208000
1695676270128 0.0 212000
1695676339727 0.0 216000
1695676408394 0.0 220000
1695676480436 0.0 224000
1695676554911 0.0 228000
1695676625362 0.0 232000
1695676703834 0.0 236000
1695676788067 0.0 240000
1695676877822 0.0 244000
1695676966896 0.0 248000
1695677042547 0.0 252000
1695677114732 0.0 256000
1695677195332 0.0 260000
1695677276670 0.0 264000
1695677358061 0.0 268000
1695677439874 0.0 272000
1695677527048 0.0 276000
