1695672599866 0.0 16000
1695672672145 0.0 20000
1695672745091 0.0 24000
1695672809484 0.0 28000
1695672873833 0.0 32000
1695672940516 0.0 36000
1695673005054 0.0 40000
1695673074087 0.0 44000
1695673141030 0.0 48000
1695673218320 0.0 52000
1695673294564 0.0 56000
1695673372294 0.0 60000
1695673449508 0.0 64000
1695673533385 0.0 68000
1695673613618 0.0 72000
1695673696392 0.0 76000
1695673782401 0.0 80000
1695673860890 0.0 84000
1695673945845 0.0 88000
1695674026178 0.0 92000
1695674106628 0.0 96000
1695674188371 0.0 100000
1695674272760 0.0 104000
1695674360379 0.0 108000
1695674442747 0.0 112000
1695674524696 0.0 116000
1695674604617 0.0 120000
1695674686145 0.0 124000
1695674760815 0.0 128000
1695674835703 0.0 132000
1695674905817 0.0 136000
1695674983743 0.0 140000
1695675057280 0.0 144000
1695675130607 0.0 148000
1695675200917 0.0 152000
1695675272514 0.0 156000
1695675343438 0.0 160000
1695675413921 0.0 164000
1695675488686 0.0 168000
1695675564844 0.0 172000
1695675636391 0.0 176000
1695675707523 0.0 180000
1695675779358 0.0 184000
1695675846237 0.0 188000
1695675912863 0.0 192000
1695675978974 0.0 196000
1695676044627 0.0 200000
1695676110852 0.0 204000
1695676191446 0.0 208000
1695676270124 0.0 212000
1695676339724 0.0 216000
1695676408389 0.0 220000
1695676480432 0.0 224000
1695676554906 0.0 228000
1695676625358 0.0 232000
1695676703830 0.0 236000
1695676788063 0.0 240000
1695676877817 0.0 244000
1695676966890 0.0 248000
1695677042544 0.0 252000
1695677114728 0.0 256000
1695677195328 0.0 260000
1695677276666 0.0 264000
1695677358056 0.0 268000
1695677439869 0.0 272000
1695677527044 0.0 276000
