1695672599865 0.0 16000
1695672672144 0.0 20000
1695672745091 0.0 24000
1695672809483 0.0 28000
1695672873833 0.0 32000
1695672940515 0.0 36000
1695673005053 0.0 40000
1695673074086 0.0 44000
1695673141029 0.0 48000
1695673218319 0.0 52000
1695673294563 0.0 56000
1695673372293 0.0 60000
1695673449507 0.0 64000
1695673533384 0.0 68000
1695673613617 0.0 72000
1695673696391 0.0 76000
1695673782400 0.0 80000
1695673860889 0.0 84000
1695673945844 0.0 88000
1695674026177 0.0 92000
1695674106627 0.0 96000
1695674188371 0.0 100000
1695674272759 0.0 104000
1695674360378 0.0 108000
1695674442746 0.0 112000
1695674524695 0.0 116000
1695674604616 0.0 120000
1695674686144 0.0 124000
1695674760814 0.0 128000
1695674835702 0.0 132000
1695674905816 0.0 136000
1695674983742 0.0 140000
1695675057279 0.0 144000
1695675130606 0.0 148000
1695675200917 0.0 152000
1695675272514 0.0 156000
1695675343437 0.0 160000
1695675413920 0.0 164000
1695675488685 0.0 168000
1695675564843 0.0 172000
1695675636391 0.0 176000
1695675707522 0.0 180000
1695675779357 0.0 184000
1695675846237 0.0 188000
1695675912862 0.0 192000
1695675978974 0.0 196000
1695676044627 0.0 200000
1695676110851 0.0 204000
1695676191445 0.0 208000
1695676270124 0.0 212000
1695676339723 0.0 216000
1695676408389 0.0 220000
1695676480431 0.0 224000
1695676554906 0.0 228000
1695676625357 0.0 232000
1695676703829 0.0 236000
1695676788063 0.0 240000
1695676877816 0.0 244000
1695676966888 0.0 248000
1695677042543 0.0 252000
1695677114727 0.0 256000
1695677195327 0.0 260000
1695677276665 0.0 264000
1695677358055 0.0 268000
1695677439868 0.0 272000
1695677527043 0.0 276000
