1695672599871 0.0 16000
1695672672150 0.0 20000
1695672745096 0.0 24000
1695672809488 0.0 28000
1695672873837 0.0 32000
1695672940520 0.0 36000
1695673005058 0.0 40000
1695673074091 0.0 44000
1695673141034 0.0 48000
1695673218325 0.0 52000
1695673294570 0.0 56000
1695673372299 0.0 60000
1695673449513 0.0 64000
1695673533391 0.0 68000
1695673613623 0.0 72000
1695673696397 0.0 76000
1695673782406 0.0 80000
1695673860895 0.0 84000
1695673945850 0.0 88000
1695674026183 0.0 92000
1695674106633 0.0 96000
1695674188377 0.0 100000
1695674272765 0.0 104000
1695674360384 0.0 108000
1695674442753 0.0 112000
1695674524701 0.0 116000
1695674604622 0.0 120000
1695674686150 0.0 124000
1695674760822 0.0 128000
1695674835708 0.0 132000
1695674905821 0.0 136000
1695674983748 0.0 140000
1695675057285 0.0 144000
1695675130612 0.0 148000
1695675200922 0.0 152000
1695675272519 0.0 156000
1695675343442 0.0 160000
1695675413925 0.0 164000
1695675488692 0.0 168000
1695675564849 0.0 172000
1695675636396 0.0 176000
1695675707528 0.0 180000
1695675779362 0.0 184000
1695675846241 0.0 188000
1695675912867 0.0 192000
1695675978978 0.0 196000
1695676044631 0.0 200000
1695676110857 0.0 204000
1695676191450 0.0 208000
1695676270129 0.0 212000
1695676339728 0.0 216000
1695676408395 0.0 220000
1695676480436 0.0 224000
1695676554911 0.0 228000
1695676625363 0.0 232000
1695676703835 0.0 236000
1695676788068 0.0 240000
1695676877823 0.0 244000
1695676966897 0.0 248000
1695677042548 0.0 252000
1695677114733 0.0 256000
1695677195333 0.0 260000
1695677276671 0.0 264000
1695677358061 0.0 268000
1695677439875 0.0 272000
1695677527048 0.0 276000
