1695672599868 0.0 16000
1695672672147 0.0 20000
1695672745093 0.0 24000
1695672809486 0.0 28000
1695672873835 0.0 32000
1695672940517 0.0 36000
1695673005055 0.0 40000
1695673074088 0.0 44000
1695673141031 0.0 48000
1695673218321 0.0 52000
1695673294566 0.0 56000
1695673372296 0.0 60000
1695673449510 0.0 64000
1695673533387 0.0 68000
1695673613619 0.0 72000
1695673696393 0.0 76000
1695673782403 0.0 80000
1695673860892 0.0 84000
1695673945847 0.0 88000
1695674026179 0.0 92000
1695674106629 0.0 96000
1695674188373 0.0 100000
1695674272761 0.0 104000
1695674360381 0.0 108000
1695674442749 0.0 112000
1695674524698 0.0 116000
1695674604618 0.0 120000
1695674686146 0.0 124000
1695674760818 0.0 128000
1695674835705 0.0 132000
1695674905818 0.0 136000
1695674983745 0.0 140000
1695675057282 0.0 144000
1695675130609 0.0 148000
1695675200919 0.0 152000
1695675272516 0.0 156000
1695675343439 0.0 160000
1695675413922 0.0 164000
1695675488688 0.0 168000
1695675564846 0.0 172000
1695675636393 0.0 176000
1695675707525 0.0 180000
1695675779359 0.0 184000
1695675846239 0.0 188000
1695675912864 0.0 192000
1695675978976 0.0 196000
1695676044629 0.0 200000
1695676110854 0.0 204000
1695676191447 0.0 208000
1695676270126 0.0 212000
1695676339725 0.0 216000
1695676408392 0.0 220000
1695676480434 0.0 224000
1695676554908 0.0 228000
1695676625359 0.0 232000
1695676703832 0.0 236000
1695676788065 0.0 240000
1695676877819 0.0 244000
1695676966893 0.0 248000
1695677042545 0.0 252000
1695677114729 0.0 256000
1695677195330 0.0 260000
1695677276668 0.0 264000
1695677358058 0.0 268000
1695677439871 0.0 272000
1695677527045 0.0 276000
