1695672599867 0.0 16000
1695672672146 0.0 20000
1695672745092 0.0 24000
1695672809485 0.0 28000
1695672873834 0.0 32000
1695672940516 0.0 36000
1695673005054 0.0 40000
1695673074087 0.0 44000
1695673141030 0.0 48000
1695673218321 0.0 52000
1695673294565 0.0 56000
1695673372295 0.0 60000
1695673449509 0.0 64000
1695673533386 0.0 68000
1695673613619 0.0 72000
1695673696392 0.0 76000
1695673782402 0.0 80000
1695673860891 0.0 84000
1695673945846 0.0 88000
1695674026179 0.0 92000
1695674106629 0.0 96000
1695674188372 0.0 100000
1695674272761 0.0 104000
1695674360380 0.0 108000
1695674442748 0.0 112000
1695674524697 0.0 116000
1695674604618 0.0 120000
1695674686146 0.0 124000
1695674760817 0.0 128000
1695674835704 0.0 132000
1695674905817 0.0 136000
1695674983744 0.0 140000
1695675057281 0.0 144000
1695675130608 0.0 148000
1695675200918 0.0 152000
1695675272515 0.0 156000
1695675343439 0.0 160000
1695675413922 0.0 164000
1695675488687 0.0 168000
1695675564845 0.0 172000
1695675636392 0.0 176000
1695675707524 0.0 180000
1695675779358 0.0 184000
1695675846238 0.0 188000
1695675912863 0.0 192000
1695675978975 0.0 196000
1695676044628 0.0 200000
1695676110853 0.0 204000
1695676191446 0.0 208000
1695676270125 0.0 212000
1695676339724 0.0 216000
1695676408391 0.0 220000
1695676480433 0.0 224000
1695676554907 0.0 228000
1695676625359 0.0 232000
1695676703831 0.0 236000
1695676788064 0.0 240000
1695676877818 0.0 244000
1695676966891 0.0 248000
1695677042544 0.0 252000
1695677114728 0.0 256000
1695677195329 0.0 260000
1695677276667 0.0 264000
1695677358057 0.0 268000
1695677439870 0.0 272000
1695677527045 0.0 276000
