1695672599868 0.0 16000
1695672672148 0.0 20000
1695672745094 0.0 24000
1695672809486 0.0 28000
1695672873835 0.0 32000
1695672940518 0.0 36000
1695673005056 0.0 40000
1695673074089 0.0 44000
1695673141032 0.0 48000
1695673218322 0.0 52000
1695673294567 0.0 56000
1695673372297 0.0 60000
1695673449510 0.0 64000
1695673533388 0.0 68000
1695673613620 0.0 72000
1695673696394 0.0 76000
1695673782404 0.0 80000
1695673860893 0.0 84000
1695673945848 0.0 88000
1695674026180 0.0 92000
1695674106630 0.0 96000
1695674188374 0.0 100000
1695674272762 0.0 104000
1695674360382 0.0 108000
1695674442750 0.0 112000
1695674524699 0.0 116000
1695674604619 0.0 120000
1695674686147 0.0 124000
1695674760820 0.0 128000
1695674835706 0.0 132000
1695674905819 0.0 136000
1695674983745 0.0 140000
1695675057282 0.0 144000
1695675130610 0.0 148000
1695675200920 0.0 152000
1695675272517 0.0 156000
1695675343440 0.0 160000
1695675413923 0.0 164000
1695675488689 0.0 168000
1695675564846 0.0 172000
1695675636394 0.0 176000
1695675707525 0.0 180000
1695675779360 0.0 184000
1695675846239 0.0 188000
1695675912865 0.0 192000
1695675978976 0.0 196000
1695676044629 0.0 200000
1695676110854 0.0 204000
1695676191448 0.0 208000
1695676270127 0.0 212000
1695676339726 0.0 216000
1695676408393 0.0 220000
1695676480434 0.0 224000
1695676554909 0.0 228000
1695676625360 0.0 232000
1695676703833 0.0 236000
1695676788066 0.0 240000
1695676877820 0.0 244000
1695676966894 0.0 248000
1695677042546 0.0 252000
1695677114730 0.0 256000
1695677195330 0.0 260000
1695677276669 0.0 264000
1695677358059 0.0 268000
1695677439872 0.0 272000
1695677527046 0.0 276000
