1695731491880 0.07189512252807617 244000
1695731555254 0.07551720267847965 248000
1695731626900 0.08113652887478681 252000
1695731693898 0.08290122064311853 256000
1695731770333 0.08996152877807617 260000
1695731847761 0.09655201435089111 264000
1695731929209 0.10345697402954102 268000
1695732007443 0.10551917552947998 272000
1695732085506 0.10162043571472168 276000
1695732161521 0.10751104354858398 280000
1695732229750 0.08878183364868164 284000
1695732296178 0.08530926704406738 288000
1695732365289 0.0850830078125 292000
1695732431637 0.0852499008178711 296000
1695732499207 0.08505654335021973 300000
1695732565091 0.0862128734588623 304000
1695732635357 0.09147191047668457 308000
1695732702976 0.08976900577545166 312000
1695732772301 0.09176218509674072 316000
1695732841492 0.08430731296539307 320000
1695732910155 0.08425474166870117 324000
1695732988618 0.10131275653839111 328000
1695733057678 0.09413754940032959 332000
1695733127134 0.08990168571472168 336000
1695733197113 0.08804315123064764 340000
1695733266828 0.09348940849304199 344000
1695733337633 0.09311479804790125 348000
1695733406179 0.08293294906616211 352000
1695733475012 0.09010374546051025 356000
1695733547075 0.09198319911956787 360000
1695733617646 0.08842138143686148 364000
1695733686133 0.08930153534060618 368000
1695733756119 0.08707093441580224 372000
1695733824357 0.08549650176232602 376000
1695733894858 0.08296935986249875 380000
1695733964191 0.08977697445796086 384000
1695734035190 0.08788316621692903 388000
1695734104170 0.08613824844360352 392000
1695734175598 0.08657156375416539 396000
1695734244642 0.0874653750774907 400000
1695734315667 0.09090173812139601 404000
1695734384575 0.09122662625070345 408000
1695734453360 0.0851314242293195 412000
1695734520647 0.08558233578999837 416000
1695734588353 0.08627493535318682 420000
1695734658304 0.08670821272093675 424000
1695734727970 0.08770217498143514 428000
1695734796861 0.08664929022000531 432000
1695734870198 0.09298656995479877 436000
1695734945733 0.09613146308724208 440000
1695735017043 0.09099203096309179 444000
1695735086338 0.08842056723916607 448000
1695735161660 0.09750822465196787 452000
1695735231902 0.0881550567490714 456000
1695735305841 0.09111173054170327 460000
1695735382090 0.0985077180360493 464000
1695735453099 0.09283230585210464 468000
1695735524329 0.09084197939658652 472000
1695735599100 0.09615506915097737 476000
1695735678603 0.10353455286539957 480000
1695735759725 0.10683285562615645 484000
1695735842290 0.10355628294751823 488000
1695735925716 0.10621691798115825 492000
1695736013391 0.11797685407649326 496000
1695736097238 0.11167831608814559 500000
1695736173566 0.10247829601849397 504000
1695736248808 0.09415751104956274 508000
1695736320532 0.09359842691666041 512000
1695736388120 0.0845588464787937 516000
1695736454256 0.08335086277553014 520000
1695736520587 0.08051928720976177 524000
1695736587016 0.08128406228245916 528000
1695736651645 0.07703395990224984 532000
1695736716083 0.08415281772613525 536000
1695736779434 0.07865473405638737 540000
1695736842148 0.08192220620349445 544000
1695736905344 0.0779162836438827 548000
1695736968415 0.08301616788984419 552000
1695737032111 0.07800039572593494 556000
1695737094024 0.07710456848144531 560000
1695737157931 0.07922240904161146 564000
1695737219597 0.07896031102826519 568000
1695737281913 0.07647954755359226 572000
1695737344593 0.07852353867451856 576000
1695737411922 0.08128694741122694 580000
1695737478209 0.12063090665352777 584000
1695737541878 0.0765298511467728 588000
1695737604316 0.08003830251114144 592000
1695737666396 0.07595390449335546 596000
1695737728607 0.07909872315146706 600000
1695737791533 0.0771186901972844 604000
1695737853493 0.07763475179672241 608000
1695737916180 0.07861719368407445 612000
1695737978550 0.07842113445331524 616000
1695738041194 0.0764678418636322 620000
1695738103443 0.07754314590144802 624000
1695738167281 0.07569131463073021 628000
1695738229951 0.0770644853579118 632000
1695738292510 0.07867008630483428 636000
1695738354996 0.07916440791134381 640000
1695738417861 0.07779118087556627 644000
1695738479813 0.07796639745885675 648000
1695738542401 0.07924164107086462 652000
1695738605837 0.07756903767585754 656000
1695738668111 0.07779366713910063 660000
1695738731663 0.07742655337156362 664000
1695738794130 0.07815776552472796 668000
1695738858475 0.08020259366177096 672000
1695738921211 0.0790858026688474 676000
1695738984408 0.07762606866758873 680000
1695739046676 0.07866322994232178 684000
1695739110050 0.07788646588766628 688000
1695739171923 0.07690933617678555 692000
1695739235451 0.08030571689495461 696000
1695739297699 0.07763754428745892 700000
1695739360508 0.07656357714519409 704000
1695739423191 0.07763386871408208 708000
1695739487985 0.08035207463202075 712000
1695739550640 0.08025104776391842 716000
1695739613264 0.07691338498105285 720000
1695739675966 0.07781436323453594 724000
1695739737756 0.07598860976622276 728000
1695739800442 0.07699814187474997 732000
1695739862674 0.08050040120170229 736000
1695739925819 0.07699671245756604 740000
1695739987663 0.07816496885047769 744000
1695740051562 0.07757449350437197 748000
1695740114375 0.07937649885813396 752000
1695740177600 0.0775130895467905 756000
1695740240072 0.07525058019728888 760000
1695740301937 0.07510048022373117 764000
1695740363518 0.07724388171050509 768000
1695740426010 0.07830262184143066 772000
1695740488840 0.07766529778453791 776000
1695740550678 0.07772312297687664 780000
1695740613381 0.07503783702850342 784000
1695740676003 0.07984366333275511 788000
1695740739763 0.0780899693646769 792000
1695740801668 0.0795321864681644 796000
1695740864931 0.07608209127261314 800000
1695740927133 0.0793418347440808 804000
1695740989383 0.07648370305045707 808000
1695741052713 0.0811118632555008 812000
1695741116365 0.07891078571696858 816000
1695741179097 0.07832736869132956 820000
1695741242005 0.07593786928075305 824000
1695741305109 0.07866712716909555 828000
1695741368436 0.07825656909847734 832000
1695741432673 0.08004728036049084 836000
1695741500703 0.08496781448265175 840000
1695741566747 0.0842197583271907 844000
1695741631692 0.08213066207575918 848000
1695741707326 0.08928979177610569 852000
1695741770165 0.07957003864587522 856000
1695741834237 0.07693279296793837 860000
1695741896208 0.07686557191790956 864000
1695741958390 0.07726939948829445 868000
1695742020633 0.07652729605706994 872000
1695742083780 0.07748387580694155 876000
1695742146449 0.0780728885105678 880000
1695742211566 0.07986318634217043 884000
1695742275808 0.07920919553093288 888000
1695742341549 0.07839421682719942 892000
1695742413538 0.09171819686889648 896000
1695742481877 0.08788292224590595 900000
1695742548197 0.08868493669020022 904000
1695742610665 0.07644602134402863 908000
1695742672776 0.0774168706202245 912000
1695742735061 0.07891077548265457 916000
1695742798364 0.07716181314536158 920000
1695742861464 0.08090964208046596 924000
1695742924047 0.07772989762135041 928000
1695742986290 0.07682590002424261 932000
1695743049596 0.07542147264852152 936000
1695743111875 0.07725852766847299 940000
1695743175846 0.07979869842529297 944000
1695743237811 0.07933217745560867 948000
1695743299717 0.07749773837901928 952000
1695743361911 0.0774374438656701 956000
1695743425211 0.07755804893582366 960000
1695743487690 0.07873689806139147 964000
1695743552073 0.0794366528006161 968000
1695743614226 0.07769370951303621 972000
1695743677415 0.0779968696636158 976000
1695743740458 0.07833962639172871 980000
1695743804734 0.08029575505967956 984000
1695743866909 0.07755756378173828 988000
1695743930032 0.07812264245315637 992000
1695743991661 0.07671686319204477 996000
1695744055002 0.07786983731149257 1000000
