1695731491881 0.006285997537466196 244000
1695731555255 0.006687641143798828 248000
1695731626901 0.00702277035780356 252000
1695731693899 0.007132064090685898 256000
1695731770334 0.0077065229415893555 260000
1695731847762 0.008299708366394043 264000
1695731929210 0.008829832077026367 268000
1695732007444 0.008825302124023438 272000
1695732085506 0.008710741996765137 276000
1695732161521 0.009167194366455078 280000
1695732229750 0.007634639739990234 284000
1695732296179 0.007498621940612793 288000
1695732365290 0.007600903511047363 292000
1695732431638 0.007567763328552246 296000
1695732499208 0.007525086402893066 300000
1695732565092 0.007456779479980469 304000
1695732635358 0.007735013961791992 308000
1695732702977 0.007650017738342285 312000
1695732772302 0.00796651840209961 316000
1695732841493 0.007411956787109375 320000
1695732910155 0.007475852966308594 324000
1695732988619 0.008599400520324707 328000
1695733057679 0.008021235466003418 332000
1695733127134 0.007876992225646973 336000
1695733197114 0.007564959854915224 340000
1695733266829 0.007869124412536621 344000
1695733337634 0.007877307655537022 348000
1695733406180 0.007469654083251953 352000
1695733475013 0.007788896560668945 356000
1695733547076 0.007932543754577637 360000
1695733617647 0.007643516247089093 364000
1695733686134 0.007763651550793257 368000
1695733756120 0.0075814292186827175 372000
1695733824357 0.007481635117731174 376000
1695733894859 0.007343903566018129 380000
1695733964192 0.007643722570859469 384000
1695734035191 0.007587069765143438 388000
1695734104171 0.007526477177937825 392000
1695734175599 0.007538209881698876 396000
1695734244643 0.007528884738099342 400000
1695734315667 0.007788907913934617 404000
1695734384576 0.007680614115828175 408000
1695734453361 0.007493515324786427 412000
1695734520647 0.0074578266517788755 416000
1695734588354 0.007442216719350507 420000
1695734658305 0.0074877821165939855 424000
1695734727971 0.007536113262176514 428000
1695734796861 0.007546980549970011 432000
1695734870199 0.007909650986011211 436000
1695734945734 0.008081843834796935 440000
1695735017044 0.00776388275791222 444000
1695735086339 0.007641163601237498 448000
1695735161662 0.008070554664666704 452000
1695735231903 0.007645714850652786 456000
1695735305842 0.0077780887220032825 460000
1695735382091 0.008360272959658974 464000
1695735453100 0.007873130779640348 468000
1695735524330 0.007836307798113142 472000
1695735599102 0.008140940692543324 476000
1695735678604 0.008522750374799716 480000
1695735759726 0.00933101999829387 484000
1695735842291 0.008853804858433718 488000
1695735925717 0.00878375965160328 492000
1695736013392 0.009774555594234144 496000
1695736097239 0.0090455774015981 500000
1695736173567 0.008316935621542374 504000
1695736248809 0.008058333182120108 508000
1695736320533 0.007967582115760216 512000
1695736388121 0.007525739822795684 516000
1695736454257 0.0072879791259765625 520000
1695736520588 0.007188696610300164 524000
1695736587017 0.007198227418435586 528000
1695736651646 0.007003316512474647 532000
1695736716084 0.007277727127075195 536000
1695736779435 0.0069991866154457206 540000
1695736842148 0.007044952527611657 544000
1695736905345 0.006856172139408024 548000
1695736968415 0.007220968469843134 552000
1695737032112 0.006874784445151305 556000
1695737094024 0.006841900002243172 560000
1695737157932 0.007066693339314494 564000
1695737219598 0.00694228756812311 568000
1695737281914 0.006714132097032335 572000
1695737344593 0.007030994269498594 576000
1695737411923 0.007090223840920322 580000
1695737478210 0.007609567493972383 584000
1695737541878 0.006863708589591232 588000
1695737604317 0.006990538117635316 592000
1695737666397 0.006811927866052698 596000
1695737728608 0.006880326704545455 600000
1695737791533 0.006837202952458308 604000
1695737853494 0.0069344788789749146 608000
1695737916181 0.006855422665613778 612000
1695737978550 0.0069820261620855955 616000
1695738041195 0.006810054183006287 620000
1695738103444 0.006981556479995315 624000
1695738167281 0.0067744837250820426 628000
1695738229952 0.006861174666641543 632000
1695738292510 0.006850072942628451 636000
1695738354997 0.006990519044625813 640000
1695738417861 0.006914028414973506 644000
1695738479814 0.006896257400512695 648000
1695738542401 0.00698489880343096 652000
1695738605838 0.0068314870198567705 656000
1695738668112 0.006892956978033397 660000
1695738731663 0.006857649165781299 664000
1695738794131 0.006967135838099888 668000
1695738858476 0.007144472386577342 672000
1695738921212 0.006975377271623176 676000
1695738984409 0.006888786592095146 680000
1695739046676 0.006996068087491122 684000
1695739110051 0.006836416437762424 688000
1695739171924 0.006849711591547186 692000
1695739235452 0.00690552540597199 696000
1695739297700 0.006905841407271734 700000
1695739360509 0.006774485399181716 704000
1695739423192 0.006909414370488461 708000
1695739487986 0.0070962393395254545 712000
1695739550640 0.006998348705874288 716000
1695739613265 0.006843254130373719 720000
1695739675967 0.006986663328202743 724000
1695739737757 0.006782947127352056 728000
1695739800442 0.006886562669133565 732000
1695739862675 0.007021001407078334 736000
1695739925820 0.00682693152200608 740000
1695739987664 0.006911327254097417 744000
1695740051563 0.006907326834542411 748000
1695740114376 0.006983787925155075 752000
1695740177601 0.006973468340360201 756000
1695740240073 0.006941467726311716 760000
1695740301938 0.0067953583147885984 764000
1695740363519 0.0068594843654309285 768000
1695740426011 0.006895333948269696 772000
1695740488841 0.006977754218556056 776000
1695740550679 0.00689854988685021 780000
1695740613381 0.006764888763427734 784000
1695740676004 0.007854114499008446 788000
1695740739764 0.007069767929437592 792000
1695740801669 0.006932395321505887 796000
1695740864932 0.006861966333271545 800000
1695740927134 0.007007453615302282 804000
1695740989384 0.006819650775096456 808000
1695741052714 0.007261708378791809 812000
1695741116365 0.0070531944652180096 816000
1695741179098 0.007104249524820538 820000
1695741242006 0.006759166717529297 824000
1695741305110 0.007029966666148259 828000
1695741368436 0.006908089367311392 832000
1695741432674 0.006999648534334623 836000
1695741500704 0.007367985589163644 840000
1695741566747 0.007288578229072766 844000
1695741631693 0.007522348219973182 848000
1695741707327 0.007657812669943859 852000
1695741770166 0.007035451776841108 856000
1695741834238 0.006859353248109209 860000
1695741896209 0.006935235225793087 864000
1695741958390 0.006870321325353674 868000
1695742020634 0.006953126566421583 872000
1695742083781 0.006812838620917742 876000
1695742146450 0.006938253130231585 880000
1695742211567 0.007169936076704278 884000
1695742275809 0.007116729798524276 888000
1695742341549 0.006931567493873306 892000
1695742413539 0.007719516754150391 896000
1695742481878 0.0077486802370120315 900000
1695742548198 0.007700138404721119 904000
1695742610666 0.0067852311215158235 908000
1695742672777 0.00681543088221288 912000
1695742735062 0.006984422604242961 916000
1695742798365 0.006842189633906795 920000
1695742861465 0.007222406566143036 924000
1695742924048 0.006854534149169922 928000
1695742986291 0.00693577059199301 932000
1695743049597 0.006697162405236975 936000
1695743111876 0.006876506057440066 940000
1695743175847 0.007019758224487305 944000
1695743237811 0.006950742159134302 948000
1695743299717 0.006812075038015107 952000
1695743361912 0.006908509466383193 956000
1695743425212 0.006837761679361033 960000
1695743487691 0.006945584271405195 964000
1695743552073 0.00711672446307014 968000
1695743614226 0.006888915852802556 972000
1695743677416 0.006928417708847549 976000
1695743740459 0.0070309266448020935 980000
1695743804735 0.007146629839312306 984000
1695743866910 0.006938580028171646 988000
1695743930033 0.006939312599224751 992000
1695743991662 0.0068834194770226115 996000
1695744055003 0.006860974191249102 1000000
