1695672599988 0.0 16000
1695672672266 0.16666666666666666 20000
1695672745203 0.2857142857142857 24000
1695672809589 0.23809523809523808 28000
1695672873937 0.25 32000
1695672940624 0.2962962962962963 36000
1695673005158 0.28125 40000
1695673074193 0.2647058823529412 44000
1695673141134 0.2702702702702703 48000
1695673218429 0.2558139534883721 52000
1695673294696 0.25 56000
1695673372421 0.25 60000
1695673449641 0.24528301886792453 64000
1695673533541 0.23636363636363636 68000
1695673613739 0.22807017543859648 72000
1695673696528 0.23333333333333334 76000
1695673782537 0.24242424242424243 80000
1695673861027 0.23880597014925373 84000
1695673945976 0.2222222222222222 88000
1695674026313 0.21052631578947367 92000
1695674106763 0.21794871794871795 96000
1695674188505 0.21686746987951808 100000
1695674272912 0.2159090909090909 104000
1695674360516 0.2391304347826087 108000
1695674442914 0.24489795918367346 112000
1695674524831 0.26 116000
1695674604750 0.27 120000
1695674686280 0.29 124000
1695674760959 0.27 128000
1695674835822 0.29 132000
1695674905944 0.33 136000
1695674983860 0.37 140000
1695675057395 0.38 144000
1695675130743 0.44 148000
1695675201033 0.53 152000
1695675272625 0.7 156000
1695675343551 0.85 160000
1695675414025 0.91 164000
1695675488852 0.94 168000
1695675564958 0.94 172000
1695675636510 0.94 176000
1695675707635 0.98 180000
1695675779474 0.9908256880733946 184000
1695675846339 1.0 188000
1695675912967 0.9894736842105263 192000
1695675979086 1.0 196000
1695676044732 1.0 200000
1695676110961 1.0 204000
1695676191569 1.0 208000
1695676270234 1.0 212000
1695676339837 1.0 216000
1695676408502 1.0 220000
1695676480543 1.0 224000
1695676555032 1.0 228000
1695676625471 1.0 232000
1695676703953 1.0 236000
1695676788188 0.9961089494163424 240000
1695676877973 1.0 244000
1695676967066 1.0 248000
1695677042659 1.0 252000
1695677114845 1.0 256000
1695677195457 1.0 260000
1695677276793 1.0 264000
1695677358182 1.0 268000
1695677440009 0.9961089494163424 272000
1695677527159 1.0 276000
