1695672599989 0.0 16000
1695672672267 0.0 20000
1695672745204 0.0 24000
1695672809590 0.0 28000
1695672873938 0.0 32000
1695672940625 0.0 36000
1695673005158 0.0 40000
1695673074194 0.0 44000
1695673141135 0.0 48000
1695673218430 0.0 52000
1695673294697 0.0 56000
1695673372421 0.0 60000
1695673449642 0.0 64000
1695673533542 0.0 68000
1695673613740 0.0 72000
1695673696529 0.0 76000
1695673782538 0.0 80000
1695673861027 0.0 84000
1695673945977 0.0 88000
1695674026314 0.0 92000
1695674106764 0.0 96000
1695674188506 0.0 100000
1695674272913 0.0 104000
1695674360517 0.0 108000
1695674442915 0.0 112000
1695674524832 0.0 116000
1695674604751 0.0 120000
1695674686281 0.0 124000
1695674760960 0.0 128000
1695674835823 0.0 132000
1695674905945 0.0 136000
1695674983861 0.0 140000
1695675057396 0.0 144000
1695675130743 0.0 148000
1695675201034 0.0 152000
1695675272626 0.0 156000
1695675343552 0.0 160000
1695675414025 0.0 164000
1695675488853 0.0 168000
1695675564959 0.0 172000
1695675636510 0.0 176000
1695675707635 0.0 180000
1695675779475 0.0 184000
1695675846339 1.0 188000
1695675912968 0.0 192000
1695675979087 1.0 196000
1695676044733 1.0 200000
1695676110962 1.0 204000
1695676191570 1.0 208000
1695676270234 1.0 212000
1695676339838 1.0 216000
1695676408502 1.0 220000
1695676480543 1.0 224000
1695676555033 1.0 228000
1695676625472 1.0 232000
1695676703954 1.0 236000
1695676788188 0.0 240000
1695676877974 1.0 244000
1695676967067 1.0 248000
1695677042659 1.0 252000
1695677114846 1.0 256000
1695677195458 1.0 260000
1695677276793 1.0 264000
1695677358183 1.0 268000
1695677440010 0.0 272000
1695677527160 1.0 276000
