1695672599990 0.0 16000
1695672672268 1.0 20000
1695672745205 1.0 24000
1695672809590 1.0 28000
1695672873939 1.0 32000
1695672940625 1.0 36000
1695673005159 1.0 40000
1695673074194 1.0 44000
1695673141136 1.0 48000
1695673218431 1.0 52000
1695673294698 1.0 56000
1695673372422 1.0 60000
1695673449643 1.0 64000
1695673533543 1.0 68000
1695673613741 1.0 72000
1695673696529 1.0 76000
1695673782539 1.0 80000
1695673861028 1.0 84000
1695673945977 1.0 88000
1695674026315 1.0 92000
1695674106765 1.0 96000
1695674188507 1.0 100000
1695674272914 1.0 104000
1695674360518 1.0 108000
1695674442917 1.0 112000
1695674524833 1.0 116000
1695674604752 1.0 120000
1695674686282 1.0 124000
1695674760960 1.0 128000
1695674835823 1.0 132000
1695674905946 1.0 136000
1695674983862 1.0 140000
1695675057397 1.0 144000
1695675130744 1.0 148000
1695675201035 1.0 152000
1695675272626 1.0 156000
1695675343553 1.0 160000
1695675414026 1.0 164000
1695675488854 1.0 168000
1695675564960 1.0 172000
1695675636511 1.0 176000
1695675707636 1.0 180000
1695675779476 1.0 184000
1695675846340 1.0 188000
1695675912968 1.0 192000
1695675979088 1.0 196000
1695676044734 1.0 200000
1695676110962 1.0 204000
1695676191571 1.0 208000
1695676270235 1.0 212000
1695676339839 1.0 216000
1695676408503 1.0 220000
1695676480544 1.0 224000
1695676555034 1.0 228000
1695676625473 1.0 232000
1695676703955 1.0 236000
1695676788189 1.0 240000
1695676877975 1.0 244000
1695676967068 1.0 248000
1695677042660 1.0 252000
1695677114847 1.0 256000
1695677195458 1.0 260000
1695677276794 1.0 264000
1695677358183 1.0 268000
1695677440011 1.0 272000
1695677527161 1.0 276000
