1695672599993 0.0 16000
1695672672270 0.0 20000
1695672745207 0.0 24000
1695672809593 0.0 28000
1695672873941 0.0 32000
1695672940627 0.0 36000
1695673005161 0.0 40000
1695673074196 0.0 44000
1695673141138 0.0 48000
1695673218433 0.0 52000
1695673294700 0.0 56000
1695673372425 0.0 60000
1695673449646 0.0 64000
1695673533546 0.0 68000
1695673613743 0.0 72000
1695673696532 0.0 76000
1695673782542 0.0 80000
1695673861031 0.0 84000
1695673945980 0.0 88000
1695674026318 0.0 92000
1695674106768 0.0 96000
1695674188510 0.0 100000
1695674272917 0.0 104000
1695674360521 0.0 108000
1695674442920 0.0 112000
1695674524835 0.0 116000
1695674604755 0.0 120000
1695674686284 0.0 124000
1695674760963 0.0 128000
1695674835826 0.0 132000
1695674905948 0.0 136000
1695674983864 0.0 140000
1695675057399 0.0 144000
1695675130747 0.0 148000
1695675201037 0.0 152000
1695675272628 0.0 156000
1695675343555 0.0 160000
1695675414028 0.0 164000
1695675488857 0.0 168000
1695675564962 0.0 172000
1695675636513 0.0 176000
1695675707638 0.0 180000
1695675779478 0.0 184000
1695675846342 0.0 188000
1695675912970 0.0 192000
1695675979090 0.0 196000
1695676044736 0.0 200000
1695676110964 0.0 204000
1695676191573 0.0 208000
1695676270237 0.0 212000
1695676339841 0.0 216000
1695676408505 0.0 220000
1695676480546 0.0 224000
1695676555036 0.0 228000
1695676625475 0.0 232000
1695676703957 0.0 236000
1695676788192 0.0 240000
1695676877978 0.0 244000
1695676967071 0.0 248000
1695677042662 0.0 252000
1695677114849 0.0 256000
1695677195461 0.0 260000
1695677276797 0.0 264000
1695677358186 0.0 268000
1695677440014 0.0 272000
1695677527163 0.0 276000
