1695672599992 0.0 16000
1695672672270 0.0 20000
1695672745206 0.0 24000
1695672809592 0.0 28000
1695672873940 0.0 32000
1695672940627 0.0 36000
1695673005161 0.0 40000
1695673074196 0.0 44000
1695673141137 0.0 48000
1695673218433 0.0 52000
1695673294700 0.0 56000
1695673372424 0.0 60000
1695673449645 0.0 64000
1695673533545 0.0 68000
1695673613742 0.0 72000
1695673696531 0.0 76000
1695673782541 0.0 80000
1695673861030 0.0 84000
1695673945979 0.0 88000
1695674026317 0.0 92000
1695674106767 0.0 96000
1695674188509 0.0 100000
1695674272916 0.0 104000
1695674360520 0.0 108000
1695674442919 0.0 112000
1695674524835 0.0 116000
1695674604754 0.0 120000
1695674686283 0.0 124000
1695674760962 0.0 128000
1695674835825 0.0 132000
1695674905948 0.0 136000
1695674983863 0.0 140000
1695675057398 0.0 144000
1695675130746 0.0 148000
1695675201036 0.0 152000
1695675272628 0.0 156000
1695675343554 0.0 160000
1695675414028 0.0 164000
1695675488856 0.0 168000
1695675564961 0.0 172000
1695675636513 0.0 176000
1695675707638 0.0 180000
1695675779477 0.0 184000
1695675846341 0.0 188000
1695675912970 0.0 192000
1695675979090 0.0 196000
1695676044735 0.0 200000
1695676110964 0.0 204000
1695676191573 0.0 208000
1695676270237 0.0 212000
1695676339840 0.0 216000
1695676408505 0.0 220000
1695676480545 0.0 224000
1695676555036 0.0 228000
1695676625474 0.0 232000
1695676703957 0.0 236000
1695676788191 0.0 240000
1695676877977 0.0 244000
1695676967070 0.0 248000
1695677042662 0.0 252000
1695677114848 0.0 256000
1695677195460 0.0 260000
1695677276796 0.0 264000
1695677358185 0.0 268000
1695677440013 0.0 272000
1695677527162 0.0 276000
