1695672599997 0.0 16000
1695672672274 0.0 20000
1695672745210 0.0 24000
1695672809596 0.0 28000
1695672873944 0.0 32000
1695672940631 0.0 36000
1695673005165 0.0 40000
1695673074200 0.0 44000
1695673141142 0.0 48000
1695673218437 0.0 52000
1695673294706 0.0 56000
1695673372429 0.0 60000
1695673449650 0.0 64000
1695673533550 0.0 68000
1695673613747 0.0 72000
1695673696536 0.0 76000
1695673782547 0.0 80000
1695673861036 0.0 84000
1695673945984 0.0 88000
1695674026322 0.0 92000
1695674106772 0.0 96000
1695674188514 0.0 100000
1695674272921 0.0 104000
1695674360525 0.0 108000
1695674442925 0.0 112000
1695674524840 0.0 116000
1695674604759 0.0 120000
1695674686290 0.0 124000
1695674760968 0.0 128000
1695674835830 0.0 132000
1695674905952 0.0 136000
1695674983868 0.0 140000
1695675057403 0.0 144000
1695675130752 0.0 148000
1695675201041 0.0 152000
1695675272632 0.0 156000
1695675343560 0.0 160000
1695675414032 0.0 164000
1695675488862 0.0 168000
1695675564966 0.0 172000
1695675636517 0.0 176000
1695675707642 0.0 180000
1695675779482 0.0 184000
1695675846345 0.0 188000
1695675912974 0.0 192000
1695675979094 0.0 196000
1695676044739 0.0 200000
1695676110968 0.0 204000
1695676191578 0.0 208000
1695676270241 0.0 212000
1695676339845 0.0 216000
1695676408509 0.0 220000
1695676480550 0.0 224000
1695676555040 0.0 228000
1695676625479 0.0 232000
1695676703961 0.0 236000
1695676788196 0.0 240000
1695676877983 0.0 244000
1695676967076 0.0 248000
1695677042666 0.0 252000
1695677114853 0.0 256000
1695677195466 0.0 260000
1695677276801 0.0 264000
1695677358190 0.0 268000
1695677440018 0.0 272000
1695677527167 0.0 276000
