1695672599998 0.0 16000
1695672672275 0.0 20000
1695672745211 0.0 24000
1695672809597 0.0 28000
1695672873945 0.0 32000
1695672940631 0.0 36000
1695673005166 0.0 40000
1695673074200 0.0 44000
1695673141142 0.0 48000
1695673218438 0.0 52000
1695673294707 0.0 56000
1695673372430 0.0 60000
1695673449651 0.0 64000
1695673533551 0.0 68000
1695673613748 0.0 72000
1695673696537 0.0 76000
1695673782548 0.0 80000
1695673861036 0.0 84000
1695673945985 0.0 88000
1695674026323 0.0 92000
1695674106774 0.0 96000
1695674188515 0.0 100000
1695674272922 0.0 104000
1695674360526 0.0 108000
1695674442926 0.0 112000
1695674524841 0.0 116000
1695674604760 0.0 120000
1695674686292 0.0 124000
1695674760969 0.0 128000
1695674835831 0.0 132000
1695674905953 0.0 136000
1695674983869 0.0 140000
1695675057404 0.0 144000
1695675130752 0.0 148000
1695675201042 0.0 152000
1695675272633 0.0 156000
1695675343561 0.0 160000
1695675414032 0.0 164000
1695675488863 0.0 168000
1695675564967 0.0 172000
1695675636518 0.0 176000
1695675707643 0.0 180000
1695675779483 0.0 184000
1695675846346 0.0 188000
1695675912974 0.0 192000
1695675979095 0.0 196000
1695676044740 0.0 200000
1695676110968 0.0 204000
1695676191578 0.0 208000
1695676270242 0.0 212000
1695676339846 0.0 216000
1695676408510 0.0 220000
1695676480550 0.0 224000
1695676555041 0.0 228000
1695676625480 0.0 232000
1695676703962 0.0 236000
1695676788197 0.0 240000
1695676877984 0.0 244000
1695676967077 0.0 248000
1695677042667 0.0 252000
1695677114854 0.0 256000
1695677195466 0.0 260000
1695677276802 0.0 264000
1695677358190 0.0 268000
1695677440019 0.0 272000
1695677527168 0.0 276000
