1695672599991 0.0 16000
1695672672269 0.0 20000
1695672745205 0.0 24000
1695672809591 0.0 28000
1695672873939 0.0 32000
1695672940626 0.0 36000
1695673005160 0.0 40000
1695673074195 0.0 44000
1695673141136 0.0 48000
1695673218432 0.0 52000
1695673294699 0.0 56000
1695673372423 0.0 60000
1695673449644 0.0 64000
1695673533544 0.0 68000
1695673613742 0.0 72000
1695673696530 0.0 76000
1695673782540 0.0 80000
1695673861029 0.0 84000
1695673945978 0.0 88000
1695674026316 0.0 92000
1695674106766 0.0 96000
1695674188508 0.0 100000
1695674272915 0.0 104000
1695674360519 0.0 108000
1695674442918 0.0 112000
1695674524834 0.0 116000
1695674604753 0.0 120000
1695674686283 0.0 124000
1695674760961 0.0 128000
1695674835824 0.0 132000
1695674905947 0.0 136000
1695674983863 0.0 140000
1695675057397 0.0 144000
1695675130745 0.0 148000
1695675201036 0.0 152000
1695675272627 0.0 156000
1695675343554 0.0 160000
1695675414027 0.0 164000
1695675488855 0.0 168000
1695675564960 0.0 172000
1695675636512 0.0 176000
1695675707637 0.0 180000
1695675779477 0.0 184000
1695675846341 0.0 188000
1695675912969 0.0 192000
1695675979089 0.0 196000
1695676044734 0.0 200000
1695676110963 0.0 204000
1695676191572 0.0 208000
1695676270236 0.0 212000
1695676339840 0.0 216000
1695676408504 0.0 220000
1695676480545 0.0 224000
1695676555035 0.0 228000
1695676625474 0.0 232000
1695676703956 0.0 236000
1695676788190 0.0 240000
1695676877976 0.0 244000
1695676967069 0.0 248000
1695677042661 0.0 252000
1695677114847 0.0 256000
1695677195459 0.0 260000
1695677276795 0.0 264000
1695677358184 0.0 268000
1695677440012 0.0 272000
1695677527162 0.0 276000
