1695672599996 0.0 16000
1695672672273 0.0 20000
1695672745210 0.0 24000
1695672809595 0.0 28000
1695672873943 0.0 32000
1695672940630 0.0 36000
1695673005164 0.0 40000
1695673074199 0.0 44000
1695673141141 0.0 48000
1695673218436 0.0 52000
1695673294704 0.0 56000
1695673372428 0.0 60000
1695673449650 0.0 64000
1695673533549 0.0 68000
1695673613746 0.0 72000
1695673696535 0.0 76000
1695673782546 0.0 80000
1695673861035 0.0 84000
1695673945983 0.0 88000
1695674026321 0.0 92000
1695674106771 0.0 96000
1695674188513 0.0 100000
1695674272920 0.0 104000
1695674360524 0.0 108000
1695674442924 0.0 112000
1695674524839 0.0 116000
1695674604758 0.0 120000
1695674686289 0.0 124000
1695674760967 0.0 128000
1695674835829 0.0 132000
1695674905952 0.0 136000
1695674983867 0.0 140000
1695675057402 0.0 144000
1695675130750 0.0 148000
1695675201040 0.0 152000
1695675272631 0.0 156000
1695675343559 0.0 160000
1695675414031 0.0 164000
1695675488861 0.0 168000
1695675564966 0.0 172000
1695675636517 0.0 176000
1695675707641 0.0 180000
1695675779481 0.0 184000
1695675846345 0.0 188000
1695675912973 0.0 192000
1695675979093 0.0 196000
1695676044739 0.0 200000
1695676110967 0.0 204000
1695676191577 0.0 208000
1695676270240 0.0 212000
1695676339844 0.0 216000
1695676408508 0.0 220000
1695676480549 0.0 224000
1695676555039 0.0 228000
1695676625478 0.0 232000
1695676703961 0.0 236000
1695676788195 0.0 240000
1695676877982 0.0 244000
1695676967075 0.0 248000
1695677042665 0.0 252000
1695677114852 0.0 256000
1695677195465 0.0 260000
1695677276800 0.0 264000
1695677358189 0.0 268000
1695677440018 0.0 272000
1695677527166 0.0 276000
