1695672599994 0.0 16000
1695672672271 0.0 20000
1695672745207 0.0 24000
1695672809593 0.0 28000
1695672873941 0.0 32000
1695672940628 0.0 36000
1695673005162 0.0 40000
1695673074197 0.0 44000
1695673141139 0.0 48000
1695673218434 0.0 52000
1695673294701 0.0 56000
1695673372426 0.0 60000
1695673449647 0.0 64000
1695673533546 0.0 68000
1695673613744 0.0 72000
1695673696533 0.0 76000
1695673782543 0.0 80000
1695673861032 0.0 84000
1695673945981 0.0 88000
1695674026318 0.0 92000
1695674106769 0.0 96000
1695674188511 0.0 100000
1695674272917 0.0 104000
1695674360522 0.0 108000
1695674442921 0.0 112000
1695674524836 0.0 116000
1695674604755 0.0 120000
1695674686285 0.0 124000
1695674760964 0.0 128000
1695674835827 0.0 132000
1695674905949 0.0 136000
1695674983865 0.0 140000
1695675057400 0.0 144000
1695675130748 0.0 148000
1695675201038 0.0 152000
1695675272629 0.0 156000
1695675343556 0.0 160000
1695675414029 0.0 164000
1695675488858 0.0 168000
1695675564963 0.0 172000
1695675636514 0.0 176000
1695675707639 0.0 180000
1695675779479 0.0 184000
1695675846343 0.0 188000
1695675912971 0.0 192000
1695675979091 0.0 196000
1695676044737 0.0 200000
1695676110965 0.0 204000
1695676191574 0.0 208000
1695676270238 0.0 212000
1695676339842 0.0 216000
1695676408506 0.0 220000
1695676480547 0.0 224000
1695676555037 0.0 228000
1695676625476 0.0 232000
1695676703958 0.0 236000
1695676788193 0.0 240000
1695676877979 0.0 244000
1695676967072 0.0 248000
1695677042663 0.0 252000
1695677114850 0.0 256000
1695677195462 0.0 260000
1695677276798 0.0 264000
1695677358186 0.0 268000
1695677440015 0.0 272000
1695677527164 0.0 276000
