1695672599995 0.0 16000
1695672672273 0.0 20000
1695672745209 0.0 24000
1695672809595 0.0 28000
1695672873943 0.0 32000
1695672940629 0.0 36000
1695673005164 0.0 40000
1695673074198 0.0 44000
1695673141140 0.0 48000
1695673218435 0.0 52000
1695673294703 0.0 56000
1695673372427 0.0 60000
1695673449649 0.0 64000
1695673533548 0.0 68000
1695673613746 0.0 72000
1695673696535 0.0 76000
1695673782545 0.0 80000
1695673861034 0.0 84000
1695673945982 0.0 88000
1695674026320 0.0 92000
1695674106771 0.0 96000
1695674188513 0.0 100000
1695674272919 0.0 104000
1695674360523 0.0 108000
1695674442923 0.0 112000
1695674524838 0.0 116000
1695674604757 0.0 120000
1695674686287 0.0 124000
1695674760966 0.0 128000
1695674835828 0.0 132000
1695674905951 0.0 136000
1695674983866 0.0 140000
1695675057401 0.0 144000
1695675130750 0.0 148000
1695675201039 0.0 152000
1695675272630 0.0 156000
1695675343559 0.0 160000
1695675414030 0.0 164000
1695675488860 0.0 168000
1695675564965 0.0 172000
1695675636516 0.0 176000
1695675707641 0.0 180000
1695675779480 0.0 184000
1695675846344 0.0 188000
1695675912972 0.0 192000
1695675979093 0.0 196000
1695676044738 0.0 200000
1695676110966 0.0 204000
1695676191576 0.0 208000
1695676270239 0.0 212000
1695676339843 0.0 216000
1695676408507 0.0 220000
1695676480548 0.0 224000
1695676555039 0.0 228000
1695676625478 0.0 232000
1695676703960 0.0 236000
1695676788194 0.0 240000
1695676877981 0.0 244000
1695676967074 0.0 248000
1695677042665 0.0 252000
1695677114851 0.0 256000
1695677195464 0.0 260000
1695677276799 0.0 264000
1695677358188 0.0 268000
1695677440017 0.0 272000
1695677527166 0.0 276000
