1695672393843 nan 4000
1695672462551 nan 8000
1695672529060 nan 12000
1695672599886 0.7886419228885232 16000
1695672672165 0.8993930086571029 20000
1695672745111 1.0317814708358155 24000
1695672809502 1.1715378219445067 28000
1695672873851 1.2560753371444588 32000
1695672940534 1.3307354279598353 36000
1695673005073 1.3609866774033803 40000
1695673074104 1.3711752986041335 44000
1695673141047 1.3877160267834887 48000
1695673218339 1.3848233316138239 52000
1695673294587 1.38112393771351 56000
1695673372316 1.3945696973508959 60000
1695673449530 1.409134604700146 64000
1695673533410 1.4163276459043652 68000
1695673613638 1.424656263164429 72000
1695673696414 1.43858441398035 76000
1695673782424 1.4939638619805766 80000
1695673860913 1.4969448974408095 84000
1695673945867 1.5068857544113214 88000
1695674026199 1.5143558851168404 92000
1695674106650 1.5285227883911823 96000
1695674188394 1.5470626121517241 100000
1695674272781 1.5658800482690225 104000
1695674360402 1.6077664573254207 108000
1695674442773 1.6202117512840382 112000
1695674524718 1.6371435246265786 116000
1695674604640 1.6612187956329025 120000
1695674686167 1.7256329957084022 124000
1695674760839 1.7420558240928876 128000
1695674835723 1.7886770066705262 132000
1695674905836 1.8757236500986871 136000
1695674983762 1.9516818385132362 140000
1695675057299 1.9802578595195595 144000
1695675130630 2.0829837886044764 148000
1695675200937 2.2256285195817727 152000
1695675272534 2.444018481443398 156000
1695675343457 2.6752754819934483 160000
1695675413938 2.749395641187954 164000
1695675488711 2.761619532895937 168000
1695675564863 2.804758089359529 172000
1695675636411 2.84631322952893 176000
1695675707541 2.8830489076796577 180000
1695675779377 2.9411978769657177 184000
1695675846255 2.977144591973278 188000
1695675912880 2.9484770213227804 192000
1695675978991 2.9662900683298608 196000
1695676044645 2.982095104661973 200000
1695676110870 2.988094321606072 204000
1695676191466 2.98578873175679 208000
1695676270142 2.987483611106799 212000
1695676339742 2.995103545118102 216000
1695676408409 2.995892725220764 220000
1695676480450 2.993518726914899 224000
1695676554927 2.997719696141117 228000
1695676625377 2.9978229747335337 232000
1695676703852 2.995813760835456 236000
1695676788084 2.988709302970204 240000
1695676877842 2.9978209197468213 244000
1695676966918 2.9978012245486196 248000
1695677042562 2.9968099531794072 252000
1695677114748 2.996703497422768 256000
1695677195350 2.997814356040981 260000
1695677276687 2.9943392272799643 264000
1695677358078 2.9972243094100284 268000
1695677439891 2.991178667120228 272000
1695677527063 2.997690018091238 276000
