1695672393845 0.0 4000
1695672462553 0.0 8000
1695672529062 0.0 12000
1695672599888 10.0 16000
1695672672166 2.0 20000
1695672745112 2.0 24000
1695672809504 7.0 28000
1695672873852 3.0 32000
1695672940535 3.0 36000
1695673005074 5.0 40000
1695673074105 2.0 44000
1695673141049 3.0 48000
1695673218341 6.0 52000
1695673294589 1.0 56000
1695673372317 4.0 60000
1695673449531 5.0 64000
1695673533412 2.0 68000
1695673613640 2.0 72000
1695673696416 3.0 76000
1695673782426 6.0 80000
1695673860915 1.0 84000
1695673945869 5.0 88000
1695674026201 4.0 92000
1695674106652 2.0 96000
1695674188395 5.0 100000
1695674272783 5.0 104000
1695674360404 4.0 108000
1695674442777 6.0 112000
1695674524720 4.0 116000
1695674604642 2.0 120000
1695674686169 5.0 124000
1695674760840 3.0 128000
1695674835724 7.0 132000
1695674905838 10.0 136000
1695674983764 8.0 140000
1695675057301 4.0 144000
1695675130632 9.0 148000
1695675200938 17.0 152000
1695675272536 24.0 156000
1695675343458 27.0 160000
1695675413940 25.0 164000
1695675488713 22.0 168000
1695675564865 32.0 172000
1695675636412 50.0 176000
1695675707543 80.0 180000
1695675779378 109.0 184000
1695675846256 143.0 188000
1695675912882 190.0 192000
1695675978993 217.0 196000
1695676044646 240.0 200000
1695676110872 239.0 204000
1695676191468 247.0 208000
1695676270144 253.0 212000
1695676339744 259.0 216000
1695676408411 261.0 220000
1695676480452 255.0 224000
1695676554929 234.0 228000
1695676625378 211.0 232000
1695676703854 233.0 236000
1695676788086 257.0 240000
1695676877844 267.0 244000
1695676966920 264.0 248000
1695677042564 266.0 252000
1695677114749 263.0 256000
1695677195352 234.0 260000
1695677276688 234.0 264000
1695677358079 239.0 268000
1695677439893 257.0 272000
1695677527064 265.0 276000
