1695672393844 nan 4000
1695672462552 nan 8000
1695672529061 nan 12000
1695672599887 1280.0 16000
1695672672166 1144.0833333333333 20000
1695672745112 1096.5 24000
1695672809503 1117.5714285714287 28000
1695672873851 1099.9583333333333 32000
1695672940535 1085.962962962963 36000
1695673005074 1102.4375 40000
1695673074104 1112.8823529411766 44000
1695673141048 1122.5135135135135 48000
1695673218340 1128.2558139534883 52000
1695673294588 1131.7045454545455 56000
1695673372316 1134.6458333333333 60000
1695673449530 1132.566037735849 64000
1695673533411 1137.9272727272728 68000
1695673613639 1142.9122807017543 72000
1695673696415 1145.0833333333333 76000
1695673782425 1123.939393939394 80000
1695673860914 1126.2686567164178 84000
1695673945868 1136.9444444444443 88000
1695674026200 1144.4736842105262 92000
1695674106651 1135.871794871795 96000
1695674188395 1131.6265060240964 100000
1695674272782 1128.8522727272727 104000
1695674360403 1098.2173913043478 108000
1695674442777 1096.6836734693877 112000
1695674524719 1089.11 116000
1695674604641 1086.1 120000
1695674686168 1065.39 124000
1695674760839 1081.7 128000
1695674835723 1054.24 132000
1695674905837 993.48 136000
1695674983763 928.77 140000
1695675057300 919.92 144000
1695675130631 847.08 148000
1695675200938 732.58 152000
1695675272535 521.39 156000
1695675343457 303.22 160000
1695675413939 211.35 164000
1695675488712 161.83 168000
1695675564864 133.96 172000
1695675636411 128.56 176000
1695675707542 86.31 180000
1695675779378 40.06422018348624 184000
1695675846255 23.32867132867133 188000
1695675912881 33.310526315789474 192000
1695675978992 18.327188940092167 196000
1695676044645 16.879166666666666 200000
1695676110871 16.581589958158997 204000
1695676191467 16.263157894736842 208000
1695676270143 15.818181818181818 212000
1695676339743 15.436293436293436 216000
1695676408410 15.375478927203066 220000
1695676480451 15.686274509803921 224000
1695676554928 15.11965811965812 228000
1695676625378 15.075829383886257 232000
1695676703853 17.545064377682404 236000
1695676788085 20.07782101167315 240000
1695676877843 15.138576779026216 244000
1695676966919 15.102272727272727 248000
1695677042563 15.090225563909774 252000
1695677114748 15.098859315589353 256000
1695677195351 15.35897435897436 260000
1695677276688 15.2991452991453 264000
1695677358078 15.213389121338912 268000
1695677439892 20.252918287937742 272000
1695677527063 15.11320754716981 276000
