1695672393842 nan 4000
1695672462550 nan 8000
1695672529060 nan 12000
1695672599885 0.060999999999999666 16000
1695672672164 0.060999999999999666 20000
1695672745110 0.060999999999999666 24000
1695672809501 0.060999999999999666 28000
1695672873850 0.060999999999999666 32000
1695672940533 0.060999999999999666 36000
1695673005072 0.060999999999999666 40000
1695673074103 0.060999999999999666 44000
1695673141047 0.060999999999999666 48000
1695673218338 0.060999999999999666 52000
1695673294586 0.060999999999999666 56000
1695673372315 0.060999999999999666 60000
1695673449529 0.060999999999999666 64000
1695673533409 0.060999999999999666 68000
1695673613637 0.060999999999999666 72000
1695673696413 0.060999999999999666 76000
1695673782423 0.060999999999999666 80000
1695673860912 0.060999999999999666 84000
1695673945866 0.060999999999999666 88000
1695674026198 0.060999999999999666 92000
1695674106649 0.060999999999999666 96000
1695674188393 0.060999999999999666 100000
1695674272780 0.060999999999999666 104000
1695674360401 0.060999999999999666 108000
1695674442772 0.060999999999999666 112000
1695674524718 0.060999999999999666 116000
1695674604639 0.060999999999999666 120000
1695674686166 0.5040000000000064 124000
1695674760838 0.8400000000000128 128000
1695674835722 0.8400000000000128 132000
1695674905836 0.8400000000000128 136000
1695674983762 0.8400000000000128 140000
1695675057299 0.8400000000000128 144000
1695675130629 1.435193237816192 148000
1695675200936 1.435193237816192 152000
1695675272533 1.435193237816192 156000
1695675343456 1.677193237816196 160000
1695675413937 1.5771932378161946 164000
1695675488710 -0.31100000000000066 168000
1695675564863 -0.31100000000000066 172000
1695675636410 -0.31100000000000066 176000
1695675707541 1.5761619878162223 180000
1695675779376 1.7101932378161764 184000
1695675846254 2.669096875 188000
1695675912880 1.2446932378162354 192000
1695675978991 2.2351406249999997 196000
1695676044644 2.3444531250000002 200000
1695676110870 2.669096875 204000
1695676191465 2.33071875 208000
1695676270141 2.3444531250000002 212000
1695676339742 2.8862367300000003 216000
1695676408409 2.8877367300000003 220000
1695676480450 2.2242031250000025 224000
1695676554926 2.9803877394425924 228000
1695676625376 2.9803877394425924 232000
1695676703852 2.49081823781617 236000
1695676788083 0.6382836049999805 240000
1695676877841 2.9803877394425924 244000
1695676966917 2.9803877394425924 248000
1695677042562 2.6725031250000004 252000
1695677114747 2.65595625 256000
1695677195349 2.9682401128161704 260000
1695677276686 2.8877367300000003 264000
1695677358077 2.9803877394425924 268000
1695677439891 1.3596932378161868 272000
1695677527062 2.9803877394425924 276000
