1695672393841 nan 4000
1695672462550 nan 8000
1695672529059 nan 12000
1695672599885 1.5804346144425974 16000
1695672672163 1.5804346144425974 20000
1695672745109 2.119427612816176 24000
1695672809501 2.5371342835440576 28000
1695672873849 2.5371342835440576 32000
1695672940532 2.5371342835440576 36000
1695673005071 2.5371342835440576 40000
1695673074102 2.5371342835440576 44000
1695673141046 2.5371342835440576 48000
1695673218338 2.5371342835440576 52000
1695673294585 2.5371342835440576 56000
1695673372314 2.5371342835440576 60000
1695673449528 2.5371342835440576 64000
1695673533408 2.5371342835440576 68000
1695673613636 2.5371342835440576 72000
1695673696412 2.5371342835440576 76000
1695673782422 2.831208862816173 80000
1695673860911 2.831208862816173 84000
1695673945866 2.831208862816173 88000
1695674026197 2.831208862816173 92000
1695674106648 2.831208862816173 96000
1695674188392 2.831208862816173 100000
1695674272780 2.831208862816173 104000
1695674360400 2.9533026128161706 108000
1695674442771 2.9533026128161706 112000
1695674524717 2.9533026128161706 116000
1695674604638 2.9533026128161706 120000
1695674686165 2.9533026128161706 124000
1695674760837 2.9533026128161706 128000
1695674835721 2.9533026128161706 132000
1695674905835 2.9533026128161706 136000
1695674983761 2.9676619878161707 140000
1695675057298 2.9676619878161707 144000
1695675130629 2.9676619878161707 148000
1695675200935 2.9705682378161713 152000
1695675272533 2.9814901128152043 156000
1695675343455 2.9946300427729415 160000
1695675413937 2.9946300427729415 164000
1695675488709 2.9946300427729415 168000
1695675564862 2.9946300427729415 172000
1695675636409 2.9939276128152037 176000
1695675707540 2.996149908544055 180000
1695675779375 2.9968530335440553 184000
1695675846253 2.9975561585440547 188000
1695675912879 2.9981456677729414 192000
1695675978990 2.9981456677729414 196000
1695676044643 2.9981456677729414 200000
1695676110869 2.9981456677729414 204000
1695676191464 2.9981456677729414 208000
1695676270141 2.9981456677729414 212000
1695676339741 2.9981456677729414 216000
1695676408408 2.9981456677729414 220000
1695676480449 2.9981456677729414 224000
1695676554925 2.9981456677729414 228000
1695676625375 2.9981456677729414 232000
1695676703851 2.9981456677729414 236000
1695676788082 2.9981456677729414 240000
1695676877840 2.9981456677729414 244000
1695676966916 2.9981456677729414 248000
1695677042561 2.9981456677729414 252000
1695677114746 2.9981456677729414 256000
1695677195348 2.9981456677729414 260000
1695677276685 2.9981456677729414 264000
1695677358076 2.9981456677729414 268000
1695677439890 2.9981456677729414 272000
1695677527061 2.9981456677729414 276000
