1695672393846 0.0 4000
1695672462553 0.0 8000
1695672529063 0.0 12000
1695672599889 0.0 16000
1695672672167 0.0 20000
1695672745113 0.0 24000
1695672809504 0.0 28000
1695672873853 0.0 32000
1695672940536 0.0 36000
1695673005075 0.0 40000
1695673074106 0.0 44000
1695673141049 0.0 48000
1695673218342 0.0 52000
1695673294590 0.0 56000
1695673372318 0.0 60000
1695673449532 0.0 64000
1695673533413 0.0 68000
1695673613640 0.0 72000
1695673696417 0.0 76000
1695673782426 0.0 80000
1695673860916 0.0 84000
1695673945870 0.0 88000
1695674026202 0.0 92000
1695674106653 0.0 96000
1695674188396 0.0 100000
1695674272784 0.0 104000
1695674360405 0.0 108000
1695674442778 0.0 112000
1695674524721 0.0 116000
1695674604642 0.0 120000
1695674686170 0.0 124000
1695674760841 0.0 128000
1695674835725 0.0 132000
1695674905839 0.0 136000
1695674983765 0.0 140000
1695675057302 0.0 144000
1695675130633 0.0 148000
1695675200939 0.0 152000
1695675272536 0.0 156000
1695675343459 0.0 160000
1695675413940 0.0 164000
1695675488714 0.0 168000
1695675564866 0.0 172000
1695675636413 0.0 176000
1695675707544 0.0 180000
1695675779379 0.0 184000
1695675846257 0.0 188000
1695675912882 0.0 192000
1695675978993 0.0 196000
1695676044647 0.0 200000
1695676110873 0.0 204000
1695676191469 0.0 208000
1695676270144 0.0 212000
1695676339745 0.0 216000
1695676408412 0.0 220000
1695676480453 0.0 224000
1695676554930 0.0 228000
1695676625379 0.0 232000
1695676703855 0.0 236000
1695676788087 0.0 240000
1695676877845 0.0 244000
1695676966921 0.0 248000
1695677042565 0.0 252000
1695677114750 0.0 256000
1695677195353 0.0 260000
1695677276689 0.0 264000
1695677358080 0.0 268000
1695677439894 0.0 272000
1695677527065 0.0 276000
