1695731492009 1.0 244000
1695731555382 1.0 248000
1695731627012 1.0 252000
1695731694019 1.0 256000
1695731770466 1.0 260000
1695731847910 1.0 264000
1695731929345 1.0 268000
1695732007578 1.0 272000
1695732085671 1.0 276000
1695732161631 1.0 280000
1695732229865 1.0 284000
1695732296298 1.0 288000
1695732365410 1.0 292000
1695732431745 1.0 296000
1695732499320 1.0 300000
1695732565218 1.0 304000
1695732635488 1.0 308000
1695732703102 1.0 312000
1695732772420 1.0 316000
1695732841608 1.0 320000
1695732910266 1.0 324000
1695732988735 1.0 328000
1695733057801 1.0 332000
1695733127244 1.0 336000
1695733197236 1.0 340000
1695733266952 1.0 344000
1695733337781 1.0 348000
1695733406293 1.0 352000
1695733475132 1.0 356000
1695733547201 1.0 360000
1695733617765 1.0 364000
1695733686258 1.0 368000
1695733756236 1.0 372000
1695733824469 1.0 376000
1695733894979 1.0 380000
1695733964302 1.0 384000
1695734035317 1.0 388000
1695734104284 1.0 392000
1695734175713 1.0 396000
1695734244758 1.0 400000
1695734315785 1.0 404000
1695734384699 1.0 408000
1695734453473 1.0 412000
1695734520764 1.0 416000
1695734588469 1.0 420000
1695734658422 1.0 424000
1695734728087 1.0 428000
1695734796972 1.0 432000
1695734870346 1.0 436000
1695734945855 1.0 440000
1695735017173 1.0 444000
1695735086454 1.0 448000
1695735161779 1.0 452000
1695735232020 1.0 456000
1695735305971 1.0 460000
1695735382232 1.0 464000
1695735453221 1.0 468000
1695735524441 1.0 472000
1695735599229 1.0 476000
1695735678736 1.0 480000
1695735759860 1.0 484000
1695735842423 1.0 488000
1695735925860 1.0 492000
1695736013530 1.0 496000
1695736097375 1.0 500000
1695736173693 1.0 504000
1695736248971 1.0 508000
1695736320671 1.0 512000
1695736388228 1.0 516000
1695736454367 1.0 520000
1695736520695 1.0 524000
1695736587124 1.0 528000
1695736651760 1.0 532000
1695736716192 1.0 536000
1695736779539 1.0 540000
1695736842257 1.0 544000
1695736905459 1.0 548000
1695736968520 1.0 552000
1695737032220 1.0 556000
1695737094131 1.0 560000
1695737158039 1.0 564000
1695737219708 1.0 568000
1695737282026 1.0 572000
1695737344705 1.0 576000
1695737412041 1.0 580000
1695737478316 1.0 584000
1695737541985 1.0 588000
1695737604426 1.0 592000
1695737666509 1.0 596000
1695737728715 1.0 600000
1695737791641 1.0 604000
1695737853598 1.0 608000
1695737916285 1.0 612000
1695737978661 1.0 616000
1695738041300 1.0 620000
1695738103558 1.0 624000
1695738167387 1.0 628000
1695738230063 1.0 632000
1695738292615 1.0 636000
1695738355109 1.0 640000
1695738417964 1.0 644000
1695738479922 1.0 648000
1695738542508 1.0 652000
1695738605943 1.0 656000
1695738668219 1.0 660000
1695738731769 1.0 664000
1695738794240 1.0 668000
1695738858580 1.0 672000
1695738921323 1.0 676000
1695738984539 1.0 680000
1695739046781 1.0 684000
1695739110153 1.0 688000
1695739172030 1.0 692000
1695739235557 1.0 696000
1695739297804 1.0 700000
1695739360618 1.0 704000
1695739423305 1.0 708000
1695739488094 1.0 712000
1695739550745 1.0 716000
1695739613378 1.0 720000
1695739676074 1.0 724000
1695739737865 1.0 728000
1695739800551 1.0 732000
1695739862788 1.0 736000
1695739925931 1.0 740000
1695739987776 1.0 744000
1695740051673 1.0 748000
1695740114488 1.0 752000
1695740177706 1.0 756000
1695740240177 1.0 760000
1695740302046 1.0 764000
1695740363632 1.0 768000
1695740426115 1.0 772000
1695740488951 1.0 776000
1695740550785 1.0 780000
1695740613488 1.0 784000
1695740676111 1.0 788000
1695740739866 1.0 792000
1695740801775 1.0 796000
1695740865035 1.0 800000
1695740927254 1.0 804000
1695740989487 1.0 808000
1695741052826 1.0 812000
1695741116471 1.0 816000
1695741179205 1.0 820000
1695741242117 1.0 824000
1695741305220 1.0 828000
1695741368542 1.0 832000
1695741432784 1.0 836000
1695741500819 1.0 840000
1695741566858 1.0 844000
1695741631808 1.0 848000
1695741707456 1.0 852000
1695741770271 1.0 856000
1695741834349 1.0 860000
1695741896347 1.0 864000
1695741958495 1.0 868000
1695742020743 1.0 872000
1695742083893 1.0 876000
1695742146560 1.0 880000
1695742211679 1.0 884000
1695742275916 1.0 888000
1695742341660 1.0 892000
1695742413690 1.0 896000
1695742482000 1.0 900000
1695742548305 1.0 904000
1695742610769 1.0 908000
1695742672882 1.0 912000
1695742735172 1.0 916000
1695742798478 1.0 920000
1695742861572 1.0 924000
1695742924165 1.0 928000
1695742986396 1.0 932000
1695743049704 1.0 936000
1695743111986 1.0 940000
1695743175957 1.0 944000
1695743237918 1.0 948000
1695743299827 1.0 952000
1695743362024 1.0 956000
1695743425320 1.0 960000
1695743487795 1.0 964000
1695743552181 1.0 968000
1695743614332 1.0 972000
1695743677519 1.0 976000
1695743740566 1.0 980000
1695743804843 1.0 984000
1695743867024 1.0 988000
1695743930138 1.0 992000
1695743991771 1.0 996000
1695744055106 1.0 1000000
