1695731492008 2.0 244000
1695731555380 2.0 248000
1695731627010 2.0 252000
1695731694017 2.0 256000
1695731770465 2.0 260000
1695731847909 2.0 264000
1695731929343 2.0 268000
1695732007576 2.0 272000
1695732085669 2.0 276000
1695732161630 2.0 280000
1695732229863 2.0 284000
1695732296297 2.0 288000
1695732365408 2.0 292000
1695732431743 2.0 296000
1695732499318 2.0 300000
1695732565216 2.0 304000
1695732635486 2.0 308000
1695732703100 2.0 312000
1695732772419 2.0 316000
1695732841606 2.0 320000
1695732910265 2.0 324000
1695732988734 2.0 328000
1695733057799 2.0 332000
1695733127242 2.0 336000
1695733197235 2.0 340000
1695733266950 2.0 344000
1695733337780 2.0 348000
1695733406292 2.0 352000
1695733475131 2.0 356000
1695733547199 2.0 360000
1695733617763 2.0 364000
1695733686257 2.0 368000
1695733756234 2.0 372000
1695733824467 2.0 376000
1695733894976 2.0 380000
1695733964300 2.0 384000
1695734035315 2.0 388000
1695734104282 2.0 392000
1695734175711 2.0 396000
1695734244756 2.0 400000
1695734315783 2.0 404000
1695734384697 2.0 408000
1695734453472 2.0 412000
1695734520763 2.0 416000
1695734588468 2.0 420000
1695734658420 2.0 424000
1695734728086 2.0 428000
1695734796970 2.0 432000
1695734870344 2.0 436000
1695734945853 2.0 440000
1695735017171 2.0 444000
1695735086452 2.0 448000
1695735161778 2.0 452000
1695735232018 2.0 456000
1695735305970 2.0 460000
1695735382230 2.0 464000
1695735453219 2.0 468000
1695735524439 2.0 472000
1695735599227 2.0 476000
1695735678734 2.0 480000
1695735759858 2.0 484000
1695735842421 2.0 488000
1695735925858 2.0 492000
1695736013528 2.0 496000
1695736097373 2.0 500000
1695736173692 2.0 504000
1695736248969 2.0 508000
1695736320669 2.0 512000
1695736388227 2.0 516000
1695736454365 2.0 520000
1695736520693 2.0 524000
1695736587122 2.0 528000
1695736651759 2.0 532000
1695736716190 2.0 536000
1695736779537 2.0 540000
1695736842255 2.0 544000
1695736905457 2.0 548000
1695736968518 2.0 552000
1695737032219 2.0 556000
1695737094129 2.0 560000
1695737158037 2.0 564000
1695737219706 2.0 568000
1695737282023 2.0 572000
1695737344703 2.0 576000
1695737412040 2.0 580000
1695737478314 2.0 584000
1695737541984 2.0 588000
1695737604424 2.0 592000
1695737666507 2.0 596000
1695737728713 2.0 600000
1695737791640 2.0 604000
1695737853597 2.0 608000
1695737916283 2.0 612000
1695737978659 2.0 616000
1695738041298 2.0 620000
1695738103557 2.0 624000
1695738167386 2.0 628000
1695738230062 2.0 632000
1695738292614 2.0 636000
1695738355108 2.0 640000
1695738417962 2.0 644000
1695738479920 2.0 648000
1695738542506 2.0 652000
1695738605942 2.0 656000
1695738668218 2.0 660000
1695738731768 2.0 664000
1695738794238 2.0 668000
1695738858579 2.0 672000
1695738921321 2.0 676000
1695738984538 2.0 680000
1695739046779 2.0 684000
1695739110151 2.0 688000
1695739172029 2.0 692000
1695739235556 2.0 696000
1695739297803 2.0 700000
1695739360616 2.0 704000
1695739423304 2.0 708000
1695739488092 2.0 712000
1695739550743 2.0 716000
1695739613376 2.0 720000
1695739676073 2.0 724000
1695739737864 2.0 728000
1695739800550 2.0 732000
1695739862786 2.0 736000
1695739925930 2.0 740000
1695739987774 2.0 744000
1695740051672 2.0 748000
1695740114487 2.0 752000
1695740177705 2.0 756000
1695740240175 2.0 760000
1695740302044 2.0 764000
1695740363630 2.0 768000
1695740426113 2.0 772000
1695740488949 2.0 776000
1695740550784 2.0 780000
1695740613487 2.0 784000
1695740676109 2.0 788000
1695740739865 2.0 792000
1695740801774 2.0 796000
1695740865034 2.0 800000
1695740927252 2.0 804000
1695740989486 2.0 808000
1695741052824 2.0 812000
1695741116469 2.0 816000
1695741179203 2.0 820000
1695741242115 2.0 824000
1695741305219 2.0 828000
1695741368540 2.0 832000
1695741432783 2.0 836000
1695741500818 2.0 840000
1695741566856 2.0 844000
1695741631807 2.0 848000
1695741707455 2.0 852000
1695741770270 2.0 856000
1695741834347 2.0 860000
1695741896345 2.0 864000
1695741958493 2.0 868000
1695742020741 2.0 872000
1695742083891 2.0 876000
1695742146558 2.0 880000
1695742211677 2.0 884000
1695742275915 2.0 888000
1695742341659 2.0 892000
1695742413689 2.0 896000
1695742481998 2.0 900000
1695742548303 2.0 904000
1695742610768 2.0 908000
1695742672881 2.0 912000
1695742735170 2.0 916000
1695742798476 2.0 920000
1695742861570 2.0 924000
1695742924163 2.0 928000
1695742986394 2.0 932000
1695743049702 2.0 936000
1695743111985 2.0 940000
1695743175955 2.0 944000
1695743237917 2.0 948000
1695743299825 2.0 952000
1695743362022 2.0 956000
1695743425319 2.0 960000
1695743487793 2.0 964000
1695743552180 2.0 968000
1695743614331 2.0 972000
1695743677518 2.0 976000
1695743740565 2.0 980000
1695743804841 2.0 984000
1695743867022 2.0 988000
1695743930137 2.0 992000
1695743991770 2.0 996000
1695744055105 2.0 1000000
