1695731492007 2.0 244000
1695731555379 2.0 248000
1695731627010 2.0 252000
1695731694016 2.0 256000
1695731770464 2.0 260000
1695731847908 2.0 264000
1695731929342 2.0 268000
1695732007575 2.0 272000
1695732085668 2.0 276000
1695732161629 2.0 280000
1695732229862 2.0 284000
1695732296296 2.0 288000
1695732365408 2.0 292000
1695732431743 2.0 296000
1695732499317 2.0 300000
1695732565215 2.0 304000
1695732635486 2.0 308000
1695732703099 2.0 312000
1695732772418 2.0 316000
1695732841606 2.0 320000
1695732910264 2.0 324000
1695732988733 2.0 328000
1695733057798 2.0 332000
1695733127242 2.0 336000
1695733197234 2.0 340000
1695733266950 2.0 344000
1695733337779 2.0 348000
1695733406291 2.0 352000
1695733475130 2.0 356000
1695733547198 2.0 360000
1695733617763 2.0 364000
1695733686256 2.0 368000
1695733756233 2.0 372000
1695733824466 2.0 376000
1695733894975 2.0 380000
1695733964299 2.0 384000
1695734035314 2.0 388000
1695734104282 2.0 392000
1695734175710 2.0 396000
1695734244755 2.0 400000
1695734315782 2.0 404000
1695734384696 2.0 408000
1695734453471 2.0 412000
1695734520762 2.0 416000
1695734588467 2.0 420000
1695734658420 2.0 424000
1695734728085 2.0 428000
1695734796969 2.0 432000
1695734870342 2.0 436000
1695734945852 2.0 440000
1695735017170 2.0 444000
1695735086452 2.0 448000
1695735161777 2.0 452000
1695735232017 2.0 456000
1695735305969 2.0 460000
1695735382228 2.0 464000
1695735453218 2.0 468000
1695735524438 2.0 472000
1695735599226 2.0 476000
1695735678734 2.0 480000
1695735759857 2.0 484000
1695735842420 2.0 488000
1695735925857 2.0 492000
1695736013527 2.0 496000
1695736097372 2.0 500000
1695736173691 2.0 504000
1695736248968 2.0 508000
1695736320668 2.0 512000
1695736388226 2.0 516000
1695736454364 2.0 520000
1695736520692 2.0 524000
1695736587122 2.0 528000
1695736651758 2.0 532000
1695736716190 2.0 536000
1695736779536 2.0 540000
1695736842254 2.0 544000
1695736905457 2.0 548000
1695736968517 2.0 552000
1695737032218 2.0 556000
1695737094128 2.0 560000
1695737158036 2.0 564000
1695737219705 2.0 568000
1695737282022 2.0 572000
1695737344702 2.0 576000
1695737412039 2.0 580000
1695737478314 2.0 584000
1695737541983 2.0 588000
1695737604423 2.0 592000
1695737666507 2.0 596000
1695737728713 2.0 600000
1695737791639 2.0 604000
1695737853596 2.0 608000
1695737916282 2.0 612000
1695737978658 2.0 616000
1695738041297 2.0 620000
1695738103556 2.0 624000
1695738167385 2.0 628000
1695738230061 2.0 632000
1695738292613 2.0 636000
1695738355107 2.0 640000
1695738417962 2.0 644000
1695738479920 2.0 648000
1695738542505 2.0 652000
1695738605941 2.0 656000
1695738668217 2.0 660000
1695738731767 2.0 664000
1695738794237 2.0 668000
1695738858578 2.0 672000
1695738921320 2.0 676000
1695738984537 2.0 680000
1695739046779 2.0 684000
1695739110151 2.0 688000
1695739172028 2.0 692000
1695739235555 2.0 696000
1695739297802 2.0 700000
1695739360616 2.0 704000
1695739423303 2.0 708000
1695739488092 2.0 712000
1695739550742 2.0 716000
1695739613375 2.0 720000
1695739676072 2.0 724000
1695739737863 2.0 728000
1695739800549 2.0 732000
1695739862785 2.0 736000
1695739925929 2.0 740000
1695739987773 2.0 744000
1695740051671 2.0 748000
1695740114486 2.0 752000
1695740177704 2.0 756000
1695740240174 2.0 760000
1695740302043 2.0 764000
1695740363630 2.0 768000
1695740426112 2.0 772000
1695740488948 2.0 776000
1695740550783 2.0 780000
1695740613486 2.0 784000
1695740676109 2.0 788000
1695740739864 2.0 792000
1695740801773 2.0 796000
1695740865033 2.0 800000
1695740927251 2.0 804000
1695740989485 2.0 808000
1695741052824 2.0 812000
1695741116468 2.0 816000
1695741179203 2.0 820000
1695741242114 2.0 824000
1695741305218 2.0 828000
1695741368540 2.0 832000
1695741432782 2.0 836000
1695741500817 2.0 840000
1695741566856 2.0 844000
1695741631806 2.0 848000
1695741707454 2.0 852000
1695741770269 2.0 856000
1695741834347 2.0 860000
1695741896344 2.0 864000
1695741958493 2.0 868000
1695742020741 2.0 872000
1695742083890 2.0 876000
1695742146557 2.0 880000
1695742211676 2.0 884000
1695742275914 2.0 888000
1695742341658 2.0 892000
1695742413688 2.0 896000
1695742481997 2.0 900000
1695742548303 2.0 904000
1695742610767 2.0 908000
1695742672880 2.0 912000
1695742735170 2.0 916000
1695742798476 2.0 920000
1695742861570 2.0 924000
1695742924163 2.0 928000
1695742986394 2.0 932000
1695743049701 2.0 936000
1695743111984 2.0 940000
1695743175954 2.0 944000
1695743237916 2.0 948000
1695743299825 2.0 952000
1695743362021 2.0 956000
1695743425318 2.0 960000
1695743487793 2.0 964000
1695743552179 2.0 968000
1695743614330 2.0 972000
1695743677517 2.0 976000
1695743740564 2.0 980000
1695743804840 2.0 984000
1695743867022 2.0 988000
1695743930136 2.0 992000
1695743991769 2.0 996000
1695744055104 2.0 1000000
