1695731492009 0.0 244000
1695731555381 0.0 248000
1695731627011 0.0 252000
1695731694018 0.0 256000
1695731770466 0.0 260000
1695731847909 0.0 264000
1695731929344 0.0 268000
1695732007577 0.0 272000
1695732085670 0.0 276000
1695732161630 0.0 280000
1695732229864 0.0 284000
1695732296297 0.0 288000
1695732365409 0.0 292000
1695732431744 0.0 296000
1695732499319 0.0 300000
1695732565217 0.0 304000
1695732635487 0.0 308000
1695732703101 0.0 312000
1695732772420 0.0 316000
1695732841607 0.0 320000
1695732910265 0.0 324000
1695732988735 0.0 328000
1695733057800 0.0 332000
1695733127243 0.0 336000
1695733197235 0.0 340000
1695733266951 0.0 344000
1695733337780 0.0 348000
1695733406293 0.0 352000
1695733475132 0.0 356000
1695733547200 0.0 360000
1695733617764 0.0 364000
1695733686258 0.0 368000
1695733756235 0.0 372000
1695733824468 0.0 376000
1695733894978 0.0 380000
1695733964301 0.0 384000
1695734035316 0.0 388000
1695734104283 0.0 392000
1695734175712 0.0 396000
1695734244757 0.0 400000
1695734315784 0.0 404000
1695734384698 0.0 408000
1695734453472 0.0 412000
1695734520763 0.0 416000
1695734588469 0.0 420000
1695734658421 0.0 424000
1695734728087 0.0 428000
1695734796971 0.0 432000
1695734870345 0.0 436000
1695734945854 0.0 440000
1695735017172 0.0 444000
1695735086453 0.0 448000
1695735161778 0.0 452000
1695735232019 0.0 456000
1695735305970 0.0 460000
1695735382231 0.0 464000
1695735453220 0.0 468000
1695735524440 0.0 472000
1695735599228 0.0 476000
1695735678735 0.0 480000
1695735759859 0.0 484000
1695735842422 0.0 488000
1695735925859 0.0 492000
1695736013529 0.0 496000
1695736097374 0.0 500000
1695736173693 0.0 504000
1695736248970 0.0 508000
1695736320670 0.0 512000
1695736388228 0.0 516000
1695736454366 0.0 520000
1695736520694 0.0 524000
1695736587123 0.0 528000
1695736651759 0.0 532000
1695736716191 0.0 536000
1695736779538 0.0 540000
1695736842256 0.0 544000
1695736905458 0.0 548000
1695736968519 0.0 552000
1695737032220 0.0 556000
1695737094130 0.0 560000
1695737158038 0.0 564000
1695737219707 0.0 568000
1695737282024 0.0 572000
1695737344704 0.0 576000
1695737412041 0.0 580000
1695737478315 0.0 584000
1695737541984 0.0 588000
1695737604425 0.0 592000
1695737666508 0.0 596000
1695737728714 0.0 600000
1695737791640 0.0 604000
1695737853598 0.0 608000
1695737916284 0.0 612000
1695737978660 0.0 616000
1695738041299 0.0 620000
1695738103557 0.0 624000
1695738167387 0.0 628000
1695738230063 0.0 632000
1695738292615 0.0 636000
1695738355108 0.0 640000
1695738417963 0.0 644000
1695738479921 0.0 648000
1695738542507 0.0 652000
1695738605943 0.0 656000
1695738668219 0.0 660000
1695738731768 0.0 664000
1695738794239 0.0 668000
1695738858579 0.0 672000
1695738921322 0.0 676000
1695738984538 0.0 680000
1695739046780 0.0 684000
1695739110152 0.0 688000
1695739172029 0.0 692000
1695739235557 0.0 696000
1695739297804 0.0 700000
1695739360617 0.0 704000
1695739423305 0.0 708000
1695739488093 0.0 712000
1695739550744 0.0 716000
1695739613377 0.0 720000
1695739676073 0.0 724000
1695739737864 0.0 728000
1695739800550 0.0 732000
1695739862787 0.0 736000
1695739925931 0.0 740000
1695739987775 0.0 744000
1695740051672 0.0 748000
1695740114488 0.0 752000
1695740177705 0.0 756000
1695740240176 0.0 760000
1695740302045 0.0 764000
1695740363631 0.0 768000
1695740426114 0.0 772000
1695740488950 0.0 776000
1695740550784 0.0 780000
1695740613487 0.0 784000
1695740676110 0.0 788000
1695740739866 0.0 792000
1695740801775 0.0 796000
1695740865034 0.0 800000
1695740927253 0.0 804000
1695740989486 0.0 808000
1695741052825 0.0 812000
1695741116470 0.0 816000
1695741179204 0.0 820000
1695741242116 0.0 824000
1695741305220 0.0 828000
1695741368541 0.0 832000
1695741432784 0.0 836000
1695741500819 0.0 840000
1695741566857 0.0 844000
1695741631808 0.0 848000
1695741707455 0.0 852000
1695741770271 0.0 856000
1695741834348 0.0 860000
1695741896346 0.0 864000
1695741958494 0.0 868000
1695742020742 0.0 872000
1695742083892 0.0 876000
1695742146559 0.0 880000
1695742211678 0.0 884000
1695742275915 0.0 888000
1695742341659 0.0 892000
1695742413690 0.0 896000
1695742481999 0.0 900000
1695742548304 0.0 904000
1695742610769 0.0 908000
1695742672882 0.0 912000
1695742735171 0.0 916000
1695742798477 0.0 920000
1695742861571 0.0 924000
1695742924164 0.0 928000
1695742986395 0.0 932000
1695743049703 0.0 936000
1695743111986 0.0 940000
1695743175956 0.0 944000
1695743237917 0.0 948000
1695743299826 0.0 952000
1695743362023 0.0 956000
1695743425319 0.0 960000
1695743487795 0.0 964000
1695743552180 0.0 968000
1695743614331 0.0 972000
1695743677518 0.0 976000
1695743740566 0.0 980000
1695743804842 0.0 984000
1695743867023 0.0 988000
1695743930138 0.0 992000
1695743991771 0.0 996000
1695744055106 0.0 1000000
