1695672393970 1.0 4000
1695672462666 1.0 8000
1695672529176 1.0 12000
1695672600054 1.0 16000
1695672672328 1.0 20000
1695672745260 1.0 24000
1695672809646 1.0 28000
1695672873993 1.0 32000
1695672940680 1.0 36000
1695673005213 1.0 40000
1695673074250 1.0 44000
1695673141191 1.0 48000
1695673218486 1.0 52000
1695673294771 1.0 56000
1695673372488 1.0 60000
1695673449712 1.0 64000
1695673533617 1.0 68000
1695673613806 1.0 72000
1695673696597 1.0 76000
1695673782610 1.0 80000
1695673861099 1.0 84000
1695673946045 1.0 88000
1695674026385 1.0 92000
1695674106836 1.0 96000
1695674188579 1.0 100000
1695674272987 1.0 104000
1695674360589 1.0 108000
1695674443009 1.0 112000
1695674524903 1.0 116000
1695674604824 1.0 120000
1695674686357 1.0 124000
1695674761048 1.0 128000
1695674835893 1.0 132000
1695674906013 1.0 136000
1695674983923 1.0 140000
1695675057456 1.0 144000
1695675130815 1.0 148000
1695675201096 1.0 152000
1695675272684 1.0 156000
1695675343615 1.0 160000
1695675414081 1.0 164000
1695675488942 1.0 168000
1695675565020 1.0 172000
1695675636572 1.0 176000
1695675707694 1.0 180000
1695675779537 1.0 184000
1695675846396 1.0 188000
1695675913023 1.0 192000
1695675979147 1.0 196000
1695676044791 1.0 200000
1695676111018 1.0 204000
1695676191637 1.0 208000
1695676270294 1.0 212000
1695676339897 1.0 216000
1695676408561 1.0 220000
1695676480604 1.0 224000
1695676555098 1.0 228000
1695676625532 1.0 232000
1695676704021 1.0 236000
1695676788255 1.0 240000
1695676878052 1.0 244000
1695676967155 1.0 248000
1695677042720 1.0 252000
1695677114908 1.0 256000
1695677195526 1.0 260000
1695677276862 1.0 264000
1695677358247 1.0 268000
1695677440080 1.0 272000
1695677527223 1.0 276000
