1695672599890 -0.2865000000000002 16000
1695672672169 -0.2865000000000002 20000
1695672745115 -0.2865000000000002 24000
1695672809506 -0.2865000000000002 28000
1695672873854 -0.2865000000000002 32000
1695672940538 -0.2865000000000002 36000
1695673005077 -0.35400000000000026 40000
1695673074107 -0.35400000000000026 44000
1695673141051 -0.35400000000000026 48000
1695673218343 -0.35400000000000026 52000
1695673294591 -0.35400000000000026 56000
1695673372320 -0.35400000000000026 60000
1695673449534 -0.35400000000000026 64000
1695673533415 -0.35400000000000026 68000
1695673613642 -0.35400000000000026 72000
1695673696419 -0.35400000000000026 76000
1695673782428 -0.35400000000000026 80000
1695673860918 -0.35400000000000026 84000
1695673945872 -0.35400000000000026 88000
1695674026203 -0.35400000000000026 92000
1695674106654 -0.35400000000000026 96000
1695674188398 -0.35400000000000026 100000
1695674272786 -0.35400000000000026 104000
1695674360407 -0.35400000000000026 108000
1695674442781 -0.35400000000000026 112000
1695674524723 -0.35400000000000026 116000
1695674604644 -0.35400000000000026 120000
1695674686172 -0.35400000000000026 124000
1695674760843 -0.35400000000000026 128000
1695674835727 -0.35400000000000026 132000
1695674905840 -0.35400000000000026 136000
1695674983766 0.17449999999999977 140000
1695675057303 0.17449999999999977 144000
1695675130635 0.17449999999999977 148000
1695675200941 0.17449999999999977 152000
1695675272538 -0.04500000000000002 156000
1695675343460 -0.04500000000000002 160000
1695675413942 -0.04500000000000002 164000
1695675488716 -0.1560000000000001 168000
1695675564867 -0.1560000000000001 172000
1695675636414 -0.1560000000000001 176000
1695675707545 0.35959020427211486 180000
1695675779381 0.855 184000
1695675846258 1.1830500000000002 188000
1695675912884 0.30649999999999983 192000
1695675978995 0.8535 196000
1695676044648 0.855 200000
1695676110874 1.1830500000000002 204000
1695676191470 0.8490000000000002 208000
1695676270146 0.855 212000
1695676339746 1.3967836050000002 216000
1695676408413 1.3982836050000003 220000
1695676480454 0.8415000000000005 224000
1695676554931 1.4909346144425923 228000
1695676625380 1.4909346144425923 232000
1695676703857 1.4411932378161698 236000
1695676788088 -0.7299999999999925 240000
1695676877847 1.4909346144425923 244000
1695676966923 1.4909346144425923 248000
1695677042566 1.1830500000000002 252000
1695677114752 1.17705 256000
1695677195354 1.5081030335440548 260000
1695677276691 1.3982836050000003 264000
1695677358083 1.4909346144425923 268000
1695677439896 1.4909346144425923 272000
1695677527066 1.4909346144425923 276000
