1695672599889 -0.1450000000000001 16000
1695672672168 -0.1450000000000001 20000
1695672745114 -0.1450000000000001 24000
1695672809505 -0.18500000000000014 28000
1695672873854 -0.18500000000000014 32000
1695672940537 -0.18500000000000014 36000
1695673005076 -0.18500000000000014 40000
1695673074106 -0.18500000000000014 44000
1695673141051 -0.18500000000000014 48000
1695673218342 -0.22700000000000017 52000
1695673294590 -0.22700000000000017 56000
1695673372319 -0.22700000000000017 60000
1695673449533 -0.22700000000000017 64000
1695673533414 -0.22700000000000017 68000
1695673613641 -0.22700000000000017 72000
1695673696418 -0.22700000000000017 76000
1695673782427 -0.22700000000000017 80000
1695673860917 -0.22700000000000017 84000
1695673945871 -0.22700000000000017 88000
1695674026202 -0.22700000000000017 92000
1695674106654 -0.22700000000000017 96000
1695674188397 -0.22700000000000017 100000
1695674272785 -0.22700000000000017 104000
1695674360406 -0.22700000000000017 108000
1695674442779 -0.22700000000000017 112000
1695674524722 -0.22700000000000017 116000
1695674604643 -0.22700000000000017 120000
1695674686171 -0.22700000000000017 124000
1695674760842 -0.22700000000000017 128000
1695674835726 -0.22700000000000017 132000
1695674905840 -0.22700000000000017 136000
1695674983765 -0.22700000000000017 140000
1695675057303 -0.22700000000000017 144000
1695675130634 -0.19700000000000015 148000
1695675200940 -0.19700000000000015 152000
1695675272537 -0.19700000000000015 156000
1695675343459 -0.1420000000000001 160000
1695675413941 -0.1420000000000001 164000
1695675488715 -0.15500000000000055 168000
1695675564867 -0.15500000000000055 172000
1695675636414 -0.15500000000000055 176000
1695675707544 0.37975862337357735 180000
1695675779380 -0.12240979572788512 184000
1695675846257 0.8744531249999999 188000
1695675912883 -0.6380000000000005 192000
1695675978994 1.381640625 196000
1695676044647 1.4559843749999999 200000
1695676110873 1.482125 204000
1695676191469 1.475796875 208000
1695676270145 1.48353125 212000
1695676339745 1.4843437499999999 216000
1695676408412 1.4829375 220000
1695676480453 1.382703125 224000
1695676554930 1.4866406250000002 228000
1695676625380 1.4870468749999999 232000
1695676703856 1.0496249999999998 236000
1695676788087 1.368283605000003 240000
1695676877846 1.4803125000000001 244000
1695676966922 1.485640625 248000
1695677042565 1.485234375 252000
1695677114751 1.47890625 256000
1695677195354 1.459546875 260000
1695677276690 1.486046875 264000
1695677358082 1.486046875 268000
1695677439895 -0.2800000000000002 272000
1695677527066 1.485640625 276000
