1695672393928 32.90857142857143 4000
1695672462630 32.15510204081633 8000
1695672529139 32.87021276595745 12000
1695672599982 32.744554455445545 16000
1695672672260 32.30970873786407 20000
1695672745197 32.21826923076923 24000
1695672809583 32.163043478260875 28000
1695672873932 32.736263736263744 32000
1695672940618 32.69052631578947 36000
1695673005152 32.26086956521739 40000
1695673074187 32.01818181818182 44000
1695673141129 31.606315789473683 48000
1695673218424 35.44545454545455 52000
1695673294689 38.45045871559633 56000
1695673372414 37.56 60000
1695673449634 37.63909090909091 64000
1695673533533 39.42750000000001 68000
1695673613733 37.714035087719296 72000
1695673696521 38.51271186440678 76000
1695673782530 40.57049180327869 80000
1695673861019 38.191071428571426 84000
1695673945969 39.357024793388426 88000
1695674026306 38.704385964912284 92000
1695674106756 39.51130434782609 96000
1695674188499 39.0103448275862 100000
1695674272904 39.84214876033057 104000
1695674360509 44.929032258064524 108000
1695674442906 39.70508474576272 112000
1695674524824 39.43879310344828 116000
1695674604743 38.3640350877193 120000
1695674686273 40.42672413793103 124000
1695674760951 38.149532710280376 128000
1695674835815 37.699999999999996 132000
1695674905937 35.355 136000
1695674983854 38.208108108108114 140000
1695675057389 33.906666666666666 144000
1695675130736 36.145192307692305 148000
1695675201027 34.36899999999999 152000
1695675272619 35.39705882352941 156000
1695675343545 34.0980198019802 160000
1695675414019 34.943564356435644 164000
1695675488844 38.37735849056604 168000
1695675564952 35.420183486238535 172000
1695675636503 34.5343137254902 176000
1695675707629 34.301980198019805 180000
1695675779468 35.022549019607844 184000
1695675846332 32.577083333333334 188000
1695675912962 32.98085106382978 192000
1695675979081 32.43578947368422 196000
1695676044727 32.86021505376344 200000
1695676110955 32.35894736842105 204000
1695676191563 35.90526315789474 208000
1695676270228 39.83571428571429 212000
1695676339831 34.35151515151515 216000
1695676408496 34.26122448979592 220000
1695676480537 33.952427184466025 224000
1695676555023 34.20849056603774 228000
1695676625465 33.118 232000
1695676703947 42.00803571428571 236000
1695676788181 44.42166666666667 240000
1695676877966 47.89453125 244000
1695676967057 48.77007874015748 248000
1695677042653 36.507407407407406 252000
1695677114839 34.86372549019608 256000
1695677195450 40.88782608695652 260000
1695677276786 45.01982758620691 264000
1695677358175 44.14741379310345 268000
1695677440002 44.650000000000006 272000
1695677527153 48.88548387096774 276000
