1695672393929 8.468571428571426 4000
1695672462631 8.895918367346939 8000
1695672529139 9.156382978723402 12000
1695672599983 9.34158415841584 16000
1695672672261 9.488349514563104 20000
1695672745198 9.68557692307692 24000
1695672809584 9.815217391304348 28000
1695672873933 10.04065934065934 32000
1695672940619 10.16631578947368 36000
1695673005153 10.394565217391303 40000
1695673074188 10.547474747474748 44000
1695673141130 10.714736842105259 48000
1695673218424 11.296363636363631 52000
1695673294690 14.349541284403669 56000
1695673372415 16.314545454545456 60000
1695673449635 16.513636363636355 64000
1695673533534 16.86916666666667 68000
1695673613734 17.519298245614028 72000
1695673696522 17.758474576271183 76000
1695673782531 18.97213114754098 80000
1695673861020 19.272321428571434 84000
1695673945970 19.050413223140495 88000
1695674026307 19.19210526315789 92000
1695674106757 18.980869565217386 96000
1695674188499 19.795689655172406 100000
1695674272905 19.706611570247933 104000
1695674360510 22.29677419354838 108000
1695674442907 25.766101694915246 112000
1695674524825 25.517241379310338 116000
1695674604744 25.760526315789463 120000
1695674686274 27.164655172413788 124000
1695674760952 28.626168224299064 128000
1695674835816 29.21981132075472 132000
1695674905938 28.03199999999999 136000
1695674983855 29.01621621621622 140000
1695675057390 28.1 144000
1695675130736 29.43846153846154 148000
1695675201028 28.268 152000
1695675272620 28.640196078431384 156000
1695675343546 28.615841584158407 160000
1695675414020 26.112871287128712 164000
1695675488845 23.360377358490574 168000
1695675564952 29.124770642201835 172000
1695675636504 29.437254901960788 176000
1695675707630 27.770297029702967 180000
1695675779469 23.443137254901963 184000
1695675846333 23.955208333333335 188000
1695675912962 24.09255319148935 192000
1695675979081 24.27157894736843 196000
1695676044728 24.345161290322583 200000
1695676110956 24.5536842105263 204000
1695676191564 24.44210526315789 208000
1695676270229 27.78125 212000
1695676339832 31.223232323232327 216000
1695676408496 31.392857142857142 220000
1695676480538 31.62718446601942 224000
1695676555024 31.849056603773583 228000
1695676625466 27.988000000000003 232000
1695676703948 30.133928571428573 236000
1695676788182 33.13416666666667 240000
1695676877967 33.8484375 244000
1695676967058 34.32519685039371 248000
1695677042653 35.654629629629625 252000
1695677114840 35.84019607843136 256000
1695677195451 32.38260869565218 260000
1695677276787 35.49568965517242 264000
1695677358176 35.73189655172413 268000
1695677440003 35.98103448275863 272000
1695677527154 36.74274193548387 276000
