1695672393831 0.0 4000
1695672462539 0.0 8000
1695672529049 0.0 12000
1695672599854 0.0 16000
1695672672134 0.0 20000
1695672745081 0.0 24000
1695672809474 0.0 28000
1695672873823 0.0 32000
1695672940506 0.0 36000
1695673005043 0.0 40000
1695673074077 0.0 44000
1695673141019 0.0 48000
1695673218309 0.0 52000
1695673294552 0.0 56000
1695673372282 0.0 60000
1695673449496 0.0 64000
1695673533371 0.0 68000
1695673613606 0.0 72000
1695673696379 0.0 76000
1695673782388 0.0 80000
1695673860878 0.0 84000
1695673945833 0.0 88000
1695674026166 0.0 92000
1695674106615 0.0 96000
1695674188359 0.0 100000
1695674272747 0.0 104000
1695674360366 0.0 108000
1695674442734 0.0 112000
1695674524683 0.0 116000
1695674604604 0.0 120000
1695674686132 0.0 124000
1695674760797 0.0 128000
1695674835692 0.0 132000
1695674905805 0.0 136000
1695674983732 0.0 140000
1695675057269 0.0 144000
1695675130594 0.0 148000
1695675200905 0.0 152000
1695675272504 0.0 156000
1695675343428 0.0 160000
1695675413911 0.0 164000
1695675488672 0.0 168000
1695675564833 0.0 172000
1695675636381 0.0 176000
1695675707513 0.0 180000
1695675779347 0.0 184000
1695675846228 0.0 188000
1695675912853 0.0 192000
1695675978964 0.0 196000
1695676044618 0.0 200000
1695676110842 0.0 204000
1695676191434 0.0 208000
1695676270114 0.0 212000
1695676339713 0.0 216000
1695676408379 0.0 220000
1695676480422 0.0 224000
1695676554895 0.0 228000
1695676625348 0.0 232000
1695676703818 0.0 236000
1695676788049 0.0 240000
1695676877803 0.0 244000
1695676966875 0.0 248000
1695677042533 0.0 252000
1695677114716 0.0 256000
1695677195316 0.0 260000
1695677276655 0.0 264000
1695677358045 0.0 268000
1695677439857 0.0 272000
1695677527033 0.0 276000
