1695672393815 nan 4000
1695672462525 nan 8000
1695672529034 nan 12000
1695672599838 0.060999999999999666 16000
1695672672119 0.060999999999999666 20000
1695672745066 0.060999999999999666 24000
1695672809460 0.060999999999999666 28000
1695672873809 0.060999999999999666 32000
1695672940491 0.060999999999999666 36000
1695673005029 0.060999999999999666 40000
1695673074063 0.060999999999999666 44000
1695673141006 0.060999999999999666 48000
1695673218294 0.060999999999999666 52000
1695673294535 0.060999999999999666 56000
1695673372264 0.060999999999999666 60000
1695673449479 0.060999999999999666 64000
1695673533353 0.060999999999999666 68000
1695673613590 0.060999999999999666 72000
1695673696359 0.060999999999999666 76000
1695673782371 0.060999999999999666 80000
1695673860861 0.060999999999999666 84000
1695673945816 0.060999999999999666 88000
1695674026146 0.060999999999999666 92000
1695674106598 0.060999999999999666 96000
1695674188341 0.060999999999999666 100000
1695674272731 0.060999999999999666 104000
1695674360349 0.060999999999999666 108000
1695674442716 0.060999999999999666 112000
1695674524666 0.060999999999999666 116000
1695674604586 0.060999999999999666 120000
1695674686115 0.5040000000000064 124000
1695674760779 0.8400000000000128 128000
1695674835677 0.8400000000000128 132000
1695674905789 0.8400000000000128 136000
1695674983717 0.8400000000000128 140000
1695675057254 0.8400000000000128 144000
1695675130576 1.435193237816192 148000
1695675200890 1.435193237816192 152000
1695675272489 1.435193237816192 156000
1695675343413 1.677193237816196 160000
1695675413897 1.5771932378161946 164000
1695675488652 -0.31100000000000066 168000
1695675564819 -0.31100000000000066 172000
1695675636366 -0.31100000000000066 176000
1695675707499 1.5761619878162223 180000
1695675779332 1.7101932378161764 184000
1695675846214 2.669096875 188000
1695675912839 1.2446932378162354 192000
1695675978950 2.2351406249999997 196000
1695676044605 2.3444531250000002 200000
1695676110828 2.669096875 204000
1695676191419 2.33071875 208000
1695676270101 2.3444531250000002 212000
1695676339698 2.8862367300000003 216000
1695676408365 2.8877367300000003 220000
1695676480407 2.2242031250000025 224000
1695676554879 2.9803877394425924 228000
1695676625333 2.9803877394425924 232000
1695676703803 2.49081823781617 236000
1695676788029 0.6382836049999805 240000
1695676877784 2.9803877394425924 244000
1695676966856 2.9803877394425924 248000
1695677042519 2.6725031250000004 252000
1695677114701 2.65595625 256000
1695677195299 2.9682401128161704 260000
1695677276638 2.8877367300000003 264000
1695677358029 2.9803877394425924 268000
1695677439841 1.3596932378161868 272000
1695677527019 2.9803877394425924 276000
