1695672393817 0.0 4000
1695672462527 0.0 8000
1695672529037 0.0 12000
1695672599841 10.0 16000
1695672672121 2.0 20000
1695672745068 2.0 24000
1695672809463 7.0 28000
1695672873811 3.0 32000
1695672940493 3.0 36000
1695673005032 5.0 40000
1695673074065 2.0 44000
1695673141008 3.0 48000
1695673218296 6.0 52000
1695673294538 1.0 56000
1695673372267 4.0 60000
1695673449482 5.0 64000
1695673533356 2.0 68000
1695673613593 2.0 72000
1695673696364 3.0 76000
1695673782374 6.0 80000
1695673860863 1.0 84000
1695673945818 5.0 88000
1695674026149 4.0 92000
1695674106601 2.0 96000
1695674188344 5.0 100000
1695674272734 5.0 104000
1695674360352 4.0 108000
1695674442719 6.0 112000
1695674524669 4.0 116000
1695674604589 2.0 120000
1695674686118 5.0 124000
1695674760782 3.0 128000
1695674835679 7.0 132000
1695674905791 10.0 136000
1695674983720 8.0 140000
1695675057257 4.0 144000
1695675130579 9.0 148000
1695675200893 17.0 152000
1695675272491 24.0 156000
1695675343416 27.0 160000
1695675413899 25.0 164000
1695675488655 22.0 168000
1695675564821 32.0 172000
1695675636368 50.0 176000
1695675707501 80.0 180000
1695675779334 109.0 184000
1695675846217 143.0 188000
1695675912841 190.0 192000
1695675978952 217.0 196000
1695676044607 240.0 200000
1695676110830 239.0 204000
1695676191421 247.0 208000
1695676270103 253.0 212000
1695676339700 259.0 216000
1695676408367 261.0 220000
1695676480410 255.0 224000
1695676554882 234.0 228000
1695676625335 211.0 232000
1695676703805 233.0 236000
1695676788031 257.0 240000
1695676877787 267.0 244000
1695676966859 264.0 248000
1695677042521 266.0 252000
1695677114703 263.0 256000
1695677195302 234.0 260000
1695677276641 234.0 264000
1695677358032 239.0 268000
1695677439843 257.0 272000
1695677527021 265.0 276000
