1695672393816 nan 4000
1695672462526 nan 8000
1695672529035 nan 12000
1695672599839 0.7886419228885232 16000
1695672672119 0.8993930086571029 20000
1695672745067 1.0317814708358155 24000
1695672809461 1.1715378219445067 28000
1695672873810 1.2560753371444588 32000
1695672940492 1.3307354279598353 36000
1695673005030 1.3609866774033803 40000
1695673074064 1.3711752986041335 44000
1695673141006 1.3877160267834887 48000
1695673218294 1.3848233316138239 52000
1695673294536 1.38112393771351 56000
1695673372265 1.3945696973508959 60000
1695673449480 1.409134604700146 64000
1695673533354 1.4163276459043652 68000
1695673613591 1.424656263164429 72000
1695673696361 1.43858441398035 76000
1695673782372 1.4939638619805766 80000
1695673860862 1.4969448974408095 84000
1695673945817 1.5068857544113214 88000
1695674026147 1.5143558851168404 92000
1695674106599 1.5285227883911823 96000
1695674188342 1.5470626121517241 100000
1695674272732 1.5658800482690225 104000
1695674360350 1.6077664573254207 108000
1695674442717 1.6202117512840382 112000
1695674524667 1.6371435246265786 116000
1695674604587 1.6612187956329025 120000
1695674686116 1.7256329957084022 124000
1695674760780 1.7420558240928876 128000
1695674835678 1.7886770066705262 132000
1695674905790 1.8757236500986871 136000
1695674983718 1.9516818385132362 140000
1695675057255 1.9802578595195595 144000
1695675130577 2.0829837886044764 148000
1695675200891 2.2256285195817727 152000
1695675272490 2.444018481443398 156000
1695675343414 2.6752754819934483 160000
1695675413898 2.749395641187954 164000
1695675488653 2.761619532895937 168000
1695675564820 2.804758089359529 172000
1695675636367 2.84631322952893 176000
1695675707499 2.8830489076796577 180000
1695675779333 2.9411978769657177 184000
1695675846215 2.977144591973278 188000
1695675912840 2.9484770213227804 192000
1695675978951 2.9662900683298608 196000
1695676044606 2.982095104661973 200000
1695676110829 2.988094321606072 204000
1695676191420 2.98578873175679 208000
1695676270101 2.987483611106799 212000
1695676339699 2.995103545118102 216000
1695676408365 2.995892725220764 220000
1695676480408 2.993518726914899 224000
1695676554880 2.997719696141117 228000
1695676625334 2.9978229747335337 232000
1695676703804 2.995813760835456 236000
1695676788030 2.988709302970204 240000
1695676877785 2.9978209197468213 244000
1695676966857 2.9978012245486196 248000
1695677042519 2.9968099531794072 252000
1695677114702 2.996703497422768 256000
1695677195300 2.997814356040981 260000
1695677276639 2.9943392272799643 264000
1695677358030 2.9972243094100284 268000
1695677439841 2.991178667120228 272000
1695677527020 2.997690018091238 276000
