1695672393817 nan 4000
1695672462526 nan 8000
1695672529036 nan 12000
1695672599840 1280.0 16000
1695672672120 1144.0833333333333 20000
1695672745068 1096.5 24000
1695672809462 1117.5714285714287 28000
1695672873810 1099.9583333333333 32000
1695672940493 1085.962962962963 36000
1695673005031 1102.4375 40000
1695673074065 1112.8823529411766 44000
1695673141007 1122.5135135135135 48000
1695673218295 1128.2558139534883 52000
1695673294537 1131.7045454545455 56000
1695673372266 1134.6458333333333 60000
1695673449481 1132.566037735849 64000
1695673533355 1137.9272727272728 68000
1695673613592 1142.9122807017543 72000
1695673696362 1145.0833333333333 76000
1695673782373 1123.939393939394 80000
1695673860862 1126.2686567164178 84000
1695673945818 1136.9444444444443 88000
1695674026148 1144.4736842105262 92000
1695674106600 1135.871794871795 96000
1695674188343 1131.6265060240964 100000
1695674272733 1128.8522727272727 104000
1695674360351 1098.2173913043478 108000
1695674442718 1096.6836734693877 112000
1695674524668 1089.11 116000
1695674604588 1086.1 120000
1695674686117 1065.39 124000
1695674760781 1081.7 128000
1695674835678 1054.24 132000
1695674905791 993.48 136000
1695674983719 928.77 140000
1695675057256 919.92 144000
1695675130578 847.08 148000
1695675200892 732.58 152000
1695675272490 521.39 156000
1695675343415 303.22 160000
1695675413898 211.35 164000
1695675488654 161.83 168000
1695675564820 133.96 172000
1695675636368 128.56 176000
1695675707500 86.31 180000
1695675779333 40.06422018348624 184000
1695675846216 23.32867132867133 188000
1695675912840 33.310526315789474 192000
1695675978952 18.327188940092167 196000
1695676044606 16.879166666666666 200000
1695676110829 16.581589958158997 204000
1695676191421 16.263157894736842 208000
1695676270102 15.818181818181818 212000
1695676339699 15.436293436293436 216000
1695676408366 15.375478927203066 220000
1695676480409 15.686274509803921 224000
1695676554881 15.11965811965812 228000
1695676625335 15.075829383886257 232000
1695676703805 17.545064377682404 236000
1695676788030 20.07782101167315 240000
1695676877786 15.138576779026216 244000
1695676966858 15.102272727272727 248000
1695677042520 15.090225563909774 252000
1695677114702 15.098859315589353 256000
1695677195301 15.35897435897436 260000
1695677276640 15.2991452991453 264000
1695677358031 15.213389121338912 268000
1695677439842 20.252918287937742 272000
1695677527020 15.11320754716981 276000
