1695672393831 0.0 4000
1695672462540 0.0 8000
1695672529050 0.0 12000
1695672599855 10.0 16000
1695672672135 12.0 20000
1695672745081 14.0 24000
1695672809475 21.0 28000
1695672873824 24.0 32000
1695672940506 27.0 36000
1695673005044 32.0 40000
1695673074078 34.0 44000
1695673141020 37.0 48000
1695673218309 43.0 52000
1695673294553 44.0 56000
1695673372283 48.0 60000
1695673449497 53.0 64000
1695673533372 55.0 68000
1695673613607 57.0 72000
1695673696380 60.0 76000
1695673782389 66.0 80000
1695673860878 67.0 84000
1695673945834 72.0 88000
1695674026167 76.0 92000
1695674106616 78.0 96000
1695674188360 83.0 100000
1695674272748 88.0 104000
1695674360367 92.0 108000
1695674442735 98.0 112000
1695674524684 102.0 116000
1695674604604 104.0 120000
1695674686133 109.0 124000
1695674760798 112.0 128000
1695674835693 119.0 132000
1695674905806 129.0 136000
1695674983733 137.0 140000
1695675057270 141.0 144000
1695675130595 150.0 148000
1695675200906 167.0 152000
1695675272504 191.0 156000
1695675343428 218.0 160000
1695675413912 243.0 164000
1695675488673 265.0 168000
1695675564834 297.0 172000
1695675636381 347.0 176000
1695675707513 427.0 180000
1695675779348 536.0 184000
1695675846228 679.0 188000
1695675912854 869.0 192000
1695675978965 1086.0 196000
1695676044618 1326.0 200000
1695676110843 1565.0 204000
1695676191435 1812.0 208000
1695676270115 2065.0 212000
1695676339714 2324.0 216000
1695676408380 2585.0 220000
1695676480423 2840.0 224000
1695676554896 3074.0 228000
1695676625348 3285.0 232000
1695676703819 3518.0 236000
1695676788051 3775.0 240000
1695676877804 4042.0 244000
1695676966876 4306.0 248000
1695677042534 4572.0 252000
1695677114717 4835.0 256000
1695677195317 5069.0 260000
1695677276656 5303.0 264000
1695677358046 5542.0 268000
1695677439858 5799.0 272000
1695677527034 6064.0 276000
