1695672393814 nan 4000
1695672462524 nan 8000
1695672529034 nan 12000
1695672599838 1.5804346144425974 16000
1695672672118 1.5804346144425974 20000
1695672745065 2.119427612816176 24000
1695672809459 2.5371342835440576 28000
1695672873808 2.5371342835440576 32000
1695672940490 2.5371342835440576 36000
1695673005028 2.5371342835440576 40000
1695673074062 2.5371342835440576 44000
1695673141005 2.5371342835440576 48000
1695673218293 2.5371342835440576 52000
1695673294534 2.5371342835440576 56000
1695673372263 2.5371342835440576 60000
1695673449478 2.5371342835440576 64000
1695673533352 2.5371342835440576 68000
1695673613589 2.5371342835440576 72000
1695673696357 2.5371342835440576 76000
1695673782370 2.831208862816173 80000
1695673860859 2.831208862816173 84000
1695673945815 2.831208862816173 88000
1695674026145 2.831208862816173 92000
1695674106597 2.831208862816173 96000
1695674188340 2.831208862816173 100000
1695674272730 2.831208862816173 104000
1695674360348 2.9533026128161706 108000
1695674442715 2.9533026128161706 112000
1695674524665 2.9533026128161706 116000
1695674604585 2.9533026128161706 120000
1695674686114 2.9533026128161706 124000
1695674760778 2.9533026128161706 128000
1695674835676 2.9533026128161706 132000
1695674905788 2.9533026128161706 136000
1695674983716 2.9676619878161707 140000
1695675057254 2.9676619878161707 144000
1695675130575 2.9676619878161707 148000
1695675200890 2.9705682378161713 152000
1695675272488 2.9814901128152043 156000
1695675343413 2.9946300427729415 160000
1695675413896 2.9946300427729415 164000
1695675488650 2.9946300427729415 168000
1695675564818 2.9946300427729415 172000
1695675636365 2.9939276128152037 176000
1695675707498 2.996149908544055 180000
1695675779331 2.9968530335440553 184000
1695675846214 2.9975561585440547 188000
1695675912838 2.9981456677729414 192000
1695675978949 2.9981456677729414 196000
1695676044604 2.9981456677729414 200000
1695676110827 2.9981456677729414 204000
1695676191418 2.9981456677729414 208000
1695676270100 2.9981456677729414 212000
1695676339697 2.9981456677729414 216000
1695676408364 2.9981456677729414 220000
1695676480407 2.9981456677729414 224000
1695676554878 2.9981456677729414 228000
1695676625332 2.9981456677729414 232000
1695676703802 2.9981456677729414 236000
1695676788028 2.9981456677729414 240000
1695676877783 2.9981456677729414 244000
1695676966855 2.9981456677729414 248000
1695677042518 2.9981456677729414 252000
1695677114700 2.9981456677729414 256000
1695677195298 2.9981456677729414 260000
1695677276637 2.9981456677729414 264000
1695677358028 2.9981456677729414 268000
1695677439840 2.9981456677729414 272000
1695677527018 2.9981456677729414 276000
