1695672393837 1.0 4000
1695672462546 2.0 8000
1695672529055 3.0 12000
1695672599861 4.0 16000
1695672672140 5.0 20000
1695672745087 6.0 24000
1695672809480 7.0 28000
1695672873829 8.0 32000
1695672940511 9.0 36000
1695673005049 10.0 40000
1695673074082 11.0 44000
1695673141025 12.0 48000
1695673218315 13.0 52000
1695673294559 14.0 56000
1695673372289 15.0 60000
1695673449503 16.0 64000
1695673533379 17.0 68000
1695673613613 18.0 72000
1695673696386 19.0 76000
1695673782396 20.0 80000
1695673860885 21.0 84000
1695673945840 22.0 88000
1695674026172 23.0 92000
1695674106622 24.0 96000
1695674188366 25.0 100000
1695674272754 26.0 104000
1695674360373 27.0 108000
1695674442742 28.0 112000
1695674524691 29.0 116000
1695674604611 30.0 120000
1695674686139 31.0 124000
1695674760806 32.0 128000
1695674835698 33.0 132000
1695674905812 34.0 136000
1695674983738 35.0 140000
1695675057275 36.0 144000
1695675130601 37.0 148000
1695675200913 38.0 152000
1695675272510 39.0 156000
1695675343434 40.0 160000
1695675413917 41.0 164000
1695675488680 42.0 168000
1695675564840 43.0 172000
1695675636387 44.0 176000
1695675707519 45.0 180000
1695675779353 46.0 184000
1695675846233 47.0 188000
1695675912859 48.0 192000
1695675978970 49.0 196000
1695676044623 50.0 200000
1695676110848 51.0 204000
1695676191440 52.0 208000
1695676270120 53.0 212000
1695676339719 54.0 216000
1695676408385 55.0 220000
1695676480428 56.0 224000
1695676554901 57.0 228000
1695676625354 58.0 232000
1695676703824 59.0 236000
1695676788058 60.0 240000
1695676877811 61.0 244000
1695676966884 62.0 248000
1695677042539 63.0 252000
1695677114723 64.0 256000
1695677195323 65.0 260000
1695677276661 66.0 264000
1695677358051 67.0 268000
1695677439864 68.0 272000
1695677527039 69.0 276000
