1695672393825 4000.0 4000
1695672462534 4000.0 8000
1695672529043 4000.0 12000
1695672599848 4000.0 16000
1695672672128 4000.0 20000
1695672745075 4000.0 24000
1695672809469 4000.0 28000
1695672873818 4000.0 32000
1695672940500 4000.0 36000
1695673005038 4000.0 40000
1695673074072 4000.0 44000
1695673141014 4000.0 48000
1695673218303 4000.0 52000
1695673294546 4000.0 56000
1695673372276 4000.0 60000
1695673449490 4000.0 64000
1695673533364 4000.0 68000
1695673613600 4000.0 72000
1695673696373 4000.0 76000
1695673782382 4000.0 80000
1695673860871 4000.0 84000
1695673945827 4000.0 88000
1695674026158 4000.0 92000
1695674106609 4000.0 96000
1695674188353 4000.0 100000
1695674272741 4000.0 104000
1695674360360 4000.0 108000
1695674442727 4000.0 112000
1695674524677 4000.0 116000
1695674604597 4000.0 120000
1695674686126 4000.0 124000
1695674760790 4000.0 128000
1695674835687 4000.0 132000
1695674905799 4000.0 136000
1695674983727 4000.0 140000
1695675057264 4000.0 144000
1695675130587 4000.0 148000
1695675200900 4000.0 152000
1695675272498 4000.0 156000
1695675343422 4000.0 160000
1695675413906 4000.0 164000
1695675488664 4000.0 168000
1695675564828 4000.0 172000
1695675636375 4000.0 176000
1695675707507 4000.0 180000
1695675779341 4000.0 184000
1695675846223 4000.0 188000
1695675912848 4000.0 192000
1695675978959 4000.0 196000
1695676044613 4000.0 200000
1695676110837 4000.0 204000
1695676191429 4000.0 208000
1695676270109 4000.0 212000
1695676339707 4000.0 216000
1695676408374 4000.0 220000
1695676480416 4000.0 224000
1695676554889 4000.0 228000
1695676625342 4000.0 232000
1695676703813 4000.0 236000
1695676788039 4000.0 240000
1695676877796 4000.0 244000
1695676966868 4000.0 248000
1695677042528 4000.0 252000
1695677114710 4000.0 256000
1695677195310 4000.0 260000
1695677276649 4000.0 264000
1695677358039 4000.0 268000
1695677439851 4000.0 272000
1695677527028 4000.0 276000
