1695672393823 4000.0 4000
1695672462532 8000.0 8000
1695672529042 12000.0 12000
1695672599847 16000.0 16000
1695672672127 20000.0 20000
1695672745074 24000.0 24000
1695672809468 28000.0 28000
1695672873816 32000.0 32000
1695672940499 36000.0 36000
1695673005037 40000.0 40000
1695673074071 44000.0 44000
1695673141013 48000.0 48000
1695673218301 52000.0 52000
1695673294544 56000.0 56000
1695673372274 60000.0 60000
1695673449488 64000.0 64000
1695673533362 68000.0 68000
1695673613599 72000.0 72000
1695673696371 76000.0 76000
1695673782380 80000.0 80000
1695673860869 84000.0 84000
1695673945825 88000.0 88000
1695674026155 92000.0 92000
1695674106607 96000.0 96000
1695674188351 100000.0 100000
1695674272740 104000.0 104000
1695674360358 108000.0 108000
1695674442725 112000.0 112000
1695674524675 116000.0 116000
1695674604595 120000.0 120000
1695674686124 124000.0 124000
1695674760788 128000.0 128000
1695674835685 132000.0 132000
1695674905798 136000.0 136000
1695674983725 140000.0 140000
1695675057262 144000.0 144000
1695675130586 148000.0 148000
1695675200898 152000.0 152000
1695675272497 156000.0 156000
1695675343421 160000.0 160000
1695675413904 164000.0 164000
1695675488662 168000.0 168000
1695675564826 172000.0 172000
1695675636374 176000.0 176000
1695675707506 180000.0 180000
1695675779340 184000.0 184000
1695675846222 188000.0 188000
1695675912846 192000.0 192000
1695675978958 196000.0 196000
1695676044611 200000.0 200000
1695676110835 204000.0 204000
1695676191427 208000.0 208000
1695676270108 212000.0 212000
1695676339706 216000.0 216000
1695676408372 220000.0 220000
1695676480415 224000.0 224000
1695676554888 228000.0 228000
1695676625341 232000.0 232000
1695676703811 236000.0 236000
1695676788037 240000.0 240000
1695676877794 244000.0 244000
1695676966866 248000.0 248000
1695677042526 252000.0 252000
1695677114709 256000.0 256000
1695677195308 260000.0 260000
1695677276647 264000.0 264000
1695677358037 268000.0 268000
1695677439849 272000.0 272000
1695677527026 276000.0 276000
