1695672393821 0.0 4000
1695672462530 0.0 8000
1695672529040 0.0 12000
1695672599844 0.0 16000
1695672672124 0.0 20000
1695672745071 0.0 24000
1695672809466 0.0 28000
1695672873814 0.0 32000
1695672940497 0.0 36000
1695673005035 0.0 40000
1695673074069 0.0 44000
1695673141011 0.0 48000
1695673218299 0.0 52000
1695673294541 0.0 56000
1695673372271 0.0 60000
1695673449485 0.0 64000
1695673533360 0.0 68000
1695673613596 0.0 72000
1695673696368 0.0 76000
1695673782377 0.0 80000
1695673860867 0.0 84000
1695673945822 0.0 88000
1695674026152 0.0 92000
1695674106604 0.0 96000
1695674188348 0.0 100000
1695674272737 0.0 104000
1695674360355 0.0 108000
1695674442722 0.0 112000
1695674524673 0.0 116000
1695674604593 0.0 120000
1695674686121 0.0 124000
1695674760785 0.0 128000
1695674835683 0.0 132000
1695674905795 0.0 136000
1695674983723 0.0 140000
1695675057260 0.0 144000
1695675130583 0.0 148000
1695675200896 0.0 152000
1695675272494 0.0 156000
1695675343419 0.0 160000
1695675413902 0.0 164000
1695675488659 0.0 168000
1695675564824 0.0 172000
1695675636372 0.0 176000
1695675707504 0.0 180000
1695675779337 0.0 184000
1695675846220 0.0 188000
1695675912844 0.0 192000
1695675978955 0.0 196000
1695676044610 0.0 200000
1695676110833 0.0 204000
1695676191425 0.0 208000
1695676270106 0.0 212000
1695676339704 0.0 216000
1695676408370 0.0 220000
1695676480413 0.0 224000
1695676554885 0.0 228000
1695676625338 0.0 232000
1695676703808 0.0 236000
1695676788035 0.0 240000
1695676877791 0.0 244000
1695676966863 0.0 248000
1695677042524 0.0 252000
1695677114706 0.0 256000
1695677195306 0.0 260000
1695677276644 0.0 264000
1695677358035 0.0 268000
1695677439847 0.0 272000
1695677527024 0.0 276000
