1695672393826 4000.0 4000
1695672462535 4000.0 8000
1695672529044 4000.0 12000
1695672599849 4000.0 16000
1695672672129 4000.0 20000
1695672745076 4000.0 24000
1695672809470 4000.0 28000
1695672873819 4000.0 32000
1695672940501 4000.0 36000
1695673005039 4000.0 40000
1695673074073 4000.0 44000
1695673141015 4000.0 48000
1695673218304 4000.0 52000
1695673294547 4000.0 56000
1695673372277 4000.0 60000
1695673449490 4000.0 64000
1695673533365 4000.0 68000
1695673613601 4000.0 72000
1695673696374 4000.0 76000
1695673782383 4000.0 80000
1695673860872 4000.0 84000
1695673945827 4000.0 88000
1695674026159 4000.0 92000
1695674106610 4000.0 96000
1695674188354 4000.0 100000
1695674272742 4000.0 104000
1695674360361 4000.0 108000
1695674442728 4000.0 112000
1695674524678 4000.0 116000
1695674604598 4000.0 120000
1695674686127 4000.0 124000
1695674760791 4000.0 128000
1695674835687 4000.0 132000
1695674905800 4000.0 136000
1695674983728 4000.0 140000
1695675057265 4000.0 144000
1695675130588 4000.0 148000
1695675200900 4000.0 152000
1695675272499 4000.0 156000
1695675343423 4000.0 160000
1695675413906 4000.0 164000
1695675488665 4000.0 168000
1695675564829 4000.0 172000
1695675636376 4000.0 176000
1695675707508 4000.0 180000
1695675779342 4000.0 184000
1695675846224 4000.0 188000
1695675912849 4000.0 192000
1695675978960 4000.0 196000
1695676044614 4000.0 200000
1695676110838 4000.0 204000
1695676191429 4000.0 208000
1695676270110 4000.0 212000
1695676339708 4000.0 216000
1695676408374 4000.0 220000
1695676480417 4000.0 224000
1695676554890 4000.0 228000
1695676625343 4000.0 232000
1695676703813 4000.0 236000
1695676788040 4000.0 240000
1695676877797 4000.0 244000
1695676966869 4000.0 248000
1695677042529 4000.0 252000
1695677114711 4000.0 256000
1695677195311 4000.0 260000
1695677276649 4000.0 264000
1695677358040 4000.0 268000
1695677439852 4000.0 272000
1695677527029 4000.0 276000
