1695672393818 0.0 4000
1695672462528 0.0 8000
1695672529037 0.0 12000
1695672599842 0.0 16000
1695672672122 0.0 20000
1695672745069 0.0 24000
1695672809463 0.0 28000
1695672873812 0.0 32000
1695672940494 0.0 36000
1695673005033 0.0 40000
1695673074066 0.0 44000
1695673141009 0.0 48000
1695673218297 0.0 52000
1695673294539 0.0 56000
1695673372268 0.0 60000
1695673449483 0.0 64000
1695673533357 0.0 68000
1695673613594 0.0 72000
1695673696366 0.0 76000
1695673782374 0.0 80000
1695673860864 0.0 84000
1695673945819 0.0 88000
1695674026150 0.0 92000
1695674106602 0.0 96000
1695674188345 0.0 100000
1695674272734 0.0 104000
1695674360353 0.0 108000
1695674442720 0.0 112000
1695674524670 0.0 116000
1695674604589 0.0 120000
1695674686119 0.0 124000
1695674760783 0.0 128000
1695674835680 0.0 132000
1695674905792 0.0 136000
1695674983720 0.0 140000
1695675057258 0.0 144000
1695675130580 0.0 148000
1695675200893 0.0 152000
1695675272492 0.0 156000
1695675343416 0.0 160000
1695675413900 0.0 164000
1695675488656 0.0 168000
1695675564822 0.0 172000
1695675636369 0.0 176000
1695675707502 0.0 180000
1695675779335 0.0 184000
1695675846218 0.0 188000
1695675912842 0.0 192000
1695675978953 0.0 196000
1695676044608 0.0 200000
1695676110831 0.0 204000
1695676191422 0.0 208000
1695676270104 0.0 212000
1695676339701 0.0 216000
1695676408368 0.0 220000
1695676480410 0.0 224000
1695676554883 0.0 228000
1695676625336 0.0 232000
1695676703806 0.0 236000
1695676788032 0.0 240000
1695676877788 0.0 244000
1695676966860 0.0 248000
1695677042522 0.0 252000
1695677114704 0.0 256000
1695677195303 0.0 260000
1695677276642 0.0 264000
1695677358032 0.0 268000
1695677439844 0.0 272000
1695677527022 0.0 276000
