1695672393829 4000.0 4000
1695672462538 4000.0 8000
1695672529048 4000.0 12000
1695672599853 4000.0 16000
1695672672132 4000.0 20000
1695672745079 4000.0 24000
1695672809473 4000.0 28000
1695672873822 4000.0 32000
1695672940504 4000.0 36000
1695673005042 4000.0 40000
1695673074076 4000.0 44000
1695673141018 4000.0 48000
1695673218307 4000.0 52000
1695673294550 4000.0 56000
1695673372280 4000.0 60000
1695673449494 4000.0 64000
1695673533369 4000.0 68000
1695673613605 4000.0 72000
1695673696377 4000.0 76000
1695673782386 4000.0 80000
1695673860876 4000.0 84000
1695673945831 4000.0 88000
1695674026164 4000.0 92000
1695674106613 4000.0 96000
1695674188357 4000.0 100000
1695674272746 4000.0 104000
1695674360364 4000.0 108000
1695674442732 4000.0 112000
1695674524682 4000.0 116000
1695674604602 4000.0 120000
1695674686130 4000.0 124000
1695674760794 4000.0 128000
1695674835691 4000.0 132000
1695674905804 4000.0 136000
1695674983731 4000.0 140000
1695675057268 4000.0 144000
1695675130592 4000.0 148000
1695675200904 4000.0 152000
1695675272502 4000.0 156000
1695675343426 4000.0 160000
1695675413909 4000.0 164000
1695675488670 4000.0 168000
1695675564832 4000.0 172000
1695675636379 4000.0 176000
1695675707511 4000.0 180000
1695675779345 4000.0 184000
1695675846226 4000.0 188000
1695675912852 4000.0 192000
1695675978963 4000.0 196000
1695676044616 4000.0 200000
1695676110841 4000.0 204000
1695676191433 4000.0 208000
1695676270113 4000.0 212000
1695676339711 4000.0 216000
1695676408377 4000.0 220000
1695676480420 4000.0 224000
1695676554893 4000.0 228000
1695676625346 4000.0 232000
1695676703816 4000.0 236000
1695676788046 4000.0 240000
1695676877801 4000.0 244000
1695676966873 4000.0 248000
1695677042532 4000.0 252000
1695677114715 4000.0 256000
1695677195314 4000.0 260000
1695677276653 4000.0 264000
1695677358043 4000.0 268000
1695677439855 4000.0 272000
1695677527032 4000.0 276000
