1695672393824 4000.0 4000
1695672462533 8000.0 8000
1695672529043 12000.0 12000
1695672599847 16000.0 16000
1695672672128 20000.0 20000
1695672745075 24000.0 24000
1695672809468 28000.0 28000
1695672873817 32000.0 32000
1695672940500 36000.0 36000
1695673005038 40000.0 40000
1695673074071 44000.0 44000
1695673141014 48000.0 48000
1695673218302 52000.0 52000
1695673294545 56000.0 56000
1695673372275 60000.0 60000
1695673449489 64000.0 64000
1695673533363 68000.0 68000
1695673613600 72000.0 72000
1695673696372 76000.0 76000
1695673782381 80000.0 80000
1695673860870 84000.0 84000
1695673945826 88000.0 88000
1695674026157 92000.0 92000
1695674106608 96000.0 96000
1695674188352 100000.0 100000
1695674272740 104000.0 104000
1695674360359 108000.0 108000
1695674442726 112000.0 112000
1695674524676 116000.0 116000
1695674604596 120000.0 120000
1695674686125 124000.0 124000
1695674760789 128000.0 128000
1695674835686 132000.0 132000
1695674905798 136000.0 136000
1695674983726 140000.0 140000
1695675057263 144000.0 144000
1695675130586 148000.0 148000
1695675200899 152000.0 152000
1695675272497 156000.0 156000
1695675343421 160000.0 160000
1695675413905 164000.0 164000
1695675488663 168000.0 168000
1695675564827 172000.0 172000
1695675636375 176000.0 176000
1695675707507 180000.0 180000
1695675779340 184000.0 184000
1695675846222 188000.0 188000
1695675912847 192000.0 192000
1695675978958 196000.0 196000
1695676044612 200000.0 200000
1695676110836 204000.0 204000
1695676191428 208000.0 208000
1695676270108 212000.0 212000
1695676339707 216000.0 216000
1695676408373 220000.0 220000
1695676480415 224000.0 224000
1695676554888 228000.0 228000
1695676625341 232000.0 232000
1695676703812 236000.0 236000
1695676788038 240000.0 240000
1695676877795 244000.0 244000
1695676966867 248000.0 248000
1695677042527 252000.0 252000
1695677114710 256000.0 256000
1695677195309 260000.0 260000
1695677276648 264000.0 264000
1695677358038 268000.0 268000
1695677439850 272000.0 272000
1695677527027 276000.0 276000
