1695672393819 10.0 4000
1695672462528 10.0 8000
1695672529038 10.0 12000
1695672599842 10.0 16000
1695672672123 10.0 20000
1695672745070 10.0 24000
1695672809464 10.0 28000
1695672873813 10.0 32000
1695672940495 10.0 36000
1695673005033 10.0 40000
1695673074067 10.0 44000
1695673141009 10.0 48000
1695673218297 10.0 52000
1695673294540 10.0 56000
1695673372269 10.0 60000
1695673449484 10.0 64000
1695673533358 10.0 68000
1695673613595 10.0 72000
1695673696367 10.0 76000
1695673782375 10.0 80000
1695673860865 10.0 84000
1695673945820 10.0 88000
1695674026150 10.0 92000
1695674106602 10.0 96000
1695674188346 10.0 100000
1695674272735 10.0 104000
1695674360353 10.0 108000
1695674442721 10.0 112000
1695674524671 10.0 116000
1695674604591 10.0 120000
1695674686120 10.0 124000
1695674760783 10.0 128000
1695674835681 10.0 132000
1695674905793 10.0 136000
1695674983721 10.0 140000
1695675057258 10.0 144000
1695675130581 10.0 148000
1695675200894 10.0 152000
1695675272493 10.0 156000
1695675343417 10.0 160000
1695675413901 10.0 164000
1695675488657 10.0 168000
1695675564823 10.0 172000
1695675636370 10.0 176000
1695675707502 10.0 180000
1695675779336 10.0 184000
1695675846218 10.0 188000
1695675912843 10.0 192000
1695675978954 10.0 196000
1695676044608 10.0 200000
1695676110832 10.0 204000
1695676191423 10.0 208000
1695676270104 10.0 212000
1695676339702 10.0 216000
1695676408368 10.0 220000
1695676480411 10.0 224000
1695676554883 10.0 228000
1695676625337 10.0 232000
1695676703807 10.0 236000
1695676788033 10.0 240000
1695676877789 10.0 244000
1695676966861 10.0 248000
1695677042522 10.0 252000
1695677114705 10.0 256000
1695677195304 10.0 260000
1695677276643 10.0 264000
1695677358033 10.0 268000
1695677439845 10.0 272000
1695677527023 10.0 276000
