1695672393826 54.74517529072089 4000
1695672462535 58.459809946911214 8000
1695672529045 60.386001340971646 12000
1695672599850 56.718570663361845 16000
1695672672130 55.685424583366235 20000
1695672745077 55.15924738531618 24000
1695672809470 62.51158547169423 28000
1695672873819 62.549820503116806 32000
1695672940502 60.348768948265004 36000
1695673005040 62.37240996855388 40000
1695673074074 58.30739046407678 44000
1695673141016 60.12273904348322 48000
1695673218305 52.0350919248684 52000
1695673294548 52.782255881678005 56000
1695673372278 51.800729749479125 60000
1695673449491 52.14446016953006 64000
1695673533366 47.99828280679587 68000
1695673613602 50.19669313637231 72000
1695673696375 48.62705338835073 76000
1695673782384 46.796134957345 80000
1695673860873 51.33900511925637 84000
1695673945828 47.383149234361625 88000
1695674026161 50.12136491616426 92000
1695674106611 50.066343093502546 96000
1695674188355 49.27354817148046 100000
1695674272743 47.70881446578377 104000
1695674360362 45.96325077611129 108000
1695674442729 48.90291310759994 112000
1695674524679 49.19907606867195 116000
1695674604599 50.40098912642926 120000
1695674686128 49.44131211456747 124000
1695674760791 53.97465121522409 128000
1695674835688 53.81914460875224 132000
1695674905801 57.46962928308504 136000
1695674983728 51.678464546716455 140000
1695675057266 54.76495989407026 144000
1695675130589 54.94747875346203 148000
1695675200901 57.33029710721886 152000
1695675272500 56.248402433674805 156000
1695675343424 56.77853008765799 160000
1695675413907 57.16856769839706 164000
1695675488666 53.9065053393004 168000
1695675564829 52.990192004015945 172000
1695675636377 56.305797443385906 176000
1695675707509 56.63581908119864 180000
1695675779343 56.06474763062991 184000
1695675846224 60.25739673188014 188000
1695675912850 60.46546179585638 192000
1695675978960 60.94479283289164 196000
1695676044614 61.393502216168216 200000
1695676110839 60.90362242183097 204000
1695676191430 49.953057771395216 208000
1695676270110 51.1921407378415 212000
1695676339709 57.91259242107864 216000
1695676408375 58.70174064917488 220000
1695676480418 55.9272050177601 224000
1695676554891 54.105243880318405 228000
1695676625344 57.224101369254804 232000
1695676703814 51.32896983251683 236000
1695676788042 47.82807488898069 240000
1695676877798 44.91579984867021 244000
1695676966870 45.29681884539612 248000
1695677042529 53.346237930684325 252000
1695677114712 55.84655748552816 256000
1695677195312 49.99511259888569 260000
1695677276650 49.550609344590626 264000
1695677358041 49.51354797567143 268000
1695677439853 49.26511935327973 272000
1695677527029 46.209736924774575 276000
