1695672393820 0.0 4000
1695672462529 0.0 8000
1695672529039 0.0 12000
1695672599843 0.0 16000
1695672672123 0.0 20000
1695672745071 0.0 24000
1695672809465 0.0 28000
1695672873813 0.0 32000
1695672940496 0.0 36000
1695673005034 0.0 40000
1695673074068 0.0 44000
1695673141010 0.0 48000
1695673218298 0.0 52000
1695673294541 0.0 56000
1695673372270 0.0 60000
1695673449484 0.0 64000
1695673533359 0.0 68000
1695673613595 0.0 72000
1695673696368 0.0 76000
1695673782376 0.0 80000
1695673860866 0.0 84000
1695673945821 0.0 88000
1695674026151 0.0 92000
1695674106603 0.0 96000
1695674188347 0.0 100000
1695674272736 0.0 104000
1695674360354 0.0 108000
1695674442721 0.0 112000
1695674524672 0.0 116000
1695674604592 0.0 120000
1695674686120 0.0 124000
1695674760784 0.0 128000
1695674835682 0.0 132000
1695674905794 0.0 136000
1695674983722 0.0 140000
1695675057259 0.0 144000
1695675130582 0.0 148000
1695675200895 0.0 152000
1695675272494 0.0 156000
1695675343418 0.0 160000
1695675413901 0.0 164000
1695675488658 0.0 168000
1695675564823 0.0 172000
1695675636371 0.0 176000
1695675707503 0.0 180000
1695675779336 0.0 184000
1695675846219 0.0 188000
1695675912843 0.0 192000
1695675978955 0.0 196000
1695676044609 0.0 200000
1695676110833 0.0 204000
1695676191424 0.0 208000
1695676270105 0.0 212000
1695676339703 0.0 216000
1695676408369 0.0 220000
1695676480412 0.0 224000
1695676554884 0.0 228000
1695676625338 0.0 232000
1695676703808 0.0 236000
1695676788034 0.0 240000
1695676877790 0.0 244000
1695676966862 0.0 248000
1695677042523 0.0 252000
1695677114706 0.0 256000
1695677195305 0.0 260000
1695677276644 0.0 264000
1695677358034 0.0 268000
1695677439846 0.0 272000
1695677527023 0.0 276000
