1695672393835 379.0 4000
1695672462544 379.0 8000
1695672529054 379.0 12000
1695672599859 379.0 16000
1695672672139 379.0 20000
1695672745085 379.0 24000
1695672809478 379.0 28000
1695672873828 379.0 32000
1695672940510 379.0 36000
1695673005048 379.0 40000
1695673074081 379.0 44000
1695673141024 379.0 48000
1695673218313 379.0 52000
1695673294557 379.0 56000
1695673372287 379.0 60000
1695673449501 379.0 64000
1695673533377 379.0 68000
1695673613611 379.0 72000
1695673696384 379.0 76000
1695673782394 379.0 80000
1695673860883 379.0 84000
1695673945838 379.0 88000
1695674026171 379.0 92000
1695674106620 379.0 96000
1695674188364 379.0 100000
1695674272753 379.0 104000
1695674360372 379.0 108000
1695674442740 379.0 112000
1695674524689 379.0 116000
1695674604609 379.0 120000
1695674686137 379.0 124000
1695674760803 379.0 128000
1695674835697 379.0 132000
1695674905810 379.0 136000
1695674983737 379.0 140000
1695675057274 379.0 144000
1695675130600 379.0 148000
1695675200911 379.0 152000
1695675272508 379.0 156000
1695675343432 379.0 160000
1695675413915 379.0 164000
1695675488678 379.0 168000
1695675564838 379.0 172000
1695675636385 379.0 176000
1695675707517 379.0 180000
1695675779351 379.0 184000
1695675846232 379.0 188000
1695675912857 379.0 192000
1695675978969 379.0 196000
1695676044622 379.0 200000
1695676110846 379.0 204000
1695676191439 379.0 208000
1695676270119 379.0 212000
1695676339718 379.0 216000
1695676408384 379.0 220000
1695676480426 379.0 224000
1695676554900 379.0 228000
1695676625352 379.0 232000
1695676703823 379.0 236000
1695676788057 379.0 240000
1695676877809 379.0 244000
1695676966882 379.0 248000
1695677042538 379.0 252000
1695677114721 379.0 256000
1695677195321 379.0 260000
1695677276660 379.0 264000
1695677358050 379.0 268000
1695677439862 379.0 272000
1695677527038 379.0 276000
