1695672393834 73.07255744934082 4000
1695672462542 68.42900514602661 8000
1695672529052 66.246915102005 12000
1695672599858 70.53332495689392 16000
1695672672137 71.84044146537781 20000
1695672745084 72.52520751953125 24000
1695672809477 63.99687886238098 28000
1695672873826 63.95735216140747 32000
1695672940508 66.29022717475891 36000
1695673005046 64.1401162147522 40000
1695673074080 68.61080765724182 44000
1695673141022 66.54090785980225 48000
1695673218312 76.8815655708313 52000
1695673294556 75.79616379737854 56000
1695673372286 77.23119306564331 60000
1695673449499 76.72423076629639 64000
1695673533375 83.35090565681458 68000
1695673613609 79.69893050193787 72000
1695673696383 82.27245855331421 76000
1695673782392 85.49195170402527 80000
1695673860881 77.9281997680664 84000
1695673945836 84.43321442604065 88000
1695674026169 79.82158041000366 92000
1695674106618 79.90983653068542 96000
1695674188363 81.19801735877991 100000
1695674272751 83.85833525657654 104000
1695674360370 87.04523873329163 108000
1695674442738 81.81442403793335 112000
1695674524687 81.32041883468628 116000
1695674604607 79.38099837303162 120000
1695674686136 80.92239665985107 124000
1695674760800 74.12510681152344 128000
1695674835695 74.33833050727844 132000
1695674905809 69.61822748184204 136000
1695674983735 77.41849994659424 140000
1695675057272 73.0569281578064 144000
1695675130597 72.81529784202576 148000
1695675200908 69.78803324699402 152000
1695675272507 71.12902450561523 156000
1695675343431 70.46573853492737 160000
1695675413914 69.98358297348022 164000
1695675488676 74.22602868080139 168000
1695675564836 75.50110006332397 172000
1695675636384 71.05900192260742 176000
1695675707516 70.64396572113037 180000
1695675779350 71.36635828018188 184000
1695675846230 66.40426111221313 188000
1695675912856 66.18088436126709 192000
1695675978967 65.66261124610901 196000
1695676044620 65.18566346168518 200000
1695676110845 65.71819806098938 204000
1695676191437 80.11165165901184 208000
1695676270117 78.17146468162537 212000
1695676339716 69.10794305801392 216000
1695676408382 68.1793794631958 220000
1695676480425 71.56046390533447 224000
1695676554898 73.96707677841187 228000
1695676625351 69.93150568008423 232000
1695676703821 77.9655966758728 236000
1695676788055 83.67552018165588 240000
1695676877807 89.11009168624878 244000
1695676966879 88.37274360656738 248000
1695677042536 75.01914596557617 252000
1695677114719 71.66541481018066 256000
1695677195319 80.04931592941284 260000
1695677276658 80.76334762573242 264000
1695677358048 80.82249236106873 268000
1695677439861 81.23530745506287 272000
1695677527036 86.59977722167969 276000
