1695672393836 73.07255744934082 4000
1695672462545 141.50156259536743 8000
1695672529054 207.74847769737244 12000
1695672599860 278.28180265426636 16000
1695672672140 350.12224411964417 20000
1695672745086 422.6474516391754 24000
1695672809479 486.6443305015564 28000
1695672873828 550.6016826629639 32000
1695672940511 616.8919098377228 36000
1695673005048 681.032026052475 40000
1695673074082 749.6428337097168 44000
1695673141025 816.183741569519 48000
1695673218314 893.0653071403503 52000
1695673294558 968.8614709377289 56000
1695673372288 1046.0926640033722 60000
1695673449502 1122.8168947696686 64000
1695673533378 1206.1678004264832 68000
1695673613612 1285.866730928421 72000
1695673696385 1368.1391894817352 76000
1695673782395 1453.6311411857605 80000
1695673860884 1531.559340953827 84000
1695673945839 1615.9925553798676 88000
1695674026172 1695.8141357898712 92000
1695674106621 1775.7239723205566 96000
1695674188365 1856.9219896793365 100000
1695674272753 1940.780324935913 104000
1695674360372 2027.8255636692047 108000
1695674442741 2109.639987707138 112000
1695674524690 2190.9604065418243 116000
1695674604610 2270.341404914856 120000
1695674686138 2351.263801574707 124000
1695674760804 2425.3889083862305 128000
1695674835698 2499.727238893509 132000
1695674905811 2569.345466375351 136000
1695674983738 2646.763966321945 140000
1695675057275 2719.8208944797516 144000
1695675130601 2792.6361923217773 148000
1695675200912 2862.4242255687714 152000
1695675272509 2933.5532500743866 156000
1695675343433 3004.018988609314 160000
1695675413916 3074.002571582794 164000
1695675488679 3148.2286002635956 168000
1695675564839 3223.7297003269196 172000
1695675636386 3294.788702249527 176000
1695675707518 3365.4326679706573 180000
1695675779352 3436.7990262508392 184000
1695675846233 3503.2032873630524 188000
1695675912858 3569.3841717243195 192000
1695675978970 3635.0467829704285 196000
1695676044623 3700.2324464321136 200000
1695676110847 3765.950644493103 204000
1695676191440 3846.062296152115 208000
1695676270119 3924.2337608337402 212000
1695676339718 3993.341703891754 216000
1695676408384 4061.52108335495 220000
1695676480427 4133.081547260284 224000
1695676554900 4207.048624038696 228000
1695676625353 4276.9801297187805 232000
1695676703824 4354.945726394653 236000
1695676788058 4438.621246576309 240000
1695676877810 4527.731338262558 244000
1695676966883 4616.104081869125 248000
1695677042538 4691.1232278347015 252000
1695677114722 4762.788642644882 256000
1695677195322 4842.837958574295 260000
1695677276661 4923.6013062000275 264000
1695677358051 5004.423798561096 268000
1695677439863 5085.659106016159 272000
1695677527039 5172.258883237839 276000
