1695672393833 1695672393.0 4000
1695672462541 1695672462.0 8000
1695672529051 1695672528.0 12000
1695672599857 1695672599.0 16000
1695672672136 1695672671.0 20000
1695672745083 1695672744.0 24000
1695672809476 1695672809.0 28000
1695672873826 1695672873.0 32000
1695672940508 1695672940.0 36000
1695673005045 1695673004.0 40000
1695673074079 1695673073.0 44000
1695673141022 1695673140.0 48000
1695673218311 1695673218.0 52000
1695673294555 1695673294.0 56000
1695673372285 1695673372.0 60000
1695673449498 1695673449.0 64000
1695673533374 1695673533.0 68000
1695673613609 1695673613.0 72000
1695673696382 1695673696.0 76000
1695673782391 1695673782.0 80000
1695673860880 1695673860.0 84000
1695673945835 1695673945.0 88000
1695674026168 1695674025.0 92000
1695674106618 1695674106.0 96000
1695674188362 1695674188.0 100000
1695674272750 1695674272.0 104000
1695674360369 1695674360.0 108000
1695674442737 1695674442.0 112000
1695674524686 1695674524.0 116000
1695674604606 1695674604.0 120000
1695674686135 1695674685.0 124000
1695674760799 1695674760.0 128000
1695674835695 1695674835.0 132000
1695674905808 1695674905.0 136000
1695674983735 1695674983.0 140000
1695675057272 1695675057.0 144000
1695675130596 1695675130.0 148000
1695675200907 1695675200.0 152000
1695675272506 1695675272.0 156000
1695675343430 1695675343.0 160000
1695675413913 1695675413.0 164000
1695675488675 1695675488.0 168000
1695675564836 1695675564.0 172000
1695675636383 1695675636.0 176000
1695675707515 1695675707.0 180000
1695675779349 1695675779.0 184000
1695675846230 1695675846.0 188000
1695675912855 1695675912.0 192000
1695675978966 1695675978.0 196000
1695676044620 1695676044.0 200000
1695676110844 1695676110.0 204000
1695676191437 1695676191.0 208000
1695676270117 1695676269.0 212000
1695676339715 1695676339.0 216000
1695676408381 1695676408.0 220000
1695676480424 1695676480.0 224000
1695676554897 1695676554.0 228000
1695676625350 1695676625.0 232000
1695676703820 1695676703.0 236000
1695676788054 1695676787.0 240000
1695676877806 1695676877.0 244000
1695676966878 1695676966.0 248000
1695677042535 1695677042.0 252000
1695677114719 1695677114.0 256000
1695677195319 1695677195.0 260000
1695677276657 1695677276.0 264000
1695677358047 1695677357.0 268000
1695677439860 1695677439.0 272000
1695677527036 1695677526.0 276000
