1695672393828 4000.0 4000
1695672462537 8000.0 8000
1695672529047 12000.0 12000
1695672599852 16000.0 16000
1695672672132 20000.0 20000
1695672745078 24000.0 24000
1695672809472 28000.0 28000
1695672873821 32000.0 32000
1695672940503 36000.0 36000
1695673005041 40000.0 40000
1695673074075 44000.0 44000
1695673141017 48000.0 48000
1695673218306 52000.0 52000
1695673294549 56000.0 56000
1695673372279 60000.0 60000
1695673449493 64000.0 64000
1695673533368 68000.0 68000
1695673613604 72000.0 72000
1695673696376 76000.0 76000
1695673782386 80000.0 80000
1695673860875 84000.0 84000
1695673945830 88000.0 88000
1695674026163 92000.0 92000
1695674106612 96000.0 96000
1695674188356 100000.0 100000
1695674272745 104000.0 104000
1695674360363 108000.0 108000
1695674442731 112000.0 112000
1695674524681 116000.0 116000
1695674604601 120000.0 120000
1695674686129 124000.0 124000
1695674760793 128000.0 128000
1695674835690 132000.0 132000
1695674905803 136000.0 136000
1695674983730 140000.0 140000
1695675057267 144000.0 144000
1695675130591 148000.0 148000
1695675200903 152000.0 152000
1695675272501 156000.0 156000
1695675343425 160000.0 160000
1695675413909 164000.0 164000
1695675488669 168000.0 168000
1695675564831 172000.0 172000
1695675636378 176000.0 176000
1695675707510 180000.0 180000
1695675779344 184000.0 184000
1695675846226 188000.0 188000
1695675912851 192000.0 192000
1695675978962 196000.0 196000
1695676044615 200000.0 200000
1695676110840 204000.0 204000
1695676191432 208000.0 208000
1695676270112 212000.0 212000
1695676339710 216000.0 216000
1695676408377 220000.0 220000
1695676480420 224000.0 224000
1695676554892 228000.0 228000
1695676625345 232000.0 232000
1695676703816 236000.0 236000
1695676788045 240000.0 240000
1695676877800 244000.0 244000
1695676966872 248000.0 248000
1695677042531 252000.0 252000
1695677114714 256000.0 256000
1695677195314 260000.0 260000
1695677276652 264000.0 264000
1695677358042 268000.0 268000
1695677439854 272000.0 272000
1695677527031 276000.0 276000
