1695672393832 1.0 4000
1695672462541 2.0 8000
1695672529051 3.0 12000
1695672599856 4.0 16000
1695672672136 5.0 20000
1695672745082 6.0 24000
1695672809476 7.0 28000
1695672873825 8.0 32000
1695672940507 9.0 36000
1695673005045 10.0 40000
1695673074078 11.0 44000
1695673141021 12.0 48000
1695673218310 13.0 52000
1695673294554 14.0 56000
1695673372284 15.0 60000
1695673449497 16.0 64000
1695673533373 17.0 68000
1695673613608 18.0 72000
1695673696381 19.0 76000
1695673782390 20.0 80000
1695673860879 21.0 84000
1695673945834 22.0 88000
1695674026167 23.0 92000
1695674106617 24.0 96000
1695674188361 25.0 100000
1695674272749 26.0 104000
1695674360368 27.0 108000
1695674442736 28.0 112000
1695674524685 29.0 116000
1695674604605 30.0 120000
1695674686134 31.0 124000
1695674760798 32.0 128000
1695674835694 33.0 132000
1695674905807 34.0 136000
1695674983734 35.0 140000
1695675057271 36.0 144000
1695675130596 37.0 148000
1695675200907 38.0 152000
1695675272505 39.0 156000
1695675343429 40.0 160000
1695675413912 41.0 164000
1695675488674 42.0 168000
1695675564835 43.0 172000
1695675636382 44.0 176000
1695675707514 45.0 180000
1695675779348 46.0 184000
1695675846229 47.0 188000
1695675912854 48.0 192000
1695675978966 49.0 196000
1695676044619 50.0 200000
1695676110844 51.0 204000
1695676191436 52.0 208000
1695676270116 53.0 212000
1695676339714 54.0 216000
1695676408380 55.0 220000
1695676480423 56.0 224000
1695676554896 57.0 228000
1695676625349 58.0 232000
1695676703820 59.0 236000
1695676788052 60.0 240000
1695676877805 61.0 244000
1695676966877 62.0 248000
1695677042535 63.0 252000
1695677114718 64.0 256000
1695677195318 65.0 260000
1695677276657 66.0 264000
1695677358046 67.0 268000
1695677439859 68.0 272000
1695677527035 69.0 276000
