1695731491851 0.0 244000
1695731555226 0.0 248000
1695731626876 0.0 252000
1695731693869 0.0 256000
1695731770303 0.0 260000
1695731847731 0.0 264000
1695731929180 0.0 268000
1695732007412 0.0 272000
1695732085475 0.0 276000
1695732161496 0.0 280000
1695732229724 0.0 284000
1695732296152 0.0 288000
1695732365262 0.0 292000
1695732431614 0.0 296000
1695732499182 0.0 300000
1695732565065 0.0 304000
1695732635326 0.0 308000
1695732702948 0.0 312000
1695732772275 0.0 316000
1695732841467 0.0 320000
1695732910130 0.0 324000
1695732988593 0.0 328000
1695733057652 0.0 332000
1695733127110 0.0 336000
1695733197088 0.0 340000
1695733266801 0.0 344000
1695733337601 0.0 348000
1695733406154 0.0 352000
1695733474985 0.0 356000
1695733547047 0.0 360000
1695733617620 0.0 364000
1695733686106 0.0 368000
1695733756093 0.0 372000
1695733824332 0.0 376000
1695733894833 0.0 380000
1695733964164 0.0 384000
1695734035163 0.0 388000
1695734104143 0.0 392000
1695734175573 0.0 396000
1695734244617 0.0 400000
1695734315641 0.0 404000
1695734384549 0.0 408000
1695734453334 0.0 412000
1695734520622 0.0 416000
1695734588328 0.0 420000
1695734658277 0.0 424000
1695734727945 0.0 428000
1695734796836 0.0 432000
1695734870169 0.0 436000
1695734945704 0.0 440000
1695735017015 0.0 444000
1695735086312 0.0 448000
1695735161636 0.0 452000
1695735231876 0.0 456000
1695735305804 0.0 460000
1695735382058 0.0 464000
1695735453073 0.0 468000
1695735524304 0.0 472000
1695735599069 0.0 476000
1695735678574 0.0 480000
1695735759696 0.0 484000
1695735842260 0.0 488000
1695735925687 0.0 492000
1695736013363 0.0 496000
1695736097211 0.0 500000
1695736173537 0.0 504000
1695736248774 0.0 508000
1695736320501 0.0 512000
1695736388096 0.0 516000
1695736454233 0.0 520000
1695736520563 0.0 524000
1695736586991 0.0 528000
1695736651619 0.0 532000
1695736716058 0.0 536000
1695736779412 0.0 540000
1695736842124 0.0 544000
1695736905318 0.0 548000
1695736968391 0.0 552000
1695737032087 0.0 556000
1695737094000 0.0 560000
1695737157907 0.0 564000
1695737219572 0.0 568000
1695737281889 0.0 572000
1695737344567 0.0 576000
1695737411894 0.0 580000
1695737478186 0.0 584000
1695737541855 0.0 588000
1695737604294 0.0 592000
1695737666373 0.0 596000
1695737728582 0.0 600000
1695737791509 0.0 604000
1695737853468 0.0 608000
1695737916155 0.0 612000
1695737978526 0.0 616000
1695738041171 0.0 620000
1695738103418 0.0 624000
1695738167255 0.0 628000
1695738229929 0.0 632000
1695738292486 0.0 636000
1695738354970 0.0 640000
1695738417838 0.0 644000
1695738479790 0.0 648000
1695738542377 0.0 652000
1695738605814 0.0 656000
1695738668086 0.0 660000
1695738731640 0.0 664000
1695738794107 0.0 668000
1695738858450 0.0 672000
1695738921185 0.0 676000
1695738984377 0.0 680000
1695739046653 0.0 684000
1695739110026 0.0 688000
1695739171900 0.0 692000
1695739235429 0.0 696000
1695739297677 0.0 700000
1695739360485 0.0 704000
1695739423164 0.0 708000
1695739487961 0.0 712000
1695739550615 0.0 716000
1695739613241 0.0 720000
1695739675941 0.0 724000
1695739737733 0.0 728000
1695739800418 0.0 732000
1695739862649 0.0 736000
1695739925794 0.0 740000
1695739987638 0.0 744000
1695740051537 0.0 748000
1695740114353 0.0 752000
1695740177577 0.0 756000
1695740240049 0.0 760000
1695740301915 0.0 764000
1695740363494 0.0 768000
1695740425987 0.0 772000
1695740488815 0.0 776000
1695740550655 0.0 780000
1695740613358 0.0 784000
1695740675980 0.0 788000
1695740739739 0.0 792000
1695740801642 0.0 796000
1695740864908 0.0 800000
1695740927107 0.0 804000
1695740989361 0.0 808000
1695741052689 0.0 812000
1695741116342 0.0 816000
1695741179074 0.0 820000
1695741241980 0.0 824000
1695741305084 0.0 828000
1695741368412 0.0 832000
1695741432650 0.0 836000
1695741500677 0.0 840000
1695741566721 0.0 844000
1695741631665 0.0 848000
1695741707302 0.0 852000
1695741770142 0.0 856000
1695741834211 0.0 860000
1695741896177 0.0 864000
1695741958367 0.0 868000
1695742020609 0.0 872000
1695742083756 0.0 876000
1695742146425 0.0 880000
1695742211540 0.0 884000
1695742275784 0.0 888000
1695742341523 0.0 892000
1695742413508 0.0 896000
1695742481851 0.0 900000
1695742548174 0.0 904000
1695742610640 0.0 908000
1695742672752 0.0 912000
1695742735038 0.0 916000
1695742798339 0.0 920000
1695742861438 0.0 924000
1695742924022 0.0 928000
1695742986267 0.0 932000
1695743049571 0.0 936000
1695743111852 0.0 940000
1695743175823 0.0 944000
1695743237788 0.0 948000
1695743299692 0.0 952000
1695743361888 0.0 956000
1695743425188 0.0 960000
1695743487667 0.0 964000
1695743552051 0.0 968000
1695743614202 0.0 972000
1695743677393 0.0 976000
1695743740434 0.0 980000
1695743804709 0.0 984000
1695743866884 0.0 988000
1695743930010 0.0 992000
1695743991639 0.0 996000
1695744054980 0.0 1000000
