1695731491850 0.0 244000
1695731555225 0.0 248000
1695731626875 0.0 252000
1695731693868 0.0 256000
1695731770302 0.0 260000
1695731847731 0.0 264000
1695731929179 0.0 268000
1695732007411 0.0 272000
1695732085474 0.0 276000
1695732161495 0.0 280000
1695732229723 0.0 284000
1695732296151 0.0 288000
1695732365261 0.0 292000
1695732431613 0.0 296000
1695732499181 0.0 300000
1695732565064 0.0 304000
1695732635325 0.0 308000
1695732702947 0.0 312000
1695732772274 0.0 316000
1695732841466 0.0 320000
1695732910129 0.0 324000
1695732988592 0.0 328000
1695733057651 0.0 332000
1695733127109 0.0 336000
1695733197087 0.0 340000
1695733266800 0.0 344000
1695733337600 0.0 348000
1695733406153 0.0 352000
1695733474985 0.0 356000
1695733547046 0.0 360000
1695733617619 0.0 364000
1695733686105 0.0 368000
1695733756092 0.0 372000
1695733824331 0.0 376000
1695733894832 0.0 380000
1695733964163 0.0 384000
1695734035162 0.0 388000
1695734104142 0.0 392000
1695734175572 0.0 396000
1695734244617 0.0 400000
1695734315640 0.0 404000
1695734384548 0.0 408000
1695734453333 0.0 412000
1695734520622 0.0 416000
1695734588327 0.0 420000
1695734658276 0.0 424000
1695734727944 0.0 428000
1695734796835 0.0 432000
1695734870169 0.0 436000
1695734945703 0.0 440000
1695735017014 0.0 444000
1695735086311 0.0 448000
1695735161635 0.0 452000
1695735231875 0.0 456000
1695735305803 0.0 460000
1695735382057 0.0 464000
1695735453072 0.0 468000
1695735524303 0.0 472000
1695735599068 0.0 476000
1695735678573 0.0 480000
1695735759695 0.0 484000
1695735842259 0.0 488000
1695735925686 0.0 492000
1695736013362 0.0 496000
1695736097210 0.0 500000
1695736173536 0.0 504000
1695736248773 0.0 508000
1695736320500 0.0 512000
1695736388095 0.0 516000
1695736454232 0.0 520000
1695736520563 0.0 524000
1695736586990 0.0 528000
1695736651618 0.0 532000
1695736716057 0.0 536000
1695736779411 0.0 540000
1695736842124 0.0 544000
1695736905317 0.0 548000
1695736968390 0.0 552000
1695737032086 0.0 556000
1695737093999 0.0 560000
1695737157906 0.0 564000
1695737219571 0.0 568000
1695737281888 0.0 572000
1695737344566 0.0 576000
1695737411893 0.0 580000
1695737478186 0.0 584000
1695737541854 0.0 588000
1695737604293 0.0 592000
1695737666372 0.0 596000
1695737728581 0.0 600000
1695737791508 0.0 604000
1695737853468 0.0 608000
1695737916154 0.0 612000
1695737978525 0.0 616000
1695738041170 0.0 620000
1695738103418 0.0 624000
1695738167254 0.0 628000
1695738229928 0.0 632000
1695738292485 0.0 636000
1695738354969 0.0 640000
1695738417838 0.0 644000
1695738479789 0.0 648000
1695738542376 0.0 652000
1695738605814 0.0 656000
1695738668086 0.0 660000
1695738731639 0.0 664000
1695738794106 0.0 668000
1695738858449 0.0 672000
1695738921185 0.0 676000
1695738984377 0.0 680000
1695739046653 0.0 684000
1695739110025 0.0 688000
1695739171899 0.0 692000
1695739235428 0.0 696000
1695739297677 0.0 700000
1695739360484 0.0 704000
1695739423162 0.0 708000
1695739487961 0.0 712000
1695739550614 0.0 716000
1695739613241 0.0 720000
1695739675940 0.0 724000
1695739737732 0.0 728000
1695739800418 0.0 732000
1695739862648 0.0 736000
1695739925793 0.0 740000
1695739987637 0.0 744000
1695740051536 0.0 748000
1695740114352 0.0 752000
1695740177576 0.0 756000
1695740240048 0.0 760000
1695740301914 0.0 764000
1695740363493 0.0 768000
1695740425987 0.0 772000
1695740488814 0.0 776000
1695740550655 0.0 780000
1695740613357 0.0 784000
1695740675979 0.0 788000
1695740739738 0.0 792000
1695740801642 0.0 796000
1695740864907 0.0 800000
1695740927106 0.0 804000
1695740989360 0.0 808000
1695741052688 0.0 812000
1695741116341 0.0 816000
1695741179073 0.0 820000
1695741241979 0.0 824000
1695741305083 0.0 828000
1695741368412 0.0 832000
1695741432649 0.0 836000
1695741500677 0.0 840000
1695741566721 0.0 844000
1695741631664 0.0 848000
1695741707301 0.0 852000
1695741770141 0.0 856000
1695741834210 0.0 860000
1695741896176 0.0 864000
1695741958366 0.0 868000
1695742020608 0.0 872000
1695742083755 0.0 876000
1695742146424 0.0 880000
1695742211539 0.0 884000
1695742275784 0.0 888000
1695742341522 0.0 892000
1695742413506 0.0 896000
1695742481850 0.0 900000
1695742548173 0.0 904000
1695742610639 0.0 908000
1695742672751 0.0 912000
1695742735037 0.0 916000
1695742798338 0.0 920000
1695742861438 0.0 924000
1695742924022 0.0 928000
1695742986267 0.0 932000
1695743049570 0.0 936000
1695743111851 0.0 940000
1695743175822 0.0 944000
1695743237787 0.0 948000
1695743299691 0.0 952000
1695743361887 0.0 956000
1695743425187 0.0 960000
1695743487666 0.0 964000
1695743552050 0.0 968000
1695743614202 0.0 972000
1695743677392 0.0 976000
1695743740433 0.0 980000
1695743804708 0.0 984000
1695743866883 0.0 988000
1695743930009 0.0 992000
1695743991638 0.0 996000
1695744054979 0.0 1000000
