1695731491852 0.0 244000
1695731555227 0.0 248000
1695731626876 0.0 252000
1695731693870 0.0 256000
1695731770304 0.0 260000
1695731847732 0.0 264000
1695731929181 0.0 268000
1695732007413 0.0 272000
1695732085475 0.0 276000
1695732161496 0.0 280000
1695732229725 0.0 284000
1695732296153 0.0 288000
1695732365263 0.0 292000
1695732431614 0.0 296000
1695732499183 0.0 300000
1695732565066 0.0 304000
1695732635327 0.0 308000
1695732702949 0.0 312000
1695732772275 0.0 316000
1695732841468 0.0 320000
1695732910131 0.0 324000
1695732988594 0.0 328000
1695733057653 0.0 332000
1695733127111 0.0 336000
1695733197088 0.0 340000
1695733266802 0.0 344000
1695733337602 0.0 348000
1695733406154 0.0 352000
1695733474986 0.0 356000
1695733547047 0.0 360000
1695733617621 0.0 364000
1695733686107 0.0 368000
1695733756094 0.0 372000
1695733824333 0.0 376000
1695733894834 0.0 380000
1695733964165 0.0 384000
1695734035164 0.0 388000
1695734104144 0.0 392000
1695734175574 0.0 396000
1695734244618 0.0 400000
1695734315642 0.0 404000
1695734384550 0.0 408000
1695734453335 0.0 412000
1695734520623 0.0 416000
1695734588329 0.0 420000
1695734658277 0.0 424000
1695734727945 0.0 428000
1695734796836 0.0 432000
1695734870170 0.0 436000
1695734945704 0.0 440000
1695735017016 0.0 444000
1695735086312 0.0 448000
1695735161636 0.0 452000
1695735231876 0.0 456000
1695735305805 0.0 460000
1695735382059 0.0 464000
1695735453074 0.0 468000
1695735524305 0.0 472000
1695735599070 0.0 476000
1695735678575 0.0 480000
1695735759697 0.0 484000
1695735842261 0.0 488000
1695735925688 0.0 492000
1695736013364 0.0 496000
1695736097211 0.0 500000
1695736173538 0.0 504000
1695736248775 0.0 508000
1695736320502 0.0 512000
1695736388097 0.0 516000
1695736454234 0.0 520000
1695736520564 0.0 524000
1695736586992 0.0 528000
1695736651619 0.0 532000
1695736716059 0.0 536000
1695736779413 0.0 540000
1695736842125 0.0 544000
1695736905318 0.0 548000
1695736968392 0.0 552000
1695737032087 0.0 556000
1695737094001 0.0 560000
1695737157908 0.0 564000
1695737219572 0.0 568000
1695737281890 0.0 572000
1695737344568 0.0 576000
1695737411895 0.0 580000
1695737478187 0.0 584000
1695737541856 0.0 588000
1695737604295 0.0 592000
1695737666373 0.0 596000
1695737728582 0.0 600000
1695737791510 0.0 604000
1695737853469 0.0 608000
1695737916156 0.0 612000
1695737978526 0.0 616000
1695738041172 0.0 620000
1695738103419 0.0 624000
1695738167256 0.0 628000
1695738229930 0.0 632000
1695738292487 0.0 636000
1695738354971 0.0 640000
1695738417839 0.0 644000
1695738479791 0.0 648000
1695738542377 0.0 652000
1695738605815 0.0 656000
1695738668087 0.0 660000
1695738731640 0.0 664000
1695738794108 0.0 668000
1695738858451 0.0 672000
1695738921186 0.0 676000
1695738984378 0.0 680000
1695739046654 0.0 684000
1695739110027 0.0 688000
1695739171901 0.0 692000
1695739235429 0.0 696000
1695739297678 0.0 700000
1695739360486 0.0 704000
1695739423165 0.0 708000
1695739487962 0.0 712000
1695739550616 0.0 716000
1695739613242 0.0 720000
1695739675942 0.0 724000
1695739737733 0.0 728000
1695739800419 0.0 732000
1695739862650 0.0 736000
1695739925794 0.0 740000
1695739987639 0.0 744000
1695740051537 0.0 748000
1695740114353 0.0 752000
1695740177578 0.0 756000
1695740240049 0.0 760000
1695740301916 0.0 764000
1695740363495 0.0 768000
1695740425988 0.0 772000
1695740488816 0.0 776000
1695740550656 0.0 780000
1695740613359 0.0 784000
1695740675981 0.0 788000
1695740739739 0.0 792000
1695740801643 0.0 796000
1695740864909 0.0 800000
1695740927108 0.0 804000
1695740989361 0.0 808000
1695741052690 0.0 812000
1695741116343 0.0 816000
1695741179075 0.0 820000
1695741241980 0.0 824000
1695741305084 0.0 828000
1695741368413 0.0 832000
1695741432651 0.0 836000
1695741500678 0.0 840000
1695741566722 0.0 844000
1695741631665 0.0 848000
1695741707302 0.0 852000
1695741770142 0.0 856000
1695741834212 0.0 860000
1695741896178 0.0 864000
1695741958368 0.0 868000
1695742020610 0.0 872000
1695742083756 0.0 876000
1695742146426 0.0 880000
1695742211541 0.0 884000
1695742275785 0.0 888000
1695742341524 0.0 892000
1695742413509 0.0 896000
1695742481852 0.0 900000
1695742548174 0.0 904000
1695742610641 0.0 908000
1695742672753 0.0 912000
1695742735038 0.0 916000
1695742798340 0.0 920000
1695742861439 0.0 924000
1695742924023 0.0 928000
1695742986268 0.0 932000
1695743049572 0.0 936000
1695743111852 0.0 940000
1695743175823 0.0 944000
1695743237788 0.0 948000
1695743299693 0.0 952000
1695743361888 0.0 956000
1695743425188 0.0 960000
1695743487668 0.0 964000
1695743552051 0.0 968000
1695743614203 0.0 972000
1695743677394 0.0 976000
1695743740434 0.0 980000
1695743804710 0.0 984000
1695743866885 0.0 988000
1695743930011 0.0 992000
1695743991640 0.0 996000
1695744054981 0.0 1000000
