1695731491859 0.0 244000
1695731555234 0.0 248000
1695731626883 0.0 252000
1695731693879 0.0 256000
1695731770312 0.0 260000
1695731847740 0.0 264000
1695731929189 0.0 268000
1695732007421 0.0 272000
1695732085484 0.0 276000
1695732161504 0.0 280000
1695732229732 0.0 284000
1695732296161 0.0 288000
1695732365271 0.0 292000
1695732431621 0.0 296000
1695732499190 0.0 300000
1695732565073 0.0 304000
1695732635336 0.0 308000
1695732702957 0.0 312000
1695732772282 0.0 316000
1695732841475 0.0 320000
1695732910138 0.0 324000
1695732988601 0.0 328000
1695733057660 0.0 332000
1695733127117 0.0 336000
1695733197096 0.0 340000
1695733266810 0.0 344000
1695733337611 0.0 348000
1695733406162 0.0 352000
1695733474994 0.0 356000
1695733547056 0.0 360000
1695733617628 0.0 364000
1695733686114 0.0 368000
1695733756101 0.0 372000
1695733824340 0.0 376000
1695733894841 0.0 380000
1695733964172 0.0 384000
1695734035171 0.0 388000
1695734104152 0.0 392000
1695734175581 0.0 396000
1695734244625 0.0 400000
1695734315649 0.0 404000
1695734384557 0.0 408000
1695734453342 0.0 412000
1695734520630 0.0 416000
1695734588336 0.0 420000
1695734658285 0.0 424000
1695734727953 0.0 428000
1695734796843 0.0 432000
1695734870178 0.0 436000
1695734945713 0.0 440000
1695735017023 0.0 444000
1695735086320 0.0 448000
1695735161643 0.0 452000
1695735231884 0.0 456000
1695735305813 0.0 460000
1695735382067 0.0 464000
1695735453081 0.0 468000
1695735524312 0.0 472000
1695735599078 0.0 476000
1695735678583 0.0 480000
1695735759705 0.0 484000
1695735842270 0.0 488000
1695735925696 0.0 492000
1695736013372 0.0 496000
1695736097219 0.0 500000
1695736173546 0.0 504000
1695736248784 0.0 508000
1695736320511 0.0 512000
1695736388104 0.0 516000
1695736454240 0.0 520000
1695736520571 0.0 524000
1695736587000 0.0 528000
1695736651627 0.0 532000
1695736716066 0.0 536000
1695736779419 0.0 540000
1695736842132 0.0 544000
1695736905326 0.0 548000
1695736968399 0.0 552000
1695737032094 0.0 556000
1695737094007 0.0 560000
1695737157915 0.0 564000
1695737219579 0.0 568000
1695737281897 0.0 572000
1695737344575 0.0 576000
1695737411903 0.0 580000
1695737478193 0.0 584000
1695737541862 0.0 588000
1695737604301 0.0 592000
1695737666380 0.0 596000
1695737728590 0.0 600000
1695737791517 0.0 604000
1695737853476 0.0 608000
1695737916163 0.0 612000
1695737978534 0.0 616000
1695738041178 0.0 620000
1695738103427 0.0 624000
1695738167263 0.0 628000
1695738229936 0.0 632000
1695738292493 0.0 636000
1695738354978 0.0 640000
1695738417845 0.0 644000
1695738479798 0.0 648000
1695738542385 0.0 652000
1695738605821 0.0 656000
1695738668094 0.0 660000
1695738731647 0.0 664000
1695738794114 0.0 668000
1695738858458 0.0 672000
1695738921193 0.0 676000
1695738984387 0.0 680000
1695739046660 0.0 684000
1695739110033 0.0 688000
1695739171907 0.0 692000
1695739235436 0.0 696000
1695739297684 0.0 700000
1695739360492 0.0 704000
1695739423173 0.0 708000
1695739487969 0.0 712000
1695739550623 0.0 716000
1695739613249 0.0 720000
1695739675948 0.0 724000
1695739737740 0.0 728000
1695739800426 0.0 732000
1695739862657 0.0 736000
1695739925802 0.0 740000
1695739987646 0.0 744000
1695740051545 0.0 748000
1695740114360 0.0 752000
1695740177584 0.0 756000
1695740240056 0.0 760000
1695740301922 0.0 764000
1695740363501 0.0 768000
1695740425995 0.0 772000
1695740488823 0.0 776000
1695740550662 0.0 780000
1695740613365 0.0 784000
1695740675987 0.0 788000
1695740739746 0.0 792000
1695740801651 0.0 796000
1695740864915 0.0 800000
1695740927115 0.0 804000
1695740989368 0.0 808000
1695741052697 0.0 812000
1695741116349 0.0 816000
1695741179081 0.0 820000
1695741241987 0.0 824000
1695741305092 0.0 828000
1695741368419 0.0 832000
1695741432657 0.0 836000
1695741500685 0.0 840000
1695741566729 0.0 844000
1695741631673 0.0 848000
1695741707309 0.0 852000
1695741770149 0.0 856000
1695741834219 0.0 860000
1695741896187 0.0 864000
1695741958374 0.0 868000
1695742020616 0.0 872000
1695742083763 0.0 876000
1695742146433 0.0 880000
1695742211548 0.0 884000
1695742275792 0.0 888000
1695742341532 0.0 892000
1695742413518 0.0 896000
1695742481859 0.0 900000
1695742548181 0.0 904000
1695742610648 0.0 908000
1695742672759 0.0 912000
1695742735046 0.0 916000
1695742798347 0.0 920000
1695742861446 0.0 924000
1695742924030 0.0 928000
1695742986275 0.0 932000
1695743049579 0.0 936000
1695743111858 0.0 940000
1695743175830 0.0 944000
1695743237795 0.0 948000
1695743299700 0.0 952000
1695743361895 0.0 956000
1695743425195 0.0 960000
1695743487675 0.0 964000
1695743552057 0.0 968000
1695743614210 0.0 972000
1695743677400 0.0 976000
1695743740442 0.0 980000
1695743804717 0.0 984000
1695743866892 0.0 988000
1695743930017 0.0 992000
1695743991646 0.0 996000
1695744054987 0.0 1000000
