1695731491853 0.0 244000
1695731555228 0.0 248000
1695731626877 0.0 252000
1695731693871 0.0 256000
1695731770305 0.0 260000
1695731847733 0.0 264000
1695731929182 0.0 268000
1695732007414 0.0 272000
1695732085476 0.0 276000
1695732161497 0.0 280000
1695732229726 0.0 284000
1695732296154 0.0 288000
1695732365264 0.0 292000
1695732431615 0.0 296000
1695732499184 0.0 300000
1695732565066 0.0 304000
1695732635328 0.0 308000
1695732702950 0.0 312000
1695732772276 0.0 316000
1695732841468 0.0 320000
1695732910132 0.0 324000
1695732988595 0.0 328000
1695733057654 0.0 332000
1695733127111 0.0 336000
1695733197089 0.0 340000
1695733266803 0.0 344000
1695733337603 0.0 348000
1695733406155 0.0 352000
1695733474987 0.0 356000
1695733547048 0.0 360000
1695733617622 0.0 364000
1695733686108 0.0 368000
1695733756094 0.0 372000
1695733824334 0.0 376000
1695733894835 0.0 380000
1695733964166 0.0 384000
1695734035164 0.0 388000
1695734104145 0.0 392000
1695734175574 0.0 396000
1695734244619 0.0 400000
1695734315643 0.0 404000
1695734384551 0.0 408000
1695734453336 0.0 412000
1695734520624 0.0 416000
1695734588330 0.0 420000
1695734658278 0.0 424000
1695734727946 0.0 428000
1695734796837 0.0 432000
1695734870171 0.0 436000
1695734945705 0.0 440000
1695735017016 0.0 444000
1695735086313 0.0 448000
1695735161637 0.0 452000
1695735231877 0.0 456000
1695735305806 0.0 460000
1695735382060 0.0 464000
1695735453075 0.0 468000
1695735524306 0.0 472000
1695735599071 0.0 476000
1695735678576 0.0 480000
1695735759698 0.0 484000
1695735842262 0.0 488000
1695735925689 0.0 492000
1695736013365 0.0 496000
1695736097212 0.0 500000
1695736173539 0.0 504000
1695736248776 0.0 508000
1695736320503 0.0 512000
1695736388097 0.0 516000
1695736454234 0.0 520000
1695736520565 0.0 524000
1695736586992 0.0 528000
1695736651620 0.0 532000
1695736716060 0.0 536000
1695736779413 0.0 540000
1695736842126 0.0 544000
1695736905319 0.0 548000
1695736968393 0.0 552000
1695737032088 0.0 556000
1695737094001 0.0 560000
1695737157909 0.0 564000
1695737219573 0.0 568000
1695737281891 0.0 572000
1695737344569 0.0 576000
1695737411896 0.0 580000
1695737478188 0.0 584000
1695737541857 0.0 588000
1695737604296 0.0 592000
1695737666374 0.0 596000
1695737728583 0.0 600000
1695737791510 0.0 604000
1695737853470 0.0 608000
1695737916156 0.0 612000
1695737978527 0.0 616000
1695738041172 0.0 620000
1695738103420 0.0 624000
1695738167257 0.0 628000
1695738229930 0.0 632000
1695738292488 0.0 636000
1695738354972 0.0 640000
1695738417840 0.0 644000
1695738479791 0.0 648000
1695738542378 0.0 652000
1695738605816 0.0 656000
1695738668088 0.0 660000
1695738731641 0.0 664000
1695738794109 0.0 668000
1695738858452 0.0 672000
1695738921187 0.0 676000
1695738984379 0.0 680000
1695739046655 0.0 684000
1695739110028 0.0 688000
1695739171901 0.0 692000
1695739235430 0.0 696000
1695739297679 0.0 700000
1695739360486 0.0 704000
1695739423166 0.0 708000
1695739487963 0.0 712000
1695739550616 0.0 716000
1695739613243 0.0 720000
1695739675942 0.0 724000
1695739737734 0.0 728000
1695739800420 0.0 732000
1695739862650 0.0 736000
1695739925795 0.0 740000
1695739987639 0.0 744000
1695740051538 0.0 748000
1695740114354 0.0 752000
1695740177578 0.0 756000
1695740240050 0.0 760000
1695740301916 0.0 764000
1695740363495 0.0 768000
1695740425989 0.0 772000
1695740488817 0.0 776000
1695740550657 0.0 780000
1695740613360 0.0 784000
1695740675981 0.0 788000
1695740739740 0.0 792000
1695740801644 0.0 796000
1695740864909 0.0 800000
1695740927108 0.0 804000
1695740989362 0.0 808000
1695741052691 0.0 812000
1695741116343 0.0 816000
1695741179075 0.0 820000
1695741241981 0.0 824000
1695741305085 0.0 828000
1695741368414 0.0 832000
1695741432651 0.0 836000
1695741500679 0.0 840000
1695741566723 0.0 844000
1695741631666 0.0 848000
1695741707303 0.0 852000
1695741770143 0.0 856000
1695741834213 0.0 860000
1695741896179 0.0 864000
1695741958368 0.0 868000
1695742020610 0.0 872000
1695742083757 0.0 876000
1695742146427 0.0 880000
1695742211542 0.0 884000
1695742275786 0.0 888000
1695742341525 0.0 892000
1695742413510 0.0 896000
1695742481852 0.0 900000
1695742548175 0.0 904000
1695742610642 0.0 908000
1695742672753 0.0 912000
1695742735039 0.0 916000
1695742798341 0.0 920000
1695742861440 0.0 924000
1695742924024 0.0 928000
1695742986269 0.0 932000
1695743049573 0.0 936000
1695743111853 0.0 940000
1695743175824 0.0 944000
1695743237789 0.0 948000
1695743299693 0.0 952000
1695743361889 0.0 956000
1695743425189 0.0 960000
1695743487669 0.0 964000
1695743552052 0.0 968000
1695743614204 0.0 972000
1695743677395 0.0 976000
1695743740435 0.0 980000
1695743804710 0.0 984000
1695743866885 0.0 988000
1695743930011 0.0 992000
1695743991640 0.0 996000
1695744054981 0.0 1000000
