1695731491858 0.0 244000
1695731555233 0.0 248000
1695731626882 0.0 252000
1695731693878 0.0 256000
1695731770311 0.0 260000
1695731847738 0.0 264000
1695731929187 0.0 268000
1695732007419 0.0 272000
1695732085482 0.0 276000
1695732161502 0.0 280000
1695732229730 0.0 284000
1695732296159 0.0 288000
1695732365269 0.0 292000
1695732431619 0.0 296000
1695732499188 0.0 300000
1695732565071 0.0 304000
1695732635334 0.0 308000
1695732702955 0.0 312000
1695732772281 0.0 316000
1695732841473 0.0 320000
1695732910136 0.0 324000
1695732988600 0.0 328000
1695733057658 0.0 332000
1695733127116 0.0 336000
1695733197094 0.0 340000
1695733266808 0.0 344000
1695733337609 0.0 348000
1695733406160 0.0 352000
1695733474992 0.0 356000
1695733547054 0.0 360000
1695733617627 0.0 364000
1695733686113 0.0 368000
1695733756099 0.0 372000
1695733824338 0.0 376000
1695733894840 0.0 380000
1695733964171 0.0 384000
1695734035170 0.0 388000
1695734104150 0.0 392000
1695734175579 0.0 396000
1695734244624 0.0 400000
1695734315648 0.0 404000
1695734384556 0.0 408000
1695734453341 0.0 412000
1695734520628 0.0 416000
1695734588334 0.0 420000
1695734658283 0.0 424000
1695734727951 0.0 428000
1695734796842 0.0 432000
1695734870176 0.0 436000
1695734945711 0.0 440000
1695735017022 0.0 444000
1695735086318 0.0 448000
1695735161642 0.0 452000
1695735231882 0.0 456000
1695735305811 0.0 460000
1695735382065 0.0 464000
1695735453079 0.0 468000
1695735524310 0.0 472000
1695735599076 0.0 476000
1695735678581 0.0 480000
1695735759703 0.0 484000
1695735842268 0.0 488000
1695735925694 0.0 492000
1695736013370 0.0 496000
1695736097218 0.0 500000
1695736173544 0.0 504000
1695736248782 0.0 508000
1695736320509 0.0 512000
1695736388102 0.0 516000
1695736454239 0.0 520000
1695736520569 0.0 524000
1695736586998 0.0 528000
1695736651625 0.0 532000
1695736716064 0.0 536000
1695736779417 0.0 540000
1695736842131 0.0 544000
1695736905324 0.0 548000
1695736968397 0.0 552000
1695737032093 0.0 556000
1695737094005 0.0 560000
1695737157913 0.0 564000
1695737219578 0.0 568000
1695737281896 0.0 572000
1695737344574 0.0 576000
1695737411901 0.0 580000
1695737478192 0.0 584000
1695737541861 0.0 588000
1695737604300 0.0 592000
1695737666378 0.0 596000
1695737728588 0.0 600000
1695737791515 0.0 604000
1695737853475 0.0 608000
1695737916161 0.0 612000
1695737978532 0.0 616000
1695738041177 0.0 620000
1695738103425 0.0 624000
1695738167261 0.0 628000
1695738229934 0.0 632000
1695738292492 0.0 636000
1695738354976 0.0 640000
1695738417844 0.0 644000
1695738479796 0.0 648000
1695738542383 0.0 652000
1695738605820 0.0 656000
1695738668093 0.0 660000
1695738731645 0.0 664000
1695738794113 0.0 668000
1695738858456 0.0 672000
1695738921192 0.0 676000
1695738984385 0.0 680000
1695739046659 0.0 684000
1695739110032 0.0 688000
1695739171906 0.0 692000
1695739235434 0.0 696000
1695739297683 0.0 700000
1695739360491 0.0 704000
1695739423172 0.0 708000
1695739487967 0.0 712000
1695739550621 0.0 716000
1695739613247 0.0 720000
1695739675947 0.0 724000
1695739737738 0.0 728000
1695739800424 0.0 732000
1695739862655 0.0 736000
1695739925800 0.0 740000
1695739987644 0.0 744000
1695740051543 0.0 748000
1695740114358 0.0 752000
1695740177583 0.0 756000
1695740240054 0.0 760000
1695740301920 0.0 764000
1695740363499 0.0 768000
1695740425993 0.0 772000
1695740488822 0.0 776000
1695740550661 0.0 780000
1695740613364 0.0 784000
1695740675985 0.0 788000
1695740739745 0.0 792000
1695740801649 0.0 796000
1695740864914 0.0 800000
1695740927113 0.0 804000
1695740989366 0.0 808000
1695741052695 0.0 812000
1695741116348 0.0 816000
1695741179080 0.0 820000
1695741241986 0.0 824000
1695741305090 0.0 828000
1695741368418 0.0 832000
1695741432656 0.0 836000
1695741500684 0.0 840000
1695741566728 0.0 844000
1695741631671 0.0 848000
1695741707308 0.0 852000
1695741770148 0.0 856000
1695741834218 0.0 860000
1695741896185 0.0 864000
1695741958372 0.0 868000
1695742020615 0.0 872000
1695742083761 0.0 876000
1695742146431 0.0 880000
1695742211547 0.0 884000
1695742275790 0.0 888000
1695742341529 0.0 892000
1695742413516 0.0 896000
1695742481857 0.0 900000
1695742548179 0.0 904000
1695742610646 0.0 908000
1695742672758 0.0 912000
1695742735044 0.0 916000
1695742798346 0.0 920000
1695742861445 0.0 924000
1695742924029 0.0 928000
1695742986273 0.0 932000
1695743049577 0.0 936000
1695743111857 0.0 940000
1695743175829 0.0 944000
1695743237793 0.0 948000
1695743299698 0.0 952000
1695743361894 0.0 956000
1695743425193 0.0 960000
1695743487673 0.0 964000
1695743552056 0.0 968000
1695743614208 0.0 972000
1695743677399 0.0 976000
1695743740440 0.0 980000
1695743804715 0.0 984000
1695743866890 0.0 988000
1695743930015 0.0 992000
1695743991644 0.0 996000
1695744054986 0.0 1000000
