1695731491855 0.0 244000
1695731555229 0.0 248000
1695731626879 0.0 252000
1695731693874 0.0 256000
1695731770307 0.0 260000
1695731847735 0.0 264000
1695731929184 0.0 268000
1695732007416 0.0 272000
1695732085478 0.0 276000
1695732161499 0.0 280000
1695732229727 0.0 284000
1695732296156 0.0 288000
1695732365266 0.0 292000
1695732431616 0.0 296000
1695732499185 0.0 300000
1695732565068 0.0 304000
1695732635329 0.0 308000
1695732702952 0.0 312000
1695732772278 0.0 316000
1695732841470 0.0 320000
1695732910133 0.0 324000
1695732988596 0.0 328000
1695733057655 0.0 332000
1695733127113 0.0 336000
1695733197091 0.0 340000
1695733266805 0.0 344000
1695733337605 0.0 348000
1695733406157 0.0 352000
1695733474989 0.0 356000
1695733547050 0.0 360000
1695733617623 0.0 364000
1695733686109 0.0 368000
1695733756096 0.0 372000
1695733824335 0.0 376000
1695733894836 0.0 380000
1695733964167 0.0 384000
1695734035166 0.0 388000
1695734104147 0.0 392000
1695734175576 0.0 396000
1695734244620 0.0 400000
1695734315645 0.0 404000
1695734384552 0.0 408000
1695734453337 0.0 412000
1695734520625 0.0 416000
1695734588331 0.0 420000
1695734658280 0.0 424000
1695734727948 0.0 428000
1695734796839 0.0 432000
1695734870173 0.0 436000
1695734945707 0.0 440000
1695735017018 0.0 444000
1695735086315 0.0 448000
1695735161639 0.0 452000
1695735231879 0.0 456000
1695735305808 0.0 460000
1695735382062 0.0 464000
1695735453076 0.0 468000
1695735524307 0.0 472000
1695735599072 0.0 476000
1695735678578 0.0 480000
1695735759699 0.0 484000
1695735842264 0.0 488000
1695735925691 0.0 492000
1695736013367 0.0 496000
1695736097214 0.0 500000
1695736173541 0.0 504000
1695736248778 0.0 508000
1695736320505 0.0 512000
1695736388099 0.0 516000
1695736454236 0.0 520000
1695736520566 0.0 524000
1695736586995 0.0 528000
1695736651622 0.0 532000
1695736716061 0.0 536000
1695736779415 0.0 540000
1695736842127 0.0 544000
1695736905321 0.0 548000
1695736968394 0.0 552000
1695737032090 0.0 556000
1695737094003 0.0 560000
1695737157910 0.0 564000
1695737219575 0.0 568000
1695737281892 0.0 572000
1695737344570 0.0 576000
1695737411898 0.0 580000
1695737478189 0.0 584000
1695737541858 0.0 588000
1695737604297 0.0 592000
1695737666375 0.0 596000
1695737728585 0.0 600000
1695737791512 0.0 604000
1695737853472 0.0 608000
1695737916158 0.0 612000
1695737978529 0.0 616000
1695738041174 0.0 620000
1695738103421 0.0 624000
1695738167258 0.0 628000
1695738229932 0.0 632000
1695738292489 0.0 636000
1695738354973 0.0 640000
1695738417841 0.0 644000
1695738479793 0.0 648000
1695738542380 0.0 652000
1695738605817 0.0 656000
1695738668089 0.0 660000
1695738731643 0.0 664000
1695738794110 0.0 668000
1695738858453 0.0 672000
1695738921189 0.0 676000
1695738984380 0.0 680000
1695739046656 0.0 684000
1695739110029 0.0 688000
1695739171903 0.0 692000
1695739235431 0.0 696000
1695739297680 0.0 700000
1695739360488 0.0 704000
1695739423168 0.0 708000
1695739487964 0.0 712000
1695739550618 0.0 716000
1695739613244 0.0 720000
1695739675944 0.0 724000
1695739737735 0.0 728000
1695739800421 0.0 732000
1695739862652 0.0 736000
1695739925797 0.0 740000
1695739987641 0.0 744000
1695740051540 0.0 748000
1695740114356 0.0 752000
1695740177580 0.0 756000
1695740240052 0.0 760000
1695740301918 0.0 764000
1695740363497 0.0 768000
1695740425990 0.0 772000
1695740488818 0.0 776000
1695740550658 0.0 780000
1695740613361 0.0 784000
1695740675983 0.0 788000
1695740739742 0.0 792000
1695740801646 0.0 796000
1695740864911 0.0 800000
1695740927110 0.0 804000
1695740989363 0.0 808000
1695741052692 0.0 812000
1695741116345 0.0 816000
1695741179077 0.0 820000
1695741241983 0.0 824000
1695741305087 0.0 828000
1695741368415 0.0 832000
1695741432653 0.0 836000
1695741500680 0.0 840000
1695741566725 0.0 844000
1695741631668 0.0 848000
1695741707305 0.0 852000
1695741770145 0.0 856000
1695741834215 0.0 860000
1695741896180 0.0 864000
1695741958370 0.0 868000
1695742020612 0.0 872000
1695742083758 0.0 876000
1695742146428 0.0 880000
1695742211543 0.0 884000
1695742275787 0.0 888000
1695742341526 0.0 892000
1695742413512 0.0 896000
1695742481854 0.0 900000
1695742548176 0.0 904000
1695742610643 0.0 908000
1695742672755 0.0 912000
1695742735041 0.0 916000
1695742798342 0.0 920000
1695742861442 0.0 924000
1695742924026 0.0 928000
1695742986270 0.0 932000
1695743049574 0.0 936000
1695743111854 0.0 940000
1695743175826 0.0 944000
1695743237791 0.0 948000
1695743299695 0.0 952000
1695743361891 0.0 956000
1695743425191 0.0 960000
1695743487670 0.0 964000
1695743552053 0.0 968000
1695743614206 0.0 972000
1695743677396 0.0 976000
1695743740437 0.0 980000
1695743804712 0.0 984000
1695743866887 0.0 988000
1695743930013 0.0 992000
1695743991642 0.0 996000
1695744054983 0.0 1000000
