1695731491859 0.0 244000
1695731555233 0.0 248000
1695731626882 0.0 252000
1695731693879 0.0 256000
1695731770311 0.0 260000
1695731847739 0.0 264000
1695731929188 0.0 268000
1695732007420 0.0 272000
1695732085483 0.0 276000
1695732161503 0.0 280000
1695732229731 0.0 284000
1695732296160 0.0 288000
1695732365270 0.0 292000
1695732431620 0.0 296000
1695732499189 0.0 300000
1695732565072 0.0 304000
1695732635335 0.0 308000
1695732702956 0.0 312000
1695732772282 0.0 316000
1695732841474 0.0 320000
1695732910137 0.0 324000
1695732988600 0.0 328000
1695733057659 0.0 332000
1695733127116 0.0 336000
1695733197095 0.0 340000
1695733266809 0.0 344000
1695733337610 0.0 348000
1695733406161 0.0 352000
1695733474993 0.0 356000
1695733547055 0.0 360000
1695733617627 0.0 364000
1695733686114 0.0 368000
1695733756100 0.0 372000
1695733824339 0.0 376000
1695733894840 0.0 380000
1695733964172 0.0 384000
1695734035170 0.0 388000
1695734104151 0.0 392000
1695734175580 0.0 396000
1695734244624 0.0 400000
1695734315649 0.0 404000
1695734384557 0.0 408000
1695734453341 0.0 412000
1695734520629 0.0 416000
1695734588335 0.0 420000
1695734658284 0.0 424000
1695734727952 0.0 428000
1695734796843 0.0 432000
1695734870177 0.0 436000
1695734945712 0.0 440000
1695735017023 0.0 444000
1695735086319 0.0 448000
1695735161642 0.0 452000
1695735231883 0.0 456000
1695735305812 0.0 460000
1695735382066 0.0 464000
1695735453080 0.0 468000
1695735524311 0.0 472000
1695735599077 0.0 476000
1695735678582 0.0 480000
1695735759704 0.0 484000
1695735842269 0.0 488000
1695735925695 0.0 492000
1695736013371 0.0 496000
1695736097218 0.0 500000
1695736173545 0.0 504000
1695736248783 0.0 508000
1695736320510 0.0 512000
1695736388103 0.0 516000
1695736454239 0.0 520000
1695736520570 0.0 524000
1695736586999 0.0 528000
1695736651626 0.0 532000
1695736716065 0.0 536000
1695736779418 0.0 540000
1695736842131 0.0 544000
1695736905325 0.0 548000
1695736968398 0.0 552000
1695737032094 0.0 556000
1695737094006 0.0 560000
1695737157914 0.0 564000
1695737219579 0.0 568000
1695737281897 0.0 572000
1695737344574 0.0 576000
1695737411902 0.0 580000
1695737478193 0.0 584000
1695737541861 0.0 588000
1695737604301 0.0 592000
1695737666379 0.0 596000
1695737728589 0.0 600000
1695737791516 0.0 604000
1695737853475 0.0 608000
1695737916162 0.0 612000
1695737978533 0.0 616000
1695738041178 0.0 620000
1695738103426 0.0 624000
1695738167262 0.0 628000
1695738229935 0.0 632000
1695738292493 0.0 636000
1695738354977 0.0 640000
1695738417845 0.0 644000
1695738479797 0.0 648000
1695738542384 0.0 652000
1695738605821 0.0 656000
1695738668093 0.0 660000
1695738731646 0.0 664000
1695738794113 0.0 668000
1695738858457 0.0 672000
1695738921192 0.0 676000
1695738984386 0.0 680000
1695739046660 0.0 684000
1695739110033 0.0 688000
1695739171906 0.0 692000
1695739235435 0.0 696000
1695739297684 0.0 700000
1695739360491 0.0 704000
1695739423172 0.0 708000
1695739487968 0.0 712000
1695739550622 0.0 716000
1695739613248 0.0 720000
1695739675948 0.0 724000
1695739737739 0.0 728000
1695739800425 0.0 732000
1695739862656 0.0 736000
1695739925801 0.0 740000
1695739987645 0.0 744000
1695740051544 0.0 748000
1695740114359 0.0 752000
1695740177583 0.0 756000
1695740240055 0.0 760000
1695740301921 0.0 764000
1695740363500 0.0 768000
1695740425994 0.0 772000
1695740488822 0.0 776000
1695740550662 0.0 780000
1695740613365 0.0 784000
1695740675986 0.0 788000
1695740739745 0.0 792000
1695740801650 0.0 796000
1695740864914 0.0 800000
1695740927114 0.0 804000
1695740989367 0.0 808000
1695741052696 0.0 812000
1695741116348 0.0 816000
1695741179080 0.0 820000
1695741241986 0.0 824000
1695741305091 0.0 828000
1695741368419 0.0 832000
1695741432656 0.0 836000
1695741500684 0.0 840000
1695741566729 0.0 844000
1695741631672 0.0 848000
1695741707309 0.0 852000
1695741770149 0.0 856000
1695741834219 0.0 860000
1695741896186 0.0 864000
1695741958373 0.0 868000
1695742020616 0.0 872000
1695742083762 0.0 876000
1695742146432 0.0 880000
1695742211547 0.0 884000
1695742275791 0.0 888000
1695742341531 0.0 892000
1695742413517 0.0 896000
1695742481858 0.0 900000
1695742548180 0.0 904000
1695742610647 0.0 908000
1695742672758 0.0 912000
1695742735045 0.0 916000
1695742798346 0.0 920000
1695742861446 0.0 924000
1695742924029 0.0 928000
1695742986274 0.0 932000
1695743049578 0.0 936000
1695743111858 0.0 940000
1695743175830 0.0 944000
1695743237794 0.0 948000
1695743299699 0.0 952000
1695743361894 0.0 956000
1695743425194 0.0 960000
1695743487674 0.0 964000
1695743552057 0.0 968000
1695743614209 0.0 972000
1695743677399 0.0 976000
1695743740441 0.0 980000
1695743804716 0.0 984000
1695743866891 0.0 988000
1695743930016 0.0 992000
1695743991645 0.0 996000
1695744054986 0.0 1000000
