1695731491856 0.0 244000
1695731555230 0.0 248000
1695731626879 0.0 252000
1695731693875 0.0 256000
1695731770308 0.0 260000
1695731847736 0.0 264000
1695731929184 0.0 268000
1695732007417 0.0 272000
1695732085479 0.0 276000
1695732161500 0.0 280000
1695732229728 0.0 284000
1695732296157 0.0 288000
1695732365267 0.0 292000
1695732431617 0.0 296000
1695732499186 0.0 300000
1695732565069 0.0 304000
1695732635330 0.0 308000
1695732702952 0.0 312000
1695732772279 0.0 316000
1695732841471 0.0 320000
1695732910134 0.0 324000
1695732988597 0.0 328000
1695733057656 0.0 332000
1695733127113 0.0 336000
1695733197092 0.0 340000
1695733266806 0.0 344000
1695733337606 0.0 348000
1695733406158 0.0 352000
1695733474989 0.0 356000
1695733547051 0.0 360000
1695733617624 0.0 364000
1695733686110 0.0 368000
1695733756097 0.0 372000
1695733824336 0.0 376000
1695733894837 0.0 380000
1695733964168 0.0 384000
1695734035167 0.0 388000
1695734104147 0.0 392000
1695734175577 0.0 396000
1695734244621 0.0 400000
1695734315645 0.0 404000
1695734384553 0.0 408000
1695734453338 0.0 412000
1695734520626 0.0 416000
1695734588332 0.0 420000
1695734658281 0.0 424000
1695734727949 0.0 428000
1695734796839 0.0 432000
1695734870174 0.0 436000
1695734945708 0.0 440000
1695735017019 0.0 444000
1695735086316 0.0 448000
1695735161639 0.0 452000
1695735231880 0.0 456000
1695735305809 0.0 460000
1695735382062 0.0 464000
1695735453077 0.0 468000
1695735524308 0.0 472000
1695735599073 0.0 476000
1695735678579 0.0 480000
1695735759700 0.0 484000
1695735842265 0.0 488000
1695735925692 0.0 492000
1695736013368 0.0 496000
1695736097215 0.0 500000
1695736173542 0.0 504000
1695736248779 0.0 508000
1695736320506 0.0 512000
1695736388099 0.0 516000
1695736454236 0.0 520000
1695736520567 0.0 524000
1695736586996 0.0 528000
1695736651623 0.0 532000
1695736716062 0.0 536000
1695736779415 0.0 540000
1695736842128 0.0 544000
1695736905322 0.0 548000
1695736968395 0.0 552000
1695737032090 0.0 556000
1695737094003 0.0 560000
1695737157911 0.0 564000
1695737219575 0.0 568000
1695737281893 0.0 572000
1695737344571 0.0 576000
1695737411898 0.0 580000
1695737478190 0.0 584000
1695737541859 0.0 588000
1695737604298 0.0 592000
1695737666376 0.0 596000
1695737728586 0.0 600000
1695737791513 0.0 604000
1695737853472 0.0 608000
1695737916159 0.0 612000
1695737978530 0.0 616000
1695738041175 0.0 620000
1695738103422 0.0 624000
1695738167259 0.0 628000
1695738229932 0.0 632000
1695738292490 0.0 636000
1695738354974 0.0 640000
1695738417842 0.0 644000
1695738479794 0.0 648000
1695738542381 0.0 652000
1695738605818 0.0 656000
1695738668090 0.0 660000
1695738731643 0.0 664000
1695738794111 0.0 668000
1695738858454 0.0 672000
1695738921189 0.0 676000
1695738984381 0.0 680000
1695739046657 0.0 684000
1695739110030 0.0 688000
1695739171903 0.0 692000
1695739235432 0.0 696000
1695739297681 0.0 700000
1695739360488 0.0 704000
1695739423169 0.0 708000
1695739487965 0.0 712000
1695739550619 0.0 716000
1695739613245 0.0 720000
1695739675945 0.0 724000
1695739737736 0.0 728000
1695739800422 0.0 732000
1695739862653 0.0 736000
1695739925798 0.0 740000
1695739987642 0.0 744000
1695740051540 0.0 748000
1695740114356 0.0 752000
1695740177580 0.0 756000
1695740240052 0.0 760000
1695740301918 0.0 764000
1695740363497 0.0 768000
1695740425991 0.0 772000
1695740488819 0.0 776000
1695740550659 0.0 780000
1695740613362 0.0 784000
1695740675983 0.0 788000
1695740739742 0.0 792000
1695740801647 0.0 796000
1695740864911 0.0 800000
1695740927111 0.0 804000
1695740989364 0.0 808000
1695741052693 0.0 812000
1695741116346 0.0 816000
1695741179078 0.0 820000
1695741241983 0.0 824000
1695741305087 0.0 828000
1695741368416 0.0 832000
1695741432654 0.0 836000
1695741500681 0.0 840000
1695741566725 0.0 844000
1695741631669 0.0 848000
1695741707305 0.0 852000
1695741770145 0.0 856000
1695741834215 0.0 860000
1695741896181 0.0 864000
1695741958370 0.0 868000
1695742020612 0.0 872000
1695742083759 0.0 876000
1695742146429 0.0 880000
1695742211544 0.0 884000
1695742275788 0.0 888000
1695742341527 0.0 892000
1695742413513 0.0 896000
1695742481855 0.0 900000
1695742548177 0.0 904000
1695742610644 0.0 908000
1695742672755 0.0 912000
1695742735042 0.0 916000
1695742798343 0.0 920000
1695742861442 0.0 924000
1695742924026 0.0 928000
1695742986271 0.0 932000
1695743049575 0.0 936000
1695743111855 0.0 940000
1695743175827 0.0 944000
1695743237791 0.0 948000
1695743299696 0.0 952000
1695743361891 0.0 956000
1695743425191 0.0 960000
1695743487671 0.0 964000
1695743552054 0.0 968000
1695743614206 0.0 972000
1695743677397 0.0 976000
1695743740438 0.0 980000
1695743804713 0.0 984000
1695743866888 0.0 988000
1695743930013 0.0 992000
1695743991642 0.0 996000
1695744054984 0.0 1000000
