1695731491857 0.0 244000
1695731555232 0.0 248000
1695731626881 0.0 252000
1695731693877 0.0 256000
1695731770310 0.0 260000
1695731847737 0.0 264000
1695731929186 0.0 268000
1695732007418 0.0 272000
1695732085481 0.0 276000
1695732161501 0.0 280000
1695732229729 0.0 284000
1695732296158 0.0 288000
1695732365268 0.0 292000
1695732431619 0.0 296000
1695732499188 0.0 300000
1695732565070 0.0 304000
1695732635332 0.0 308000
1695732702954 0.0 312000
1695732772280 0.0 316000
1695732841472 0.0 320000
1695732910135 0.0 324000
1695732988599 0.0 328000
1695733057658 0.0 332000
1695733127115 0.0 336000
1695733197093 0.0 340000
1695733266807 0.0 344000
1695733337608 0.0 348000
1695733406159 0.0 352000
1695733474991 0.0 356000
1695733547053 0.0 360000
1695733617626 0.0 364000
1695733686112 0.0 368000
1695733756098 0.0 372000
1695733824337 0.0 376000
1695733894839 0.0 380000
1695733964170 0.0 384000
1695734035169 0.0 388000
1695734104149 0.0 392000
1695734175578 0.0 396000
1695734244623 0.0 400000
1695734315647 0.0 404000
1695734384555 0.0 408000
1695734453340 0.0 412000
1695734520628 0.0 416000
1695734588334 0.0 420000
1695734658282 0.0 424000
1695734727950 0.0 428000
1695734796841 0.0 432000
1695734870175 0.0 436000
1695734945709 0.0 440000
1695735017021 0.0 444000
1695735086317 0.0 448000
1695735161641 0.0 452000
1695735231881 0.0 456000
1695735305810 0.0 460000
1695735382064 0.0 464000
1695735453079 0.0 468000
1695735524310 0.0 472000
1695735599075 0.0 476000
1695735678580 0.0 480000
1695735759702 0.0 484000
1695735842267 0.0 488000
1695735925693 0.0 492000
1695736013369 0.0 496000
1695736097217 0.0 500000
1695736173543 0.0 504000
1695736248781 0.0 508000
1695736320508 0.0 512000
1695736388101 0.0 516000
1695736454238 0.0 520000
1695736520569 0.0 524000
1695736586997 0.0 528000
1695736651624 0.0 532000
1695736716064 0.0 536000
1695736779417 0.0 540000
1695736842130 0.0 544000
1695736905323 0.0 548000
1695736968397 0.0 552000
1695737032092 0.0 556000
1695737094005 0.0 560000
1695737157912 0.0 564000
1695737219577 0.0 568000
1695737281895 0.0 572000
1695737344573 0.0 576000
1695737411900 0.0 580000
1695737478191 0.0 584000
1695737541860 0.0 588000
1695737604299 0.0 592000
1695737666378 0.0 596000
1695737728587 0.0 600000
1695737791514 0.0 604000
1695737853474 0.0 608000
1695737916160 0.0 612000
1695737978531 0.0 616000
1695738041176 0.0 620000
1695738103424 0.0 624000
1695738167261 0.0 628000
1695738229934 0.0 632000
1695738292491 0.0 636000
1695738354976 0.0 640000
1695738417843 0.0 644000
1695738479796 0.0 648000
1695738542382 0.0 652000
1695738605819 0.0 656000
1695738668092 0.0 660000
1695738731645 0.0 664000
1695738794112 0.0 668000
1695738858455 0.0 672000
1695738921191 0.0 676000
1695738984384 0.0 680000
1695739046658 0.0 684000
1695739110031 0.0 688000
1695739171905 0.0 692000
1695739235434 0.0 696000
1695739297682 0.0 700000
1695739360490 0.0 704000
1695739423171 0.0 708000
1695739487967 0.0 712000
1695739550620 0.0 716000
1695739613246 0.0 720000
1695739675946 0.0 724000
1695739737738 0.0 728000
1695739800423 0.0 732000
1695739862654 0.0 736000
1695739925799 0.0 740000
1695739987643 0.0 744000
1695740051542 0.0 748000
1695740114358 0.0 752000
1695740177582 0.0 756000
1695740240054 0.0 760000
1695740301920 0.0 764000
1695740363499 0.0 768000
1695740425993 0.0 772000
1695740488821 0.0 776000
1695740550660 0.0 780000
1695740613363 0.0 784000
1695740675985 0.0 788000
1695740739744 0.0 792000
1695740801648 0.0 796000
1695740864913 0.0 800000
1695740927112 0.0 804000
1695740989365 0.0 808000
1695741052694 0.0 812000
1695741116347 0.0 816000
1695741179079 0.0 820000
1695741241985 0.0 824000
1695741305089 0.0 828000
1695741368417 0.0 832000
1695741432655 0.0 836000
1695741500683 0.0 840000
1695741566727 0.0 844000
1695741631671 0.0 848000
1695741707307 0.0 852000
1695741770147 0.0 856000
1695741834217 0.0 860000
1695741896184 0.0 864000
1695741958372 0.0 868000
1695742020614 0.0 872000
1695742083760 0.0 876000
1695742146430 0.0 880000
1695742211546 0.0 884000
1695742275789 0.0 888000
1695742341529 0.0 892000
1695742413515 0.0 896000
1695742481856 0.0 900000
1695742548179 0.0 904000
1695742610646 0.0 908000
1695742672757 0.0 912000
1695742735043 0.0 916000
1695742798345 0.0 920000
1695742861444 0.0 924000
1695742924028 0.0 928000
1695742986273 0.0 932000
1695743049576 0.0 936000
1695743111856 0.0 940000
1695743175828 0.0 944000
1695743237793 0.0 948000
1695743299697 0.0 952000
1695743361893 0.0 956000
1695743425193 0.0 960000
1695743487673 0.0 964000
1695743552055 0.0 968000
1695743614208 0.0 972000
1695743677398 0.0 976000
1695743740439 0.0 980000
1695743804715 0.0 984000
1695743866889 0.0 988000
1695743930015 0.0 992000
1695743991644 0.0 996000
1695744054985 0.0 1000000
