1695731492014 1.0 244000
1695731555386 1.0 248000
1695731627016 1.0 252000
1695731694024 1.0 256000
1695731770471 1.0 260000
1695731847915 1.0 264000
1695731929350 1.0 268000
1695732007582 1.0 272000
1695732085677 1.0 276000
1695732161635 1.0 280000
1695732229869 1.0 284000
1695732296302 1.0 288000
1695732365414 1.0 292000
1695732431749 1.0 296000
1695732499324 1.0 300000
1695732565222 1.0 304000
1695732635493 1.0 308000
1695732703106 1.0 312000
1695732772425 1.0 316000
1695732841612 1.0 320000
1695732910270 1.0 324000
1695732988740 1.0 328000
1695733057804 1.0 332000
1695733127248 1.0 336000
1695733197240 1.0 340000
1695733266956 1.0 344000
1695733337786 1.0 348000
1695733406297 1.0 352000
1695733475137 1.0 356000
1695733547205 1.0 360000
1695733617769 1.0 364000
1695733686263 1.0 368000
1695733756240 1.0 372000
1695733824472 1.0 376000
1695733894983 1.0 380000
1695733964306 1.0 384000
1695734035321 1.0 388000
1695734104288 1.0 392000
1695734175717 1.0 396000
1695734244762 1.0 400000
1695734315789 1.0 404000
1695734384703 1.0 408000
1695734453477 1.0 412000
1695734520768 1.0 416000
1695734588473 1.0 420000
1695734658426 1.0 424000
1695734728092 1.0 428000
1695734796976 1.0 432000
1695734870351 1.0 436000
1695734945859 1.0 440000
1695735017177 1.0 444000
1695735086458 1.0 448000
1695735161783 1.0 452000
1695735232024 1.0 456000
1695735305976 1.0 460000
1695735382237 1.0 464000
1695735453225 1.0 468000
1695735524445 1.0 472000
1695735599235 1.0 476000
1695735678741 1.0 480000
1695735759864 1.0 484000
1695735842428 1.0 488000
1695735925865 1.0 492000
1695736013534 1.0 496000
1695736097379 1.0 500000
1695736173698 1.0 504000
1695736248977 1.0 508000
1695736320675 1.0 512000
1695736388232 1.0 516000
1695736454370 1.0 520000
1695736520698 1.0 524000
1695736587128 1.0 528000
1695736651764 1.0 532000
1695736716195 1.0 536000
1695736779543 1.0 540000
1695736842261 1.0 544000
1695736905463 1.0 548000
1695736968523 1.0 552000
1695737032224 1.0 556000
1695737094134 1.0 560000
1695737158042 1.0 564000
1695737219713 1.0 568000
1695737282032 1.0 572000
1695737344709 1.0 576000
1695737412045 1.0 580000
1695737478320 1.0 584000
1695737541988 1.0 588000
1695737604429 1.0 592000
1695737666512 1.0 596000
1695737728719 1.0 600000
1695737791645 1.0 604000
1695737853602 1.0 608000
1695737916288 1.0 612000
1695737978665 1.0 616000
1695738041303 1.0 620000
1695738103562 1.0 624000
1695738167391 1.0 628000
1695738230067 1.0 632000
1695738292619 1.0 636000
1695738355113 1.0 640000
1695738417968 1.0 644000
1695738479925 1.0 648000
1695738542512 1.0 652000
1695738605947 1.0 656000
1695738668223 1.0 660000
1695738731773 1.0 664000
1695738794244 1.0 668000
1695738858584 1.0 672000
1695738921326 1.0 676000
1695738984543 1.0 680000
1695739046785 1.0 684000
1695739110156 1.0 688000
1695739172034 1.0 692000
1695739235561 1.0 696000
1695739297808 1.0 700000
1695739360621 1.0 704000
1695739423309 1.0 708000
1695739488097 1.0 712000
1695739550748 1.0 716000
1695739613382 1.0 720000
1695739676078 1.0 724000
1695739737869 1.0 728000
1695739800555 1.0 732000
1695739862791 1.0 736000
1695739925935 1.0 740000
1695739987780 1.0 744000
1695740051677 1.0 748000
1695740114492 1.0 752000
1695740177709 1.0 756000
1695740240180 1.0 760000
1695740302049 1.0 764000
1695740363636 1.0 768000
1695740426118 1.0 772000
1695740488954 1.0 776000
1695740550789 1.0 780000
1695740613492 1.0 784000
1695740676115 1.0 788000
1695740739870 1.0 792000
1695740801779 1.0 796000
1695740865039 1.0 800000
1695740927258 1.0 804000
1695740989491 1.0 808000
1695741052830 1.0 812000
1695741116475 1.0 816000
1695741179208 1.0 820000
1695741242121 1.0 824000
1695741305224 1.0 828000
1695741368545 1.0 832000
1695741432789 1.0 836000
1695741500823 1.0 840000
1695741566862 1.0 844000
1695741631812 1.0 848000
1695741707460 1.0 852000
1695741770275 1.0 856000
1695741834353 1.0 860000
1695741896350 1.0 864000
1695741958499 1.0 868000
1695742020746 1.0 872000
1695742083897 1.0 876000
1695742146564 1.0 880000
1695742211683 1.0 884000
1695742275920 1.0 888000
1695742341664 1.0 892000
1695742413696 1.0 896000
1695742482003 1.0 900000
1695742548309 1.0 904000
1695742610773 1.0 908000
1695742672886 1.0 912000
1695742735175 1.0 916000
1695742798482 1.0 920000
1695742861575 1.0 924000
1695742924169 1.0 928000
1695742986400 1.0 932000
1695743049707 1.0 936000
1695743111990 1.0 940000
1695743175961 1.0 944000
1695743237921 1.0 948000
1695743299830 1.0 952000
1695743362027 1.0 956000
1695743425323 1.0 960000
1695743487799 1.0 964000
1695743552184 1.0 968000
1695743614336 1.0 972000
1695743677523 1.0 976000
1695743740570 1.0 980000
1695743804846 1.0 984000
1695743867027 1.0 988000
1695743930142 1.0 992000
1695743991776 1.0 996000
1695744055110 1.0 1000000
