1695731492015 1.0 244000
1695731555388 1.0 248000
1695731627017 1.0 252000
1695731694026 1.0 256000
1695731770473 1.0 260000
1695731847917 1.0 264000
1695731929351 1.0 268000
1695732007584 1.0 272000
1695732085679 1.0 276000
1695732161636 1.0 280000
1695732229870 1.0 284000
1695732296303 1.0 288000
1695732365416 1.0 292000
1695732431750 1.0 296000
1695732499325 1.0 300000
1695732565224 1.0 304000
1695732635494 1.0 308000
1695732703108 1.0 312000
1695732772426 1.0 316000
1695732841614 1.0 320000
1695732910271 1.0 324000
1695732988742 1.0 328000
1695733057806 1.0 332000
1695733127249 1.0 336000
1695733197242 1.0 340000
1695733266958 1.0 344000
1695733337788 1.0 348000
1695733406299 1.0 352000
1695733475138 1.0 356000
1695733547207 1.0 360000
1695733617771 1.0 364000
1695733686265 1.0 368000
1695733756242 1.0 372000
1695733824474 1.0 376000
1695733894984 1.0 380000
1695733964307 1.0 384000
1695734035323 1.0 388000
1695734104289 1.0 392000
1695734175718 1.0 396000
1695734244764 1.0 400000
1695734315791 1.0 404000
1695734384704 1.0 408000
1695734453479 1.0 412000
1695734520769 1.0 416000
1695734588475 1.0 420000
1695734658428 1.0 424000
1695734728093 1.0 428000
1695734796977 1.0 432000
1695734870353 1.0 436000
1695734945860 1.0 440000
1695735017179 1.0 444000
1695735086460 1.0 448000
1695735161785 1.0 452000
1695735232025 1.0 456000
1695735305978 1.0 460000
1695735382239 1.0 464000
1695735453227 1.0 468000
1695735524446 1.0 472000
1695735599236 1.0 476000
1695735678743 1.0 480000
1695735759866 1.0 484000
1695735842430 1.0 488000
1695735925867 1.0 492000
1695736013536 1.0 496000
1695736097381 1.0 500000
1695736173700 1.0 504000
1695736248979 1.0 508000
1695736320677 1.0 512000
1695736388234 1.0 516000
1695736454372 1.0 520000
1695736520699 1.0 524000
1695736587129 1.0 528000
1695736651765 1.0 532000
1695736716196 1.0 536000
1695736779544 1.0 540000
1695736842262 1.0 544000
1695736905464 1.0 548000
1695736968525 1.0 552000
1695737032226 1.0 556000
1695737094135 1.0 560000
1695737158044 1.0 564000
1695737219714 1.0 568000
1695737282035 1.0 572000
1695737344711 1.0 576000
1695737412047 1.0 580000
1695737478321 1.0 584000
1695737541990 1.0 588000
1695737604431 1.0 592000
1695737666514 1.0 596000
1695737728721 1.0 600000
1695737791646 1.0 604000
1695737853603 1.0 608000
1695737916290 1.0 612000
1695737978666 1.0 616000
1695738041305 1.0 620000
1695738103564 1.0 624000
1695738167392 1.0 628000
1695738230068 1.0 632000
1695738292620 1.0 636000
1695738355114 1.0 640000
1695738417969 1.0 644000
1695738479927 1.0 648000
1695738542514 1.0 652000
1695738605948 1.0 656000
1695738668224 1.0 660000
1695738731774 1.0 664000
1695738794245 1.0 668000
1695738858586 1.0 672000
1695738921327 1.0 676000
1695738984546 1.0 680000
1695739046786 1.0 684000
1695739110157 1.0 688000
1695739172035 1.0 692000
1695739235562 1.0 696000
1695739297810 1.0 700000
1695739360623 1.0 704000
1695739423311 1.0 708000
1695739488098 1.0 712000
1695739550750 1.0 716000
1695739613383 1.0 720000
1695739676079 1.0 724000
1695739737870 1.0 728000
1695739800557 1.0 732000
1695739862793 1.0 736000
1695739925936 1.0 740000
1695739987782 1.0 744000
1695740051678 1.0 748000
1695740114494 1.0 752000
1695740177711 1.0 756000
1695740240182 1.0 760000
1695740302051 1.0 764000
1695740363638 1.0 768000
1695740426119 1.0 772000
1695740488956 1.0 776000
1695740550790 1.0 780000
1695740613493 1.0 784000
1695740676116 1.0 788000
1695740739872 1.0 792000
1695740801780 1.0 796000
1695740865040 1.0 800000
1695740927260 1.0 804000
1695740989492 1.0 808000
1695741052831 1.0 812000
1695741116476 1.0 816000
1695741179209 1.0 820000
1695741242122 1.0 824000
1695741305226 1.0 828000
1695741368547 1.0 832000
1695741432790 1.0 836000
1695741500825 1.0 840000
1695741566863 1.0 844000
1695741631814 1.0 848000
1695741707461 1.0 852000
1695741770277 1.0 856000
1695741834355 1.0 860000
1695741896354 1.0 864000
1695741958500 1.0 868000
1695742020748 1.0 872000
1695742083898 1.0 876000
1695742146565 1.0 880000
1695742211684 1.0 884000
1695742275922 1.0 888000
1695742341666 1.0 892000
1695742413698 1.0 896000
1695742482005 1.0 900000
1695742548311 1.0 904000
1695742610774 1.0 908000
1695742672887 1.0 912000
1695742735176 1.0 916000
1695742798483 1.0 920000
1695742861577 1.0 924000
1695742924170 1.0 928000
1695742986401 1.0 932000
1695743049709 1.0 936000
1695743111992 1.0 940000
1695743175962 1.0 944000
1695743237923 1.0 948000
1695743299831 1.0 952000
1695743362029 1.0 956000
1695743425325 1.0 960000
1695743487800 1.0 964000
1695743552186 1.0 968000
1695743614338 1.0 972000
1695743677524 1.0 976000
1695743740571 1.0 980000
1695743804848 1.0 984000
1695743867029 1.0 988000
1695743930143 1.0 992000
1695743991777 1.0 996000
1695744055111 1.0 1000000
