1695731492012 8.0 244000
1695731555384 8.0 248000
1695731627014 8.0 252000
1695731694022 8.0 256000
1695731770469 8.0 260000
1695731847913 8.0 264000
1695731929348 8.0 268000
1695732007580 8.0 272000
1695732085675 8.0 276000
1695732161633 8.0 280000
1695732229867 8.0 284000
1695732296300 8.0 288000
1695732365413 8.0 292000
1695732431747 8.0 296000
1695732499322 8.0 300000
1695732565221 8.0 304000
1695732635491 8.0 308000
1695732703104 8.0 312000
1695732772423 8.0 316000
1695732841611 8.0 320000
1695732910268 8.0 324000
1695732988738 8.0 328000
1695733057803 8.0 332000
1695733127247 8.0 336000
1695733197239 8.0 340000
1695733266955 8.0 344000
1695733337784 8.0 348000
1695733406296 8.0 352000
1695733475135 8.0 356000
1695733547204 8.0 360000
1695733617767 8.0 364000
1695733686261 8.0 368000
1695733756238 8.0 372000
1695733824471 8.0 376000
1695733894981 8.0 380000
1695733964304 8.0 384000
1695734035319 8.0 388000
1695734104286 8.0 392000
1695734175715 8.0 396000
1695734244761 8.0 400000
1695734315787 8.0 404000
1695734384701 8.0 408000
1695734453475 8.0 412000
1695734520766 8.0 416000
1695734588472 8.0 420000
1695734658424 8.0 424000
1695734728090 8.0 428000
1695734796974 8.0 432000
1695734870349 8.0 436000
1695734945857 8.0 440000
1695735017176 8.0 444000
1695735086456 8.0 448000
1695735161782 8.0 452000
1695735232022 8.0 456000
1695735305974 8.0 460000
1695735382235 8.0 464000
1695735453223 8.0 468000
1695735524443 8.0 472000
1695735599233 8.0 476000
1695735678739 8.0 480000
1695735759862 8.0 484000
1695735842426 8.0 488000
1695735925863 8.0 492000
1695736013533 8.0 496000
1695736097378 8.0 500000
1695736173696 8.0 504000
1695736248974 8.0 508000
1695736320673 8.0 512000
1695736388231 8.0 516000
1695736454369 8.0 520000
1695736520697 8.0 524000
1695736587126 8.0 528000
1695736651762 8.0 532000
1695736716194 8.0 536000
1695736779541 8.0 540000
1695736842259 8.0 544000
1695736905461 8.0 548000
1695736968522 8.0 552000
1695737032223 8.0 556000
1695737094133 8.0 560000
1695737158041 8.0 564000
1695737219711 8.0 568000
1695737282030 8.0 572000
1695737344707 8.0 576000
1695737412044 8.0 580000
1695737478318 8.0 584000
1695737541987 8.0 588000
1695737604428 8.0 592000
1695737666511 8.0 596000
1695737728718 8.0 600000
1695737791643 8.0 604000
1695737853600 8.0 608000
1695737916287 8.0 612000
1695737978663 8.0 616000
1695738041302 8.0 620000
1695738103561 8.0 624000
1695738167389 8.0 628000
1695738230066 8.0 632000
1695738292618 8.0 636000
1695738355111 8.0 640000
1695738417966 8.0 644000
1695738479924 8.0 648000
1695738542510 8.0 652000
1695738605946 8.0 656000
1695738668221 8.0 660000
1695738731771 8.0 664000
1695738794242 8.0 668000
1695738858583 8.0 672000
1695738921325 8.0 676000
1695738984542 8.0 680000
1695739046783 8.0 684000
1695739110155 8.0 688000
1695739172032 8.0 692000
1695739235559 8.0 696000
1695739297807 8.0 700000
1695739360620 8.0 704000
1695739423308 8.0 708000
1695739488096 8.0 712000
1695739550747 8.0 716000
1695739613380 8.0 720000
1695739676076 8.0 724000
1695739737867 8.0 728000
1695739800553 8.0 732000
1695739862790 8.0 736000
1695739925933 8.0 740000
1695739987778 8.0 744000
1695740051675 8.0 748000
1695740114491 8.0 752000
1695740177708 8.0 756000
1695740240179 8.0 760000
1695740302048 8.0 764000
1695740363634 8.0 768000
1695740426117 8.0 772000
1695740488953 8.0 776000
1695740550787 8.0 780000
1695740613491 8.0 784000
1695740676113 8.0 788000
1695740739869 8.0 792000
1695740801777 8.0 796000
1695740865037 8.0 800000
1695740927257 8.0 804000
1695740989489 8.0 808000
1695741052828 8.0 812000
1695741116473 8.0 816000
1695741179207 8.0 820000
1695741242119 8.0 824000
1695741305223 8.0 828000
1695741368544 8.0 832000
1695741432787 8.0 836000
1695741500822 8.0 840000
1695741566860 8.0 844000
1695741631811 8.0 848000
1695741707458 8.0 852000
1695741770274 8.0 856000
1695741834351 8.0 860000
1695741896349 8.0 864000
1695741958497 8.0 868000
1695742020745 8.0 872000
1695742083895 8.0 876000
1695742146562 8.0 880000
1695742211681 8.0 884000
1695742275918 8.0 888000
1695742341662 8.0 892000
1695742413694 8.0 896000
1695742482002 8.0 900000
1695742548307 8.0 904000
1695742610771 8.0 908000
1695742672884 8.0 912000
1695742735174 8.0 916000
1695742798480 8.0 920000
1695742861574 8.0 924000
1695742924167 8.0 928000
1695742986398 8.0 932000
1695743049706 8.0 936000
1695743111989 8.0 940000
1695743175959 8.0 944000
1695743237920 8.0 948000
1695743299829 8.0 952000
1695743362026 8.0 956000
1695743425322 8.0 960000
1695743487797 8.0 964000
1695743552183 8.0 968000
1695743614335 8.0 972000
1695743677521 8.0 976000
1695743740569 8.0 980000
1695743804845 8.0 984000
1695743867026 8.0 988000
1695743930140 8.0 992000
1695743991774 8.0 996000
1695744055108 8.0 1000000
