1695731491886 157.633 244000
1695731555260 154.212 248000
1695731626905 140.546 252000
1695731693903 139.394 256000
1695731770338 133.873 260000
1695731847768 131.014 264000
1695731929214 127.827 268000
1695732007449 126.09 272000
1695732085511 125.167 276000
1695732161525 126.247 280000
1695732229754 124.192 284000
1695732296183 123.251 288000
1695732365294 124.284 292000
1695732431642 124.512 296000
1695732499212 126.38 300000
1695732565096 128.458 304000
1695732635362 130.619 308000
1695732702981 132.669 312000
1695732772306 134.562 316000
1695732841497 133.447 320000
1695732910159 133.336 324000
1695732988623 132.608 328000
1695733057683 132.43 332000
1695733127138 131.672 336000
1695733197118 130.929 340000
1695733266833 130.499 344000
1695733337640 130.376 348000
1695733406184 129.833 352000
1695733475017 129.857 356000
1695733547080 129.626 360000
1695733617651 129.469 364000
1695733686139 129.798 368000
1695733756124 129.695 372000
1695733824361 129.813 376000
1695733894863 129.237 380000
1695733964196 128.896 384000
1695734035195 128.4 388000
1695734104175 128.551 392000
1695734175603 126.981 396000
1695734244647 127.522 400000
1695734315671 127.33 404000
1695734384581 127.292 408000
1695734453365 127.608 412000
1695734520651 127.949 416000
1695734588358 129.18 420000
1695734658309 128.741 424000
1695734727975 129.18 428000
1695734796865 129.306 432000
1695734870204 129.538 436000
1695734945738 128.165 440000
1695735017049 128.27 444000
1695735086342 128.217 448000
1695735161665 126.873 452000
1695735231908 126.043 456000
1695735305847 124.5 460000
1695735382095 123.856 464000
1695735453104 124.016 468000
1695735524334 123.805 472000
1695735599108 123.705 476000
1695735678609 123.218 480000
1695735759731 121.87 484000
1695735842296 119.147 488000
1695735925721 117.821 492000
1695736013396 116.356 496000
1695736097244 115.439 500000
1695736173571 115.505 504000
1695736248815 114.438 508000
1695736320537 114.502 512000
1695736388124 115.922 516000
1695736454260 118.083 520000
1695736520591 119.988 524000
1695736587020 122.926 528000
1695736651650 126.306 532000
1695736716087 129.63 536000
1695736779439 133.329 540000
1695736842152 135.962 544000
1695736905349 138.704 548000
1695736968419 140.756 552000
1695737032115 140.817 556000
1695737094028 142.088 560000
1695737157936 142.917 564000
1695737219602 144.532 568000
1695737281917 145.242 572000
1695737344597 145.627 576000
1695737411927 144.251 580000
1695737478213 144.346 584000
1695737541882 143.999 588000
1695737604320 143.932 592000
1695737666400 144.717 596000
1695737728612 144.44 600000
1695737791537 144.382 604000
1695737853497 144.219 608000
1695737916185 144.06 612000
1695737978554 144.02 616000
1695738041198 145.687 620000
1695738103448 145.748 624000
1695738167285 145.564 628000
1695738229956 145.044 632000
1695738292514 144.847 636000
1695738355001 145.125 640000
1695738417865 145.454 644000
1695738479817 145.354 648000
1695738542405 145.949 652000
1695738605841 145.261 656000
1695738668115 145.746 660000
1695738731667 144.985 664000
1695738794135 146.2 668000
1695738858479 146.206 672000
1695738921216 146.389 676000
1695738984413 145.781 680000
1695739046680 146.273 684000
1695739110054 145.647 688000
1695739171927 145.802 692000
1695739235456 145.96 696000
1695739297704 145.823 700000
1695739360512 146.095 704000
1695739423196 145.95 708000
1695739487989 145.761 712000
1695739550644 145.948 716000
1695739613269 146.019 720000
1695739675971 145.886 724000
1695739737761 146.428 728000
1695739800446 145.859 732000
1695739862679 146.664 736000
1695739925824 145.894 740000
1695739987667 146.43 744000
1695740051567 145.478 748000
1695740114380 145.88 752000
1695740177604 145.145 756000
1695740240076 145.587 760000
1695740301942 145.287 764000
1695740363523 145.346 768000
1695740426015 145.467 772000
1695740488845 144.968 776000
1695740550683 145.702 780000
1695740613385 145.05 784000
1695740676008 146.136 788000
1695740739767 145.797 792000
1695740801672 146.716 796000
1695740864935 146.084 800000
1695740927137 146.472 804000
1695740989387 146.045 808000
1695741052718 146.278 812000
1695741116369 145.946 816000
1695741179102 146.007 820000
1695741242010 145.848 824000
1695741305114 145.539 828000
1695741368440 145.554 832000
1695741432678 144.565 836000
1695741500708 143.427 840000
1695741566752 142.503 844000
1695741631697 142.274 848000
1695741707331 137.942 852000
1695741770170 138.507 856000
1695741834242 137.438 860000
1695741896212 138.242 864000
1695741958394 138.37 868000
1695742020638 139.001 872000
1695742083785 139.226 876000
1695742146454 140.612 880000
1695742211571 140.431 884000
1695742275813 140.549 888000
1695742341553 143.195 892000
1695742413543 140.437 896000
1695742481883 140.463 900000
1695742548202 140.393 904000
1695742610670 140.315 908000
1695742672780 140.128 912000
1695742735066 140.672 916000
1695742798369 140.255 920000
1695742861469 141.37 924000
1695742924052 141.519 928000
1695742986295 143.386 932000
1695743049600 145.303 936000
1695743111880 146.251 940000
1695743175851 145.5 944000
1695743237815 145.745 948000
1695743299721 145.675 952000
1695743361916 145.514 956000
1695743425215 145.344 960000
1695743487694 145.196 964000
1695743552077 144.876 968000
1695743614230 144.792 972000
1695743677420 145.219 976000
1695743740463 145.365 980000
1695743804739 145.419 984000
1695743866914 145.525 988000
1695743930037 145.223 992000
1695743991666 145.393 996000
1695744055006 145.669 1000000
