1695731491885 25375.413 244000
1695731555258 25938.335 248000
1695731626904 28460.507 252000
1695731693902 28695.672 256000
1695731770337 29879.011 260000
1695731847767 30530.986 264000
1695731929213 31292.22 268000
1695732007448 31723.445 272000
1695732085510 31957.345 276000
1695732161524 31683.961 280000
1695732229754 32208.184 284000
1695732296182 32454.101 288000
1695732365293 32184.402 292000
1695732431641 32125.428 296000
1695732499211 31650.668 300000
1695732565095 31138.582 304000
1695732635361 30623.338 308000
1695732702980 30150.112 312000
1695732772305 29726.068 316000
1695732841496 29974.479 320000
1695732910159 29999.4 324000
1695732988622 30164.019 328000
1695733057682 30204.624 332000
1695733127137 30378.603 336000
1695733197117 30550.895 340000
1695733266832 30651.599 344000
1695733337638 30680.554 348000
1695733406183 30808.835 352000
1695733475016 30803.084 356000
1695733547079 30857.987 360000
1695733617650 30895.44 364000
1695733686138 30817.204 368000
1695733756123 30841.686 372000
1695733824360 30813.544 376000
1695733894862 30950.951 380000
1695733964195 31032.883 384000
1695734035194 31152.564 388000
1695734104174 31116.087 392000
1695734175602 31500.751 396000
1695734244646 31367.207 400000
1695734315671 31414.394 404000
1695734384580 31423.833 408000
1695734453364 31346.056 412000
1695734520650 31262.564 416000
1695734588357 30964.583 420000
1695734658308 31070.083 424000
1695734727974 30964.533 428000
1695734796864 30934.326 432000
1695734870203 30878.995 436000
1695734945737 31209.657 440000
1695735017048 31184.259 444000
1695735086342 31197.001 448000
1695735161665 31527.631 452000
1695735231907 31735.199 456000
1695735305846 32128.559 460000
1695735382094 32295.615 464000
1695735453104 32253.889 468000
1695735524333 32308.748 472000
1695735599108 32334.88 476000
1695735678608 32462.67 480000
1695735759730 32821.795 484000
1695735842295 33571.935 488000
1695735925721 33949.682 492000
1695736013396 34377.192 496000
1695736097243 34650.482 500000
1695736173570 34630.547 504000
1695736248814 34953.302 508000
1695736320536 34933.88 512000
1695736388123 34506.05 516000
1695736454260 33874.438 520000
1695736520590 33336.713 524000
1695736587020 32539.921 528000
1695736651649 31669.164 532000
1695736716087 30857.036 536000
1695736779438 30001.032 540000
1695736842152 29419.889 544000
1695736905348 28838.317 548000
1695736968418 28417.913 552000
1695737032115 28405.693 556000
1695737094027 28151.648 560000
1695737157935 27988.37 564000
1695737219601 27675.598 568000
1695737281916 27540.336 572000
1695737344597 27467.374 576000
1695737411926 27729.361 580000
1695737478213 27711.109 584000
1695737541881 27777.989 588000
1695737604320 27790.967 592000
1695737666400 27640.075 596000
1695737728611 27693.239 600000
1695737791536 27704.236 604000
1695737853497 27735.538 608000
1695737916184 27766.24 612000
1695737978553 27773.866 616000
1695738041197 27456.087 620000
1695738103447 27444.7 624000
1695738167284 27479.353 628000
1695738229955 27577.897 632000
1695738292513 27615.42 636000
1695738355000 27562.495 640000
1695738417864 27500.097 644000
1695738479817 27518.945 648000
1695738542405 27406.777 652000
1695738605841 27536.641 656000
1695738668114 27444.922 660000
1695738731666 27589.08 664000
1695738794134 27359.833 668000
1695738858479 27358.616 672000
1695738921215 27324.455 676000
1695738984412 27438.464 680000
1695739046679 27346.166 684000
1695739110054 27463.622 688000
1695739171926 27434.508 692000
1695739235455 27404.719 696000
1695739297703 27430.517 700000
1695739360511 27379.431 704000
1695739423195 27406.692 708000
1695739487989 27442.112 712000
1695739550643 27407.034 716000
1695739613268 27393.654 720000
1695739675970 27418.599 724000
1695739737760 27317.215 728000
1695739800446 27423.678 732000
1695739862678 27273.158 736000
1695739925823 27417.076 740000
1695739987666 27316.788 744000
1695740051567 27495.636 748000
1695740114379 27419.862 752000
1695740177604 27558.647 756000
1695740240075 27475.003 760000
1695740301941 27531.735 764000
1695740363522 27520.628 768000
1695740426014 27497.596 772000
1695740488844 27592.299 776000
1695740550682 27453.364 780000
1695740613384 27576.631 784000
1695740676008 27371.781 788000
1695740739767 27435.436 792000
1695740801672 27263.526 796000
1695740864935 27381.53 800000
1695740927137 27309.001 804000
1695740989387 27388.888 808000
1695741052717 27345.184 812000
1695741116368 27407.445 816000
1695741179101 27395.94 820000
1695741242009 27425.757 824000
1695741305114 27484.051 828000
1695741368439 27481.218 832000
1695741432677 27669.234 836000
1695741500707 27888.764 840000
1695741566751 28069.655 844000
1695741631696 28114.714 848000
1695741707330 28997.672 852000
1695741770169 28879.32 856000
1695741834241 29104.131 860000
1695741896212 28934.825 864000
1695741958393 28908.068 868000
1695742020637 28776.75 872000
1695742083784 28730.303 876000
1695742146453 28447.053 880000
1695742211570 28483.653 884000
1695742275812 28459.89 888000
1695742341552 27933.982 892000
1695742413542 28482.588 896000
1695742481881 28477.323 900000
1695742548201 28491.488 904000
1695742610669 28507.187 908000
1695742672780 28545.26 912000
1695742735065 28434.992 916000
1695742798368 28519.54 920000
1695742861468 28294.581 924000
1695742924051 28264.77 928000
1695742986294 27896.789 932000
1695743049600 27528.695 936000
1695743111879 27350.185 940000
1695743175850 27491.336 944000
1695743237814 27445.241 948000
1695743299721 27458.308 952000
1695743361915 27488.771 956000
1695743425215 27520.853 960000
1695743487693 27548.9 964000
1695743552076 27609.908 968000
1695743614229 27625.756 972000
1695743677419 27544.569 976000
1695743740462 27517.031 980000
1695743804738 27506.676 984000
1695743866913 27486.668 988000
1695743930036 27543.832 992000
1695743991665 27511.702 996000
1695744055005 27459.474 1000000
