1695731491884 33388.247 244000
1695731555258 34835.026 248000
1695731626904 35749.457 252000
1695731693901 36067.605 256000
1695731770336 37092.807 260000
1695731847766 38068.267 264000
1695731929212 39044.551 268000
1695732007447 39515.737 272000
1695732085509 39964.587 276000
1695732161524 40582.636 280000
1695732229753 40946.094 284000
1695732296181 41006.048 288000
1695732365292 41018.139 292000
1695732431640 41010.802 296000
1695732499210 40604.055 300000
1695732565095 39974.117 304000
1695732635360 39367.797 308000
1695732702980 38783.479 312000
1695732772304 38339.685 316000
1695732841496 37412.416 320000
1695732910158 37428.07 324000
1695732988621 38466.172 328000
1695733057681 38419.448 332000
1695733127136 38555.457 336000
1695733197116 38621.311 340000
1695733266832 38899.197 344000
1695733337637 38926.721 348000
1695733406182 38889.476 352000
1695733475015 38846.223 356000
1695733547078 39072.732 360000
1695733617649 39220.569 364000
1695733686137 38294.943 368000
1695733756123 38360.124 372000
1695733824360 38265.228 376000
1695733894862 38178.973 380000
1695733964195 38058.248 384000
1695734035194 37960.066 388000
1695734104173 38039.695 392000
1695734175601 37914.432 396000
1695734244645 37750.049 400000
1695734315670 37748.309 404000
1695734384579 37783.855 408000
1695734453363 37738.394 412000
1695734520650 37726.394 416000
1695734588356 37742.847 420000
1695734658307 37694.592 424000
1695734727974 37669.718 428000
1695734796864 37693.614 432000
1695734870202 37933.143 436000
1695734945736 38242.078 440000
1695735017047 38292.589 444000
1695735086341 38308.417 448000
1695735161664 38633.819 452000
1695735231906 38716.762 456000
1695735305845 38937.374 460000
1695735382093 39394.082 464000
1695735453103 39559.806 468000
1695735524332 39734.623 472000
1695735599107 39847.428 476000
1695735678607 40112.688 480000
1695735759729 40725.9 484000
1695735842294 41298.314 488000
1695735925720 41717.974 492000
1695736013395 43019.48 496000
1695736097242 43731.962 500000
1695736173569 43756.598 504000
1695736248812 43847.769 508000
1695736320536 43892.67 512000
1695736388123 43604.559 516000
1695736454259 42911.413 520000
1695736520590 41983.194 524000
1695736587019 41180.434 528000
1695736651648 40186.417 532000
1695736716086 38692.324 536000
1695736779437 37514.31 540000
1695736842151 36747.723 544000
1695736905347 36138.705 548000
1695736968418 35721.393 552000
1695737032114 35348.423 556000
1695737094027 35180.164 560000
1695737157934 35100.691 564000
1695737219600 34935.635 568000
1695737281916 34838.201 572000
1695737344596 34731.729 576000
1695737411925 34855.094 580000
1695737478212 35225.096 584000
1695737541881 35210.617 588000
1695737604319 35133.133 592000
1695737666399 35124.718 596000
1695737728611 35099.994 600000
1695737791536 34990.17 604000
1695737853496 34988.482 608000
1695737916183 34994.801 612000
1695737978552 34957.857 616000
1695738041197 34816.3 620000
1695738103446 34426.48 624000
1695738167284 34406.487 628000
1695738229954 34328.947 632000
1695738292512 34337.578 636000
1695738354999 34415.321 640000
1695738417864 34468.874 644000
1695738479816 34445.368 648000
1695738542404 34544.785 652000
1695738605840 34517.394 656000
1695738668114 34568.936 660000
1695738731666 34552.864 664000
1695738794133 34646.042 668000
1695738858478 34814.643 672000
1695738921214 34863.88 676000
1695738984411 34818.946 680000
1695739046678 34847.719 684000
1695739110053 34873.584 688000
1695739171926 34831.114 692000
1695739235454 34871.035 696000
1695739297702 34842.362 700000
1695739360511 34812.175 704000
1695739423194 34796.863 708000
1695739487988 34803.145 712000
1695739550642 34830.281 716000
1695739613267 34786.668 720000
1695739675969 34804.452 724000
1695739737759 34743.58 728000
1695739800445 34715.652 732000
1695739862677 34733.857 736000
1695739925822 34677.47 740000
1695739987666 34684.7 744000
1695740051566 34633.775 748000
1695740114378 34513.212 752000
1695740177603 34430.667 756000
1695740240075 34499.236 760000
1695740301940 34360.28 764000
1695740363521 34351.572 768000
1695740426013 34354.198 772000
1695740488843 34320.937 776000
1695740550682 34329.512 780000
1695740613383 34292.778 784000
1695740676007 34370.152 788000
1695740739766 34400.506 792000
1695740801671 34437.458 796000
1695740864934 34396.502 800000
1695740927136 34500.935 804000
1695740989386 34483.756 808000
1695741052716 34611.399 812000
1695741116367 34628.859 816000
1695741179100 34731.133 820000
1695741242008 34719.068 824000
1695741305113 34704.019 828000
1695741368438 34656.12 832000
1695741432676 34698.802 836000
1695741500706 34950.557 840000
1695741566750 35149.457 844000
1695741631696 35370.639 848000
1695741707330 35711.515 852000
1695741770168 35743.795 856000
1695741834241 35646.308 860000
1695741896211 35718.987 864000
1695741958392 35650.07 868000
1695742020637 35674.945 872000
1695742083783 35609.248 876000
1695742146452 35356.414 880000
1695742211569 35223.662 884000
1695742275811 35178.884 888000
1695742341552 34715.161 892000
1695742413542 35060.961 896000
1695742481880 35483.792 900000
1695742548200 35902.972 904000
1695742610668 35917.178 908000
1695742672779 35865.977 912000
1695742735064 35892.279 916000
1695742798367 35871.683 920000
1695742861467 35894.116 924000
1695742924050 35753.489 928000
1695742986293 35772.297 932000
1695743049599 35291.738 936000
1695743111878 34873.443 940000
1695743175849 34497.632 944000
1695743237814 34492.255 948000
1695743299720 34456.216 952000
1695743361914 34415.521 956000
1695743425214 34383.131 960000
1695743487693 34295.917 964000
1695743552075 34419.413 968000
1695743614228 34394.752 972000
1695743677418 34465.087 976000
1695743740461 34567.769 980000
1695743804737 34607.139 984000
1695743866912 34645.906 988000
1695743930035 34709.177 992000
1695743991664 34684.08 996000
1695744055005 34740.324 1000000
