1695731491887 129.37 244000
1695731555261 127.923 248000
1695731626906 124.923 252000
1695731693903 129.249 256000
1695731770339 132.035 260000
1695731847769 135.6 264000
1695731929215 136.908 268000
1695732007450 138.321 272000
1695732085512 139.223 276000
1695732161526 136.974 280000
1695732229755 135.841 284000
1695732296184 135.492 288000
1695732365295 136.979 292000
1695732431642 134.674 296000
1695732499212 132.823 300000
1695732565097 128.737 304000
1695732635364 131.846 308000
1695732702982 130.637 312000
1695732772306 128.623 316000
1695732841498 129.843 320000
1695732910160 130.194 324000
1695732988623 130.493 328000
1695733057684 130.13 332000
1695733127138 129.768 336000
1695733197118 130.482 340000
1695733266834 131.658 344000
1695733337641 128.93 348000
1695733406185 127.116 352000
1695733475018 126.986 356000
1695733547081 128.662 360000
1695733617651 129.149 364000
1695733686140 129.987 368000
1695733756125 129.531 372000
1695733824362 130.408 376000
1695733894864 130.608 380000
1695733964197 130.336 384000
1695734035196 130.347 388000
1695734104175 131.889 392000
1695734175604 131.935 396000
1695734244648 130.2 400000
1695734315672 130.42 404000
1695734384582 129.459 408000
1695734453365 129.954 412000
1695734520652 129.591 416000
1695734588359 128.31 420000
1695734658310 129.114 424000
1695734727976 127.236 428000
1695734796866 126.257 432000
1695734870204 128.782 436000
1695734945739 131.52 440000
1695735017050 132.25 444000
1695735086343 135.315 448000
1695735161666 135.058 452000
1695735231909 135.736 456000
1695735305848 137.916 460000
1695735382096 139.111 464000
1695735453105 140.106 468000
1695735524335 140.607 472000
1695735599109 141.118 476000
1695735678610 140.992 480000
1695735759732 142.624 484000
1695735842296 141.796 488000
1695735925722 144.397 492000
1695736013397 147.959 496000
1695736097245 148.317 500000
1695736173572 147.911 504000
1695736248816 153.375 508000
1695736320538 159.926 512000
1695736388125 155.647 516000
1695736454261 152.267 520000
1695736520592 148.655 524000
1695736587021 145.924 528000
1695736651651 142.438 532000
1695736716088 137.794 536000
1695736779439 134.939 540000
1695736842153 132.536 544000
1695736905349 126.81 548000
1695736968420 118.796 552000
1695737032116 120.586 556000
1695737094029 120.075 560000
1695737157937 120.044 564000
1695737219603 119.636 568000
1695737281918 119.674 572000
1695737344598 119.435 576000
1695737411928 121.808 580000
1695737478214 122.108 584000
1695737541883 120.008 588000
1695737604321 120.014 592000
1695737666401 118.552 596000
1695737728613 118.807 600000
1695737791538 118.917 604000
1695737853498 118.668 608000
1695737916185 117.927 612000
1695737978554 118.024 616000
1695738041199 115.537 620000
1695738103448 115.152 624000
1695738167286 114.719 628000
1695738229956 114.617 632000
1695738292515 115.055 636000
1695738355001 114.751 640000
1695738417866 114.629 644000
1695738479818 115.696 648000
1695738542406 115.799 652000
1695738605842 116.01 656000
1695738668116 115.835 660000
1695738731668 116.308 664000
1695738794135 116.129 668000
1695738858480 116.406 672000
1695738921217 115.913 676000
1695738984413 116.206 680000
1695739046681 116.134 684000
1695739110055 115.515 688000
1695739171928 115.376 692000
1695739235456 115.288 696000
1695739297704 115.259 700000
1695739360513 116.399 704000
1695739423197 118.062 708000
1695739487990 117.843 712000
1695739550645 117.561 716000
1695739613269 117.691 720000
1695739675972 117.616 724000
1695739737762 117.322 728000
1695739800447 117.939 732000
1695739862680 118.179 736000
1695739925825 118.756 740000
1695739987668 117.611 744000
1695740051568 117.064 748000
1695740114380 116.444 752000
1695740177605 116.864 756000
1695740240077 116.428 760000
1695740301942 116.474 764000
1695740363523 116.648 768000
1695740426016 116.464 772000
1695740488845 116.174 776000
1695740550684 115.932 780000
1695740613386 115.35 784000
1695740676009 114.562 788000
1695740739768 115.11 792000
1695740801673 114.96 796000
1695740864936 115.099 800000
1695740927138 114.857 804000
1695740989388 115.104 808000
1695741052718 115.225 812000
1695741116369 115.389 816000
1695741179102 114.721 820000
1695741242011 115.177 824000
1695741305115 115.182 828000
1695741368441 117.309 832000
1695741432678 118.188 836000
1695741500709 118.796 840000
1695741566752 119.343 844000
1695741631698 120.234 848000
1695741707332 120.049 852000
1695741770170 119.548 856000
1695741834243 121.714 860000
1695741896215 121.971 864000
1695741958394 122.691 868000
1695742020639 120.978 872000
1695742083786 120.837 876000
1695742146454 120.571 880000
1695742211572 120.317 884000
1695742275813 119.314 888000
1695742341554 120.96 892000
1695742413544 129.705 896000
1695742481884 128.729 900000
1695742548203 128.393 904000
1695742610671 127.824 908000
1695742672781 127.563 912000
1695742735067 126.801 916000
1695742798370 126.66 920000
1695742861470 128.148 924000
1695742924053 128.264 928000
1695742986296 126.583 932000
1695743049601 118.554 936000
1695743111880 117.701 940000
1695743175852 117.883 944000
1695743237816 118.453 948000
1695743299722 118.996 952000
1695743361917 118.766 956000
1695743425216 118.153 960000
1695743487695 117.19 964000
1695743552078 117.036 968000
1695743614230 117.014 972000
1695743677420 116.772 976000
1695743740464 117.088 980000
1695743804740 117.244 984000
1695743866915 116.58 988000
1695743930037 116.148 992000
1695743991667 116.677 996000
1695744055007 117.2 1000000
