1695731491883 58894.323 244000
1695731555256 60902.69 248000
1695731626903 64336.245 252000
1695731693900 64894.105 256000
1695731770335 67105.446 260000
1695731847765 68736.597 264000
1695731929211 70475.391 268000
1695732007446 71379.225 272000
1695732085508 72062.867 276000
1695732161523 72405.254 280000
1695732229752 73291.791 284000
1695732296181 73597.319 288000
1695732365292 73341.199 292000
1695732431640 73272.508 296000
1695732499209 72389.103 300000
1695732565094 71242.897 304000
1695732635360 70124.463 308000
1695732702979 69065.679 312000
1695732772303 68195.838 316000
1695732841495 67518.212 320000
1695732910157 67559.207 324000
1695732988620 68762.208 328000
1695733057680 68755.791 332000
1695733127136 69065.426 336000
1695733197115 69304.316 340000
1695733266831 69684.077 344000
1695733337636 69737.815 348000
1695733406181 69827.051 352000
1695733475014 69777.886 356000
1695733547078 70060.996 360000
1695733617648 70246.738 364000
1695733686136 69243.729 368000
1695733756122 69332.89 372000
1695733824359 69210.738 376000
1695733894861 69262.093 380000
1695733964194 69223.076 384000
1695734035193 69244.617 388000
1695734104172 69289.299 392000
1695734175600 69548.856 396000
1695734244645 69249.189 400000
1695734315669 69294.862 404000
1695734384578 69338.88 408000
1695734453362 69216.15 412000
1695734520649 69120.318 416000
1695734588356 68837.519 420000
1695734658306 68895.529 424000
1695734727973 68763.191 428000
1695734796863 68755.914 432000
1695734870201 68942.569 436000
1695734945735 69584.903 440000
1695735017046 69610.763 444000
1695735086340 69642.424 448000
1695735161663 70298.212 452000
1695735231905 70589.37 456000
1695735305844 71205.519 460000
1695735382092 71830.493 464000
1695735453102 71955.509 468000
1695735524331 72185.704 472000
1695735599105 72325.154 476000
1695735678606 72718.096 480000
1695735759728 73692.078 484000
1695735842293 75013.815 488000
1695735925719 75813.866 492000
1695736013394 77546.456 496000
1695736097241 78532.606 500000
1695736173568 78536.89 504000
1695736248811 78956.302 508000
1695736320535 78988.467 512000
1695736388122 78268.224 516000
1695736454258 76940.084 520000
1695736520589 75470.508 524000
1695736587018 73868.2 528000
1695736651647 71999.886 532000
1695736716085 69688.998 536000
1695736779436 67652.094 540000
1695736842150 66301.966 544000
1695736905346 65105.619 548000
1695736968417 64259.747 552000
1695737032113 63876.362 556000
1695737094026 63453.508 560000
1695737157933 63210.708 564000
1695737219600 62732.453 568000
1695737281915 62499.777 572000
1695737344595 62320.11 576000
1695737411924 62707.833 580000
1695737478211 63059.871 584000
1695737541880 63110.144 588000
1695737604318 63045.59 592000
1695737666398 62884.784 596000
1695737728610 62913.485 600000
1695737791535 62814.772 604000
1695737853495 62844.148 608000
1695737916182 62880.441 612000
1695737978552 62851.241 616000
1695738041196 62389.41 620000
1695738103446 61987.809 624000
1695738167283 62002.046 628000
1695738229954 62023.025 632000
1695738292512 62069.629 636000
1695738354998 62094.168 640000
1695738417863 62085.209 644000
1695738479815 62081.625 648000
1695738542403 62068.961 652000
1695738605839 62171.612 656000
1695738668113 62131.28 660000
1695738731665 62259.854 664000
1695738794132 62123.596 668000
1695738858477 62291.213 672000
1695738921213 62305.778 676000
1695738984410 62375.111 680000
1695739046678 62311.533 684000
1695739110052 62454.21 688000
1695739171925 62382.506 692000
1695739235453 62392.533 696000
1695739297702 62389.617 700000
1695739360510 62309.485 704000
1695739423193 62323.113 708000
1695739487987 62364.583 712000
1695739550642 62356.366 716000
1695739613266 62299.507 720000
1695739675968 62342.144 724000
1695739737758 62179.622 728000
1695739800444 62258.767 732000
1695739862676 62126.721 736000
1695739925821 62214.825 740000
1695739987665 62120.612 744000
1695740051565 62247.993 748000
1695740114377 62051.024 752000
1695740177602 62107.699 756000
1695740240074 62092.209 760000
1695740301939 62010.035 764000
1695740363520 61990.387 768000
1695740426013 61969.807 772000
1695740488842 62030.956 776000
1695740550681 61900.361 780000
1695740613383 61986.329 784000
1695740676006 61858.076 788000
1695740739765 61952.674 792000
1695740801670 61817.562 796000
1695740864933 61894.756 800000
1695740927135 61926.412 804000
1695740989385 61989.358 808000
1695741052716 62073.421 812000
1695741116367 62153.298 816000
1695741179099 62243.396 820000
1695741242008 62261.649 824000
1695741305112 62304.879 828000
1695741368438 62256.266 832000
1695741432675 62487.831 836000
1695741500705 62959.696 840000
1695741566749 63340.014 844000
1695741631695 63607.147 848000
1695741707329 64830.781 852000
1695741770167 64744.226 856000
1695741834240 64873.747 860000
1695741896210 64777.317 864000
1695741958392 64682.347 868000
1695742020636 64574.183 872000
1695742083782 64461.907 876000
1695742146451 63925.563 880000
1695742211569 63829.158 884000
1695742275810 63759.611 888000
1695742341551 62771.665 892000
1695742413541 63674.839 896000
1695742481879 64091.398 900000
1695742548199 64524.404 904000
1695742610667 64553.768 908000
1695742672778 64540.401 912000
1695742735064 64455.711 916000
1695742798367 64519.52 920000
1695742861466 64318.498 924000
1695742924049 64148.189 928000
1695742986292 63797.306 932000
1695743049598 62940.605 936000
1695743111877 62342.951 940000
1695743175849 62108.485 944000
1695743237813 62057.604 948000
1695743299719 62035.148 952000
1695743361913 62024.653 956000
1695743425213 62023.756 960000
1695743487692 61963.637 964000
1695743552075 62147.975 968000
1695743614228 62139.146 972000
1695743677417 62128.031 976000
1695743740461 62203.487 980000
1695743804736 62232.651 984000
1695743866911 62250.704 988000
1695743930034 62370.706 992000
1695743991664 62314.017 996000
1695744055004 62318.558 1000000
