1695731491981 1.0 244000
1695731555352 1.0 248000
1695731626985 1.0 252000
1695731693988 0.9887640449438202 256000
1695731770434 0.97 260000
1695731847879 0.96 264000
1695731929313 0.99 268000
1695732007545 1.0 272000
1695732085633 1.0 276000
1695732161604 1.0 280000
1695732229838 1.0 284000
1695732296271 1.0 288000
1695732365381 1.0 292000
1695732431719 0.99 296000
1695732499292 1.0 300000
1695732565187 1.0 304000
1695732635457 1.0 308000
1695732703072 1.0 312000
1695732772391 0.99 316000
1695732841580 1.0 320000
1695732910238 1.0 324000
1695732988705 1.0 328000
1695733057772 0.99 332000
1695733127218 0.98 336000
1695733197206 0.9827586206896551 340000
1695733266923 1.0 344000
1695733337747 1.0 348000
1695733406266 1.0 352000
1695733475103 1.0 356000
1695733547171 1.0 360000
1695733617736 1.0 364000
1695733686229 1.0 368000
1695733756207 1.0 372000
1695733824442 1.0 376000
1695733894949 1.0 380000
1695733964276 1.0 384000
1695734035287 1.0 388000
1695734104257 1.0 392000
1695734175685 1.0 396000
1695734244730 1.0 400000
1695734315756 1.0 404000
1695734384670 1.0 408000
1695734453445 1.0 412000
1695734520737 1.0 416000
1695734588442 1.0 420000
1695734658394 1.0 424000
1695734728060 1.0 428000
1695734796944 1.0 432000
1695734870311 1.0 436000
1695734945826 1.0 440000
1695735017142 1.0 444000
1695735086426 1.0 448000
1695735161751 1.0 452000
1695735231992 1.0 456000
1695735305941 1.0 460000
1695735382195 1.0 464000
1695735453191 1.0 468000
1695735524414 1.0 472000
1695735599198 1.0 476000
1695735678703 1.0 480000
1695735759826 1.0 484000
1695735842391 1.0 488000
1695735925824 1.0 492000
1695736013495 1.0 496000
1695736097343 1.0 500000
1695736173664 1.0 504000
1695736248934 1.0 508000
1695736320639 1.0 512000
1695736388202 1.0 516000
1695736454339 1.0 520000
1695736520669 1.0 524000
1695736587098 1.0 528000
1695736651734 1.0 532000
1695736716167 1.0 536000
1695736779513 1.0 540000
1695736842230 0.9911504424778761 544000
1695736905432 1.0 548000
1695736968492 1.0 552000
1695737032193 1.0 556000
1695737094105 1.0 560000
1695737158012 0.993006993006993 564000
1695737219680 1.0 568000
1695737281996 1.0 572000
1695737344677 1.0 576000
1695737412013 0.9939759036144579 580000
1695737478290 1.0 584000
1695737541959 1.0 588000
1695737604400 1.0 592000
1695737666483 1.0 596000
1695737728686 1.0 600000
1695737791616 1.0 604000
1695737853573 1.0 608000
1695737916259 1.0 612000
1695737978632 1.0 616000
1695738041273 1.0 620000
1695738103531 1.0 624000
1695738167361 1.0 628000
1695738230035 1.0 632000
1695738292590 1.0 636000
1695738355081 1.0 640000
1695738417939 1.0 644000
1695738479897 1.0 648000
1695738542482 1.0 652000
1695738605918 1.0 656000
1695738668192 1.0 660000
1695738731744 1.0 664000
1695738794212 1.0 668000
1695738858554 1.0 672000
1695738921297 1.0 676000
1695738984507 1.0 680000
1695739046755 1.0 684000
1695739110128 1.0 688000
1695739172004 1.0 692000
1695739235531 1.0 696000
1695739297778 1.0 700000
1695739360592 1.0 704000
1695739423279 1.0 708000
1695739488069 1.0 712000
1695739550719 1.0 716000
1695739613349 1.0 720000
1695739676048 1.0 724000
1695739737839 1.0 728000
1695739800524 1.0 732000
1695739862762 1.0 736000
1695739925904 1.0 740000
1695739987747 0.9905660377358491 744000
1695740051648 1.0 748000
1695740114462 0.9907407407407407 752000
1695740177680 0.9923076923076923 756000
1695740240151 1.0 760000
1695740302018 1.0 764000
1695740363604 1.0 768000
1695740426090 0.9929577464788732 772000
1695740488925 1.0 776000
1695740550759 0.986013986013986 780000
1695740613463 0.99 784000
1695740676086 1.0 788000
1695740739841 0.9921259842519685 792000
1695740801749 0.986013986013986 796000
1695740865010 1.0 800000
1695740927224 1.0 804000
1695740989462 1.0 808000
1695741052800 1.0 812000
1695741116445 0.9945054945054945 816000
1695741179180 1.0 820000
1695741242090 1.0 824000
1695741305193 1.0 828000
1695741368517 1.0 832000
1695741432756 1.0 836000
1695741500791 1.0 840000
1695741566831 0.9935897435897436 844000
1695741631780 1.0 848000
1695741707429 1.0 852000
1695741770246 1.0 856000
1695741834321 1.0 860000
1695741896314 1.0 864000
1695741958469 1.0 868000
1695742020718 1.0 872000
1695742083865 1.0 876000
1695742146532 1.0 880000
1695742211650 1.0 884000
1695742275889 1.0 888000
1695742341633 1.0 892000
1695742413657 1.0 896000
1695742481968 1.0 900000
1695742548279 1.0 904000
1695742610744 1.0 908000
1695742672856 1.0 912000
1695742735145 1.0 916000
1695742798451 1.0 920000
1695742861547 1.0 924000
1695742924138 1.0 928000
1695742986370 1.0 932000
1695743049678 1.0 936000
1695743111960 1.0 940000
1695743175929 1.0 944000
1695743237891 0.9871794871794872 948000
1695743299802 1.0 952000
1695743361995 1.0 956000
1695743425293 1.0 960000
1695743487770 1.0 964000
1695743552153 1.0 968000
1695743614307 1.0 972000
1695743677493 0.9945054945054945 976000
1695743740541 1.0 980000
1695743804817 1.0 984000
1695743866996 1.0 988000
1695743930112 1.0 992000
1695743991744 1.0 996000
1695744055082 1.0 1000000
