1695731491984 1.0 244000
1695731555354 1.0 248000
1695731626987 1.0 252000
1695731693990 1.0 256000
1695731770436 1.0 260000
1695731847881 1.0 264000
1695731929315 1.0 268000
1695732007547 1.0 272000
1695732085636 1.0 276000
1695732161606 1.0 280000
1695732229840 1.0 284000
1695732296272 1.0 288000
1695732365383 1.0 292000
1695732431720 1.0 296000
1695732499294 1.0 300000
1695732565188 1.0 304000
1695732635459 1.0 308000
1695732703074 1.0 312000
1695732772392 1.0 316000
1695732841582 1.0 320000
1695732910240 1.0 324000
1695732988706 1.0 328000
1695733057774 1.0 332000
1695733127220 1.0 336000
1695733197208 1.0 340000
1695733266924 1.0 344000
1695733337749 1.0 348000
1695733406267 1.0 352000
1695733475105 1.0 356000
1695733547172 1.0 360000
1695733617738 1.0 364000
1695733686230 1.0 368000
1695733756209 1.0 372000
1695733824443 1.0 376000
1695733894950 1.0 380000
1695733964277 1.0 384000
1695734035289 1.0 388000
1695734104258 1.0 392000
1695734175687 1.0 396000
1695734244732 1.0 400000
1695734315757 1.0 404000
1695734384672 1.0 408000
1695734453447 1.0 412000
1695734520739 1.0 416000
1695734588444 1.0 420000
1695734658396 1.0 424000
1695734728061 1.0 428000
1695734796946 1.0 432000
1695734870313 1.0 436000
1695734945827 1.0 440000
1695735017144 1.0 444000
1695735086427 1.0 448000
1695735161752 1.0 452000
1695735231993 1.0 456000
1695735305943 1.0 460000
1695735382197 1.0 464000
1695735453193 1.0 468000
1695735524415 1.0 472000
1695735599200 1.0 476000
1695735678704 1.0 480000
1695735759828 1.0 484000
1695735842392 1.0 488000
1695735925826 1.0 492000
1695736013498 1.0 496000
1695736097344 1.0 500000
1695736173666 1.0 504000
1695736248936 1.0 508000
1695736320641 1.0 512000
1695736388203 1.0 516000
1695736454341 1.0 520000
1695736520670 1.0 524000
1695736587099 1.0 528000
1695736651736 1.0 532000
1695736716169 1.0 536000
1695736779514 1.0 540000
1695736842232 1.0 544000
1695736905433 1.0 548000
1695736968494 1.0 552000
1695737032195 1.0 556000
1695737094106 1.0 560000
1695737158013 1.0 564000
1695737219682 1.0 568000
1695737281998 1.0 572000
1695737344679 1.0 576000
1695737412014 1.0 580000
1695737478292 1.0 584000
1695737541960 1.0 588000
1695737604402 1.0 592000
1695737666484 1.0 596000
1695737728688 1.0 600000
1695737791617 1.0 604000
1695737853574 1.0 608000
1695737916261 1.0 612000
1695737978634 1.0 616000
1695738041275 1.0 620000
1695738103533 1.0 624000
1695738167362 1.0 628000
1695738230036 1.0 632000
1695738292591 1.0 636000
1695738355083 1.0 640000
1695738417940 1.0 644000
1695738479898 1.0 648000
1695738542483 1.0 652000
1695738605920 1.0 656000
1695738668194 1.0 660000
1695738731746 1.0 664000
1695738794213 1.0 668000
1695738858555 1.0 672000
1695738921298 1.0 676000
1695738984509 1.0 680000
1695739046756 1.0 684000
1695739110130 1.0 688000
1695739172006 1.0 692000
1695739235532 1.0 696000
1695739297779 1.0 700000
1695739360594 1.0 704000
1695739423280 1.0 708000
1695739488070 1.0 712000
1695739550720 1.0 716000
1695739613351 1.0 720000
1695739676050 1.0 724000
1695739737841 1.0 728000
1695739800526 1.0 732000
1695739862764 1.0 736000
1695739925905 1.0 740000
1695739987749 1.0 744000
1695740051649 1.0 748000
1695740114463 1.0 752000
1695740177682 1.0 756000
1695740240152 1.0 760000
1695740302020 1.0 764000
1695740363605 1.0 768000
1695740426091 1.0 772000
1695740488926 1.0 776000
1695740550761 1.0 780000
1695740613465 1.0 784000
1695740676087 1.0 788000
1695740739843 1.0 792000
1695740801750 1.0 796000
1695740865012 1.0 800000
1695740927226 1.0 804000
1695740989464 1.0 808000
1695741052802 1.0 812000
1695741116446 1.0 816000
1695741179181 1.0 820000
1695741242091 1.0 824000
1695741305195 1.0 828000
1695741368518 1.0 832000
1695741432758 1.0 836000
1695741500793 1.0 840000
1695741566832 1.0 844000
1695741631782 1.0 848000
1695741707431 1.0 852000
1695741770247 1.0 856000
1695741834323 1.0 860000
1695741896315 1.0 864000
1695741958471 1.0 868000
1695742020720 1.0 872000
1695742083867 1.0 876000
1695742146534 1.0 880000
1695742211652 1.0 884000
1695742275891 1.0 888000
1695742341635 1.0 892000
1695742413659 1.0 896000
1695742481971 1.0 900000
1695742548280 1.0 904000
1695742610746 1.0 908000
1695742672857 1.0 912000
1695742735147 1.0 916000
1695742798452 1.0 920000
1695742861549 1.0 924000
1695742924139 1.0 928000
1695742986371 1.0 932000
1695743049680 1.0 936000
1695743111961 1.0 940000
1695743175931 1.0 944000
1695743237893 1.0 948000
1695743299803 1.0 952000
1695743361996 1.0 956000
1695743425295 1.0 960000
1695743487771 1.0 964000
1695743552154 1.0 968000
1695743614308 1.0 972000
1695743677494 1.0 976000
1695743740543 1.0 980000
1695743804818 1.0 984000
1695743866998 1.0 988000
1695743930114 1.0 992000
1695743991746 1.0 996000
1695744055084 1.0 1000000
