1695731491983 1.0 244000
1695731555353 1.0 248000
1695731626986 1.0 252000
1695731693989 0.0 256000
1695731770435 0.0 260000
1695731847880 0.0 264000
1695731929314 0.0 268000
1695732007546 1.0 272000
1695732085635 1.0 276000
1695732161605 1.0 280000
1695732229839 1.0 284000
1695732296271 1.0 288000
1695732365382 1.0 292000
1695732431720 0.0 296000
1695732499293 1.0 300000
1695732565188 1.0 304000
1695732635458 1.0 308000
1695732703073 1.0 312000
1695732772392 0.0 316000
1695732841581 1.0 320000
1695732910239 1.0 324000
1695732988706 1.0 328000
1695733057773 0.0 332000
1695733127219 0.0 336000
1695733197207 0.0 340000
1695733266924 1.0 344000
1695733337748 1.0 348000
1695733406267 1.0 352000
1695733475104 1.0 356000
1695733547171 1.0 360000
1695733617737 1.0 364000
1695733686230 1.0 368000
1695733756208 1.0 372000
1695733824442 1.0 376000
1695733894949 1.0 380000
1695733964276 1.0 384000
1695734035288 1.0 388000
1695734104257 1.0 392000
1695734175686 1.0 396000
1695734244731 1.0 400000
1695734315756 1.0 404000
1695734384671 1.0 408000
1695734453446 1.0 412000
1695734520738 1.0 416000
1695734588443 1.0 420000
1695734658395 1.0 424000
1695734728060 1.0 428000
1695734796945 1.0 432000
1695734870312 1.0 436000
1695734945826 1.0 440000
1695735017143 1.0 444000
1695735086426 1.0 448000
1695735161751 1.0 452000
1695735231992 1.0 456000
1695735305942 1.0 460000
1695735382196 1.0 464000
1695735453192 1.0 468000
1695735524415 1.0 472000
1695735599199 1.0 476000
1695735678703 1.0 480000
1695735759827 1.0 484000
1695735842392 1.0 488000
1695735925825 1.0 492000
1695736013496 1.0 496000
1695736097344 1.0 500000
1695736173665 1.0 504000
1695736248935 1.0 508000
1695736320640 1.0 512000
1695736388203 1.0 516000
1695736454340 1.0 520000
1695736520669 1.0 524000
1695736587098 1.0 528000
1695736651735 1.0 532000
1695736716168 1.0 536000
1695736779513 1.0 540000
1695736842231 0.0 544000
1695736905433 1.0 548000
1695736968493 1.0 552000
1695737032194 1.0 556000
1695737094106 1.0 560000
1695737158012 0.0 564000
1695737219681 1.0 568000
1695737281997 1.0 572000
1695737344678 1.0 576000
1695737412014 0.0 580000
1695737478291 1.0 584000
1695737541960 1.0 588000
1695737604401 1.0 592000
1695737666484 1.0 596000
1695737728687 1.0 600000
1695737791616 1.0 604000
1695737853573 1.0 608000
1695737916260 1.0 612000
1695737978633 1.0 616000
1695738041274 1.0 620000
1695738103532 1.0 624000
1695738167362 1.0 628000
1695738230035 1.0 632000
1695738292591 1.0 636000
1695738355082 1.0 640000
1695738417940 1.0 644000
1695738479898 1.0 648000
1695738542482 1.0 652000
1695738605919 1.0 656000
1695738668193 1.0 660000
1695738731745 1.0 664000
1695738794213 1.0 668000
1695738858555 1.0 672000
1695738921298 1.0 676000
1695738984508 1.0 680000
1695739046756 1.0 684000
1695739110129 1.0 688000
1695739172005 1.0 692000
1695739235532 1.0 696000
1695739297778 1.0 700000
1695739360593 1.0 704000
1695739423279 1.0 708000
1695739488070 1.0 712000
1695739550720 1.0 716000
1695739613350 1.0 720000
1695739676049 1.0 724000
1695739737840 1.0 728000
1695739800525 1.0 732000
1695739862763 1.0 736000
1695739925904 1.0 740000
1695739987748 0.0 744000
1695740051648 1.0 748000
1695740114463 0.0 752000
1695740177681 0.0 756000
1695740240151 1.0 760000
1695740302019 1.0 764000
1695740363605 1.0 768000
1695740426091 0.0 772000
1695740488925 1.0 776000
1695740550760 0.0 780000
1695740613464 0.0 784000
1695740676087 1.0 788000
1695740739842 0.0 792000
1695740801750 0.0 796000
1695740865011 1.0 800000
1695740927225 1.0 804000
1695740989463 1.0 808000
1695741052801 1.0 812000
1695741116446 0.0 816000
1695741179180 1.0 820000
1695741242090 1.0 824000
1695741305194 1.0 828000
1695741368517 1.0 832000
1695741432757 1.0 836000
1695741500792 1.0 840000
1695741566832 0.0 844000
1695741631781 1.0 848000
1695741707430 1.0 852000
1695741770247 1.0 856000
1695741834322 1.0 860000
1695741896314 1.0 864000
1695741958470 1.0 868000
1695742020719 1.0 872000
1695742083866 1.0 876000
1695742146533 1.0 880000
1695742211651 1.0 884000
1695742275890 1.0 888000
1695742341634 1.0 892000
1695742413658 1.0 896000
1695742481970 1.0 900000
1695742548279 1.0 904000
1695742610745 1.0 908000
1695742672856 1.0 912000
1695742735146 1.0 916000
1695742798451 1.0 920000
1695742861548 1.0 924000
1695742924138 1.0 928000
1695742986370 1.0 932000
1695743049679 1.0 936000
1695743111961 1.0 940000
1695743175930 1.0 944000
1695743237892 0.0 948000
1695743299802 1.0 952000
1695743361996 1.0 956000
1695743425294 1.0 960000
1695743487771 1.0 964000
1695743552154 1.0 968000
1695743614307 1.0 972000
1695743677493 0.0 976000
1695743740542 1.0 980000
1695743804817 1.0 984000
1695743866997 1.0 988000
1695743930113 1.0 992000
1695743991745 1.0 996000
1695744055083 1.0 1000000
