1695731491991 0.0 244000
1695731555362 0.0 248000
1695731626994 0.0 252000
1695731693998 0.0 256000
1695731770445 0.0 260000
1695731847889 0.0 264000
1695731929324 0.0 268000
1695732007556 0.0 272000
1695732085648 0.0 276000
1695732161613 0.0 280000
1695732229847 0.0 284000
1695732296279 0.0 288000
1695732365390 0.0 292000
1695732431728 0.0 296000
1695732499301 0.0 300000
1695732565197 0.0 304000
1695732635467 0.0 308000
1695732703081 0.0 312000
1695732772399 0.0 316000
1695732841589 0.0 320000
1695732910247 0.0 324000
1695732988714 0.0 328000
1695733057781 0.0 332000
1695733127226 0.0 336000
1695733197216 0.0 340000
1695733266932 0.0 344000
1695733337758 0.0 348000
1695733406275 0.0 352000
1695733475113 0.0 356000
1695733547180 0.0 360000
1695733617745 0.0 364000
1695733686238 0.0 368000
1695733756216 0.0 372000
1695733824450 0.0 376000
1695733894958 0.0 380000
1695733964284 0.0 384000
1695734035297 0.0 388000
1695734104265 0.0 392000
1695734175694 0.0 396000
1695734244738 0.0 400000
1695734315765 0.0 404000
1695734384679 0.0 408000
1695734453454 0.0 412000
1695734520746 0.0 416000
1695734588451 0.0 420000
1695734658403 0.0 424000
1695734728068 0.0 428000
1695734796953 0.0 432000
1695734870321 0.0 436000
1695734945835 0.0 440000
1695735017152 0.0 444000
1695735086435 0.0 448000
1695735161760 0.0 452000
1695735232001 0.0 456000
1695735305951 0.0 460000
1695735382205 0.0 464000
1695735453201 0.0 468000
1695735524422 0.0 472000
1695735599207 0.0 476000
1695735678713 0.0 480000
1695735759838 0.0 484000
1695735842401 0.0 488000
1695735925835 0.0 492000
1695736013508 0.0 496000
1695736097353 0.0 500000
1695736173673 0.0 504000
1695736248945 0.0 508000
1695736320649 0.0 512000
1695736388211 0.0 516000
1695736454348 0.0 520000
1695736520677 0.0 524000
1695736587106 0.0 528000
1695736651742 0.0 532000
1695736716175 0.0 536000
1695736779520 0.0 540000
1695736842238 0.0 544000
1695736905441 0.0 548000
1695736968501 0.0 552000
1695737032202 0.0 556000
1695737094114 0.0 560000
1695737158020 0.0 564000
1695737219689 0.0 568000
1695737282005 0.0 572000
1695737344685 0.0 576000
1695737412022 0.0 580000
1695737478298 0.0 584000
1695737541967 0.0 588000
1695737604408 0.0 592000
1695737666491 0.0 596000
1695737728695 0.0 600000
1695737791623 0.0 604000
1695737853581 0.0 608000
1695737916267 0.0 612000
1695737978641 0.0 616000
1695738041282 0.0 620000
1695738103540 0.0 624000
1695738167369 0.0 628000
1695738230043 0.0 632000
1695738292598 0.0 636000
1695738355090 0.0 640000
1695738417947 0.0 644000
1695738479904 0.0 648000
1695738542489 0.0 652000
1695738605927 0.0 656000
1695738668201 0.0 660000
1695738731752 0.0 664000
1695738794221 0.0 668000
1695738858562 0.0 672000
1695738921305 0.0 676000
1695738984517 0.0 680000
1695739046764 0.0 684000
1695739110136 0.0 688000
1695739172013 0.0 692000
1695739235539 0.0 696000
1695739297785 0.0 700000
1695739360600 0.0 704000
1695739423287 0.0 708000
1695739488077 0.0 712000
1695739550727 0.0 716000
1695739613358 0.0 720000
1695739676056 0.0 724000
1695739737847 0.0 728000
1695739800533 0.0 732000
1695739862770 0.0 736000
1695739925912 0.0 740000
1695739987756 0.0 744000
1695740051656 0.0 748000
1695740114470 0.0 752000
1695740177688 0.0 756000
1695740240159 0.0 760000
1695740302027 0.0 764000
1695740363613 0.0 768000
1695740426098 0.0 772000
1695740488932 0.0 776000
1695740550768 0.0 780000
1695740613472 0.0 784000
1695740676094 0.0 788000
1695740739850 0.0 792000
1695740801757 0.0 796000
1695740865018 0.0 800000
1695740927233 0.0 804000
1695740989470 0.0 808000
1695741052809 0.0 812000
1695741116453 0.0 816000
1695741179188 0.0 820000
1695741242098 0.0 824000
1695741305201 0.0 828000
1695741368524 0.0 832000
1695741432765 0.0 836000
1695741500800 0.0 840000
1695741566839 0.0 844000
1695741631789 0.0 848000
1695741707438 0.0 852000
1695741770254 0.0 856000
1695741834330 0.0 860000
1695741896324 0.0 864000
1695741958477 0.0 868000
1695742020726 0.0 872000
1695742083874 0.0 876000
1695742146540 0.0 880000
1695742211659 0.0 884000
1695742275898 0.0 888000
1695742341642 0.0 892000
1695742413668 0.0 896000
1695742481982 0.0 900000
1695742548286 0.0 904000
1695742610752 0.0 908000
1695742672864 0.0 912000
1695742735154 0.0 916000
1695742798459 0.0 920000
1695742861555 0.0 924000
1695742924146 0.0 928000
1695742986377 0.0 932000
1695743049686 0.0 936000
1695743111969 0.0 940000
1695743175938 0.0 944000
1695743237900 0.0 948000
1695743299809 0.0 952000
1695743362003 0.0 956000
1695743425302 0.0 960000
1695743487778 0.0 964000
1695743552161 0.0 968000
1695743614314 0.0 972000
1695743677501 0.0 976000
1695743740549 0.0 980000
1695743804825 0.0 984000
1695743867005 0.0 988000
1695743930120 0.0 992000
1695743991752 0.0 996000
1695744055090 0.0 1000000
