1695731491989 0.0 244000
1695731555360 0.0 248000
1695731626992 0.0 252000
1695731693996 0.0 256000
1695731770443 0.0 260000
1695731847887 0.0 264000
1695731929322 0.0 268000
1695732007554 0.0 272000
1695732085646 0.0 276000
1695732161611 0.0 280000
1695732229845 0.0 284000
1695732296277 0.0 288000
1695732365389 0.0 292000
1695732431726 0.0 296000
1695732499299 0.0 300000
1695732565195 0.0 304000
1695732635465 0.0 308000
1695732703080 0.0 312000
1695732772398 0.0 316000
1695732841587 0.0 320000
1695732910245 0.0 324000
1695732988713 0.0 328000
1695733057779 0.0 332000
1695733127224 0.0 336000
1695733197214 0.0 340000
1695733266930 0.0 344000
1695733337756 0.0 348000
1695733406273 0.0 352000
1695733475111 0.0 356000
1695733547178 0.0 360000
1695733617744 0.0 364000
1695733686236 0.0 368000
1695733756214 0.0 372000
1695733824449 0.0 376000
1695733894956 0.0 380000
1695733964282 0.0 384000
1695734035295 0.0 388000
1695734104264 0.0 392000
1695734175692 0.0 396000
1695734244737 0.0 400000
1695734315763 0.0 404000
1695734384677 0.0 408000
1695734453453 0.0 412000
1695734520744 0.0 416000
1695734588449 0.0 420000
1695734658401 0.0 424000
1695734728067 0.0 428000
1695734796952 0.0 432000
1695734870319 0.0 436000
1695734945833 0.0 440000
1695735017150 0.0 444000
1695735086433 0.0 448000
1695735161758 0.0 452000
1695735231999 0.0 456000
1695735305949 0.0 460000
1695735382203 0.0 464000
1695735453199 0.0 468000
1695735524421 0.0 472000
1695735599206 0.0 476000
1695735678710 0.0 480000
1695735759836 0.0 484000
1695735842399 0.0 488000
1695735925833 0.0 492000
1695736013506 0.0 496000
1695736097351 0.0 500000
1695736173672 0.0 504000
1695736248943 0.0 508000
1695736320647 0.0 512000
1695736388209 0.0 516000
1695736454346 0.0 520000
1695736520675 0.0 524000
1695736587104 0.0 528000
1695736651741 0.0 532000
1695736716174 0.0 536000
1695736779519 0.0 540000
1695736842237 0.0 544000
1695736905439 0.0 548000
1695736968499 0.0 552000
1695737032201 0.0 556000
1695737094112 0.0 560000
1695737158018 0.0 564000
1695737219687 0.0 568000
1695737282003 0.0 572000
1695737344684 0.0 576000
1695737412020 0.0 580000
1695737478297 0.0 584000
1695737541966 0.0 588000
1695737604407 0.0 592000
1695737666489 0.0 596000
1695737728693 0.0 600000
1695737791622 0.0 604000
1695737853579 0.0 608000
1695737916266 0.0 612000
1695737978640 0.0 616000
1695738041280 0.0 620000
1695738103538 0.0 624000
1695738167368 0.0 628000
1695738230042 0.0 632000
1695738292597 0.0 636000
1695738355089 0.0 640000
1695738417945 0.0 644000
1695738479903 0.0 648000
1695738542488 0.0 652000
1695738605925 0.0 656000
1695738668200 0.0 660000
1695738731751 0.0 664000
1695738794219 0.0 668000
1695738858560 0.0 672000
1695738921303 0.0 676000
1695738984516 0.0 680000
1695739046762 0.0 684000
1695739110134 0.0 688000
1695739172011 0.0 692000
1695739235538 0.0 696000
1695739297784 0.0 700000
1695739360599 0.0 704000
1695739423285 0.0 708000
1695739488075 0.0 712000
1695739550725 0.0 716000
1695739613356 0.0 720000
1695739676055 0.0 724000
1695739737846 0.0 728000
1695739800531 0.0 732000
1695739862769 0.0 736000
1695739925911 0.0 740000
1695739987755 0.0 744000
1695740051654 0.0 748000
1695740114468 0.0 752000
1695740177687 0.0 756000
1695740240157 0.0 760000
1695740302026 0.0 764000
1695740363611 0.0 768000
1695740426096 0.0 772000
1695740488931 0.0 776000
1695740550766 0.0 780000
1695740613470 0.0 784000
1695740676092 0.0 788000
1695740739848 0.0 792000
1695740801756 0.0 796000
1695740865017 0.0 800000
1695740927232 0.0 804000
1695740989469 0.0 808000
1695741052807 0.0 812000
1695741116451 0.0 816000
1695741179186 0.0 820000
1695741242097 0.0 824000
1695741305200 0.0 828000
1695741368523 0.0 832000
1695741432763 0.0 836000
1695741500798 0.0 840000
1695741566838 0.0 844000
1695741631787 0.0 848000
1695741707436 0.0 852000
1695741770253 0.0 856000
1695741834328 0.0 860000
1695741896323 0.0 864000
1695741958476 0.0 868000
1695742020725 0.0 872000
1695742083872 0.0 876000
1695742146539 0.0 880000
1695742211657 0.0 884000
1695742275896 0.0 888000
1695742341640 0.0 892000
1695742413666 0.0 896000
1695742481980 0.0 900000
1695742548285 0.0 904000
1695742610751 0.0 908000
1695742672862 0.0 912000
1695742735152 0.0 916000
1695742798458 0.0 920000
1695742861553 0.0 924000
1695742924145 0.0 928000
1695742986376 0.0 932000
1695743049685 0.0 936000
1695743111967 0.0 940000
1695743175936 0.0 944000
1695743237898 0.0 948000
1695743299808 0.0 952000
1695743362002 0.0 956000
1695743425300 0.0 960000
1695743487776 0.0 964000
1695743552159 0.0 968000
1695743614313 0.0 972000
1695743677499 0.0 976000
1695743740548 0.0 980000
1695743804823 0.0 984000
1695743867004 0.0 988000
1695743930119 0.0 992000
1695743991751 0.0 996000
1695744055088 0.0 1000000
