1695731491990 0.0 244000
1695731555361 0.0 248000
1695731626993 0.0 252000
1695731693997 0.0 256000
1695731770444 0.0 260000
1695731847888 0.0 264000
1695731929323 0.0 268000
1695732007555 0.0 272000
1695732085647 0.0 276000
1695732161612 0.0 280000
1695732229846 0.0 284000
1695732296278 0.0 288000
1695732365390 0.0 292000
1695732431727 0.0 296000
1695732499300 0.0 300000
1695732565196 0.0 304000
1695732635466 0.0 308000
1695732703080 0.0 312000
1695732772399 0.0 316000
1695732841588 0.0 320000
1695732910246 0.0 324000
1695732988714 0.0 328000
1695733057780 0.0 332000
1695733127225 0.0 336000
1695733197215 0.0 340000
1695733266931 0.0 344000
1695733337757 0.0 348000
1695733406274 0.0 352000
1695733475112 0.0 356000
1695733547179 0.0 360000
1695733617745 0.0 364000
1695733686237 0.0 368000
1695733756215 0.0 372000
1695733824449 0.0 376000
1695733894957 0.0 380000
1695733964283 0.0 384000
1695734035296 0.0 388000
1695734104264 0.0 392000
1695734175693 0.0 396000
1695734244738 0.0 400000
1695734315764 0.0 404000
1695734384678 0.0 408000
1695734453453 0.0 412000
1695734520745 0.0 416000
1695734588450 0.0 420000
1695734658402 0.0 424000
1695734728068 0.0 428000
1695734796953 0.0 432000
1695734870320 0.0 436000
1695734945834 0.0 440000
1695735017151 0.0 444000
1695735086434 0.0 448000
1695735161759 0.0 452000
1695735232000 0.0 456000
1695735305950 0.0 460000
1695735382204 0.0 464000
1695735453200 0.0 468000
1695735524421 0.0 472000
1695735599207 0.0 476000
1695735678711 0.0 480000
1695735759837 0.0 484000
1695735842400 0.0 488000
1695735925834 0.0 492000
1695736013507 0.0 496000
1695736097352 0.0 500000
1695736173672 0.0 504000
1695736248944 0.0 508000
1695736320648 0.0 512000
1695736388210 0.0 516000
1695736454347 0.0 520000
1695736520676 0.0 524000
1695736587105 0.0 528000
1695736651742 0.0 532000
1695736716174 0.0 536000
1695736779520 0.0 540000
1695736842237 0.0 544000
1695736905440 0.0 548000
1695736968500 0.0 552000
1695737032201 0.0 556000
1695737094113 0.0 560000
1695737158019 0.0 564000
1695737219688 0.0 568000
1695737282004 0.0 572000
1695737344685 0.0 576000
1695737412021 0.0 580000
1695737478297 0.0 584000
1695737541966 0.0 588000
1695737604408 0.0 592000
1695737666490 0.0 596000
1695737728694 0.0 600000
1695737791623 0.0 604000
1695737853580 0.0 608000
1695737916267 0.0 612000
1695737978641 0.0 616000
1695738041281 0.0 620000
1695738103539 0.0 624000
1695738167368 0.0 628000
1695738230043 0.0 632000
1695738292597 0.0 636000
1695738355090 0.0 640000
1695738417946 0.0 644000
1695738479904 0.0 648000
1695738542489 0.0 652000
1695738605926 0.0 656000
1695738668200 0.0 660000
1695738731751 0.0 664000
1695738794220 0.0 668000
1695738858561 0.0 672000
1695738921304 0.0 676000
1695738984517 0.0 680000
1695739046763 0.0 684000
1695739110135 0.0 688000
1695739172012 0.0 692000
1695739235539 0.0 696000
1695739297785 0.0 700000
1695739360599 0.0 704000
1695739423286 0.0 708000
1695739488076 0.0 712000
1695739550726 0.0 716000
1695739613357 0.0 720000
1695739676056 0.0 724000
1695739737847 0.0 728000
1695739800532 0.0 732000
1695739862769 0.0 736000
1695739925912 0.0 740000
1695739987755 0.0 744000
1695740051655 0.0 748000
1695740114469 0.0 752000
1695740177687 0.0 756000
1695740240158 0.0 760000
1695740302026 0.0 764000
1695740363612 0.0 768000
1695740426097 0.0 772000
1695740488931 0.0 776000
1695740550767 0.0 780000
1695740613471 0.0 784000
1695740676093 0.0 788000
1695740739849 0.0 792000
1695740801757 0.0 796000
1695740865017 0.0 800000
1695740927233 0.0 804000
1695740989470 0.0 808000
1695741052808 0.0 812000
1695741116452 0.0 816000
1695741179187 0.0 820000
1695741242098 0.0 824000
1695741305200 0.0 828000
1695741368524 0.0 832000
1695741432764 0.0 836000
1695741500799 0.0 840000
1695741566838 0.0 844000
1695741631788 0.0 848000
1695741707437 0.0 852000
1695741770254 0.0 856000
1695741834329 0.0 860000
1695741896324 0.0 864000
1695741958476 0.0 868000
1695742020726 0.0 872000
1695742083873 0.0 876000
1695742146540 0.0 880000
1695742211658 0.0 884000
1695742275897 0.0 888000
1695742341641 0.0 892000
1695742413667 0.0 896000
1695742481981 0.0 900000
1695742548285 0.0 904000
1695742610751 0.0 908000
1695742672863 0.0 912000
1695742735153 0.0 916000
1695742798458 0.0 920000
1695742861554 0.0 924000
1695742924145 0.0 928000
1695742986377 0.0 932000
1695743049686 0.0 936000
1695743111968 0.0 940000
1695743175937 0.0 944000
1695743237899 0.0 948000
1695743299809 0.0 952000
1695743362002 0.0 956000
1695743425301 0.0 960000
1695743487777 0.0 964000
1695743552160 0.0 968000
1695743614314 0.0 972000
1695743677500 0.0 976000
1695743740548 0.0 980000
1695743804824 0.0 984000
1695743867004 0.0 988000
1695743930119 0.0 992000
1695743991752 0.0 996000
1695744055089 0.0 1000000
