1695731491985 0.0 244000
1695731555356 0.0 248000
1695731626988 0.0 252000
1695731693992 0.0 256000
1695731770438 0.0 260000
1695731847883 0.0 264000
1695731929317 0.0 268000
1695732007549 0.0 272000
1695732085639 0.0 276000
1695732161607 0.0 280000
1695732229841 0.0 284000
1695732296274 0.0 288000
1695732365385 0.0 292000
1695732431722 0.0 296000
1695732499296 0.0 300000
1695732565190 0.0 304000
1695732635461 0.0 308000
1695732703075 0.0 312000
1695732772394 0.0 316000
1695732841583 0.0 320000
1695732910241 0.0 324000
1695732988708 0.0 328000
1695733057775 0.0 332000
1695733127221 0.0 336000
1695733197210 0.0 340000
1695733266926 0.0 344000
1695733337751 0.0 348000
1695733406269 0.0 352000
1695733475107 0.0 356000
1695733547174 0.0 360000
1695733617740 0.0 364000
1695733686232 0.0 368000
1695733756210 0.0 372000
1695733824445 0.0 376000
1695733894952 0.0 380000
1695733964278 0.0 384000
1695734035291 0.0 388000
1695734104260 0.0 392000
1695734175688 0.0 396000
1695734244733 0.0 400000
1695734315759 0.0 404000
1695734384673 0.0 408000
1695734453449 0.0 412000
1695734520740 0.0 416000
1695734588445 0.0 420000
1695734658397 0.0 424000
1695734728063 0.0 428000
1695734796947 0.0 432000
1695734870314 0.0 436000
1695734945829 0.0 440000
1695735017146 0.0 444000
1695735086429 0.0 448000
1695735161754 0.0 452000
1695735231995 0.0 456000
1695735305944 0.0 460000
1695735382199 0.0 464000
1695735453195 0.0 468000
1695735524417 0.0 472000
1695735599201 0.0 476000
1695735678706 0.0 480000
1695735759831 0.0 484000
1695735842394 0.0 488000
1695735925828 0.0 492000
1695736013501 0.0 496000
1695736097346 0.0 500000
1695736173667 0.0 504000
1695736248938 0.0 508000
1695736320642 0.0 512000
1695736388205 0.0 516000
1695736454342 0.0 520000
1695736520672 0.0 524000
1695736587101 0.0 528000
1695736651737 0.0 532000
1695736716170 0.0 536000
1695736779515 0.0 540000
1695736842233 0.0 544000
1695736905435 0.0 548000
1695736968495 0.0 552000
1695737032197 0.0 556000
1695737094108 0.0 560000
1695737158014 0.0 564000
1695737219683 0.0 568000
1695737282000 0.0 572000
1695737344680 0.0 576000
1695737412016 0.0 580000
1695737478293 0.0 584000
1695737541962 0.0 588000
1695737604403 0.0 592000
1695737666486 0.0 596000
1695737728689 0.0 600000
1695737791618 0.0 604000
1695737853576 0.0 608000
1695737916262 0.0 612000
1695737978636 0.0 616000
1695738041276 0.0 620000
1695738103534 0.0 624000
1695738167364 0.0 628000
1695738230038 0.0 632000
1695738292593 0.0 636000
1695738355085 0.0 640000
1695738417942 0.0 644000
1695738479900 0.0 648000
1695738542484 0.0 652000
1695738605921 0.0 656000
1695738668196 0.0 660000
1695738731747 0.0 664000
1695738794215 0.0 668000
1695738858557 0.0 672000
1695738921300 0.0 676000
1695738984510 0.0 680000
1695739046758 0.0 684000
1695739110131 0.0 688000
1695739172007 0.0 692000
1695739235534 0.0 696000
1695739297780 0.0 700000
1695739360595 0.0 704000
1695739423282 0.0 708000
1695739488072 0.0 712000
1695739550722 0.0 716000
1695739613352 0.0 720000
1695739676051 0.0 724000
1695739737842 0.0 728000
1695739800527 0.0 732000
1695739862765 0.0 736000
1695739925907 0.0 740000
1695739987751 0.0 744000
1695740051650 0.0 748000
1695740114465 0.0 752000
1695740177683 0.0 756000
1695740240154 0.0 760000
1695740302021 0.0 764000
1695740363607 0.0 768000
1695740426093 0.0 772000
1695740488927 0.0 776000
1695740550762 0.0 780000
1695740613466 0.0 784000
1695740676089 0.0 788000
1695740739845 0.0 792000
1695740801752 0.0 796000
1695740865013 0.0 800000
1695740927228 0.0 804000
1695740989465 0.0 808000
1695741052803 0.0 812000
1695741116448 0.0 816000
1695741179182 0.0 820000
1695741242093 0.0 824000
1695741305196 0.0 828000
1695741368520 0.0 832000
1695741432760 0.0 836000
1695741500794 0.0 840000
1695741566834 0.0 844000
1695741631784 0.0 848000
1695741707432 0.0 852000
1695741770249 0.0 856000
1695741834324 0.0 860000
1695741896317 0.0 864000
1695741958472 0.0 868000
1695742020721 0.0 872000
1695742083868 0.0 876000
1695742146535 0.0 880000
1695742211653 0.0 884000
1695742275892 0.0 888000
1695742341636 0.0 892000
1695742413661 0.0 896000
1695742481973 0.0 900000
1695742548281 0.0 904000
1695742610747 0.0 908000
1695742672859 0.0 912000
1695742735149 0.0 916000
1695742798454 0.0 920000
1695742861550 0.0 924000
1695742924141 0.0 928000
1695742986372 0.0 932000
1695743049681 0.0 936000
1695743111963 0.0 940000
1695743175932 0.0 944000
1695743237894 0.0 948000
1695743299805 0.0 952000
1695743361998 0.0 956000
1695743425296 0.0 960000
1695743487773 0.0 964000
1695743552156 0.0 968000
1695743614309 0.0 972000
1695743677496 0.0 976000
1695743740544 0.0 980000
1695743804820 0.0 984000
1695743867000 0.0 988000
1695743930115 0.0 992000
1695743991747 0.0 996000
1695744055085 0.0 1000000
