1695731491986 0.0 244000
1695731555356 0.0 248000
1695731626989 0.0 252000
1695731693993 0.0 256000
1695731770439 0.0 260000
1695731847883 0.0 264000
1695731929318 0.0 268000
1695732007550 0.0 272000
1695732085641 0.0 276000
1695732161608 0.0 280000
1695732229842 0.0 284000
1695732296274 0.0 288000
1695732365385 0.0 292000
1695732431723 0.0 296000
1695732499296 0.0 300000
1695732565191 0.0 304000
1695732635461 0.0 308000
1695732703076 0.0 312000
1695732772395 0.0 316000
1695732841584 0.0 320000
1695732910242 0.0 324000
1695732988709 0.0 328000
1695733057776 0.0 332000
1695733127222 0.0 336000
1695733197211 0.0 340000
1695733266927 0.0 344000
1695733337752 0.0 348000
1695733406270 0.0 352000
1695733475108 0.0 356000
1695733547175 0.0 360000
1695733617741 0.0 364000
1695733686233 0.0 368000
1695733756211 0.0 372000
1695733824446 0.0 376000
1695733894953 0.0 380000
1695733964279 0.0 384000
1695734035291 0.0 388000
1695734104260 0.0 392000
1695734175689 0.0 396000
1695734244734 0.0 400000
1695734315760 0.0 404000
1695734384674 0.0 408000
1695734453450 0.0 412000
1695734520741 0.0 416000
1695734588446 0.0 420000
1695734658398 0.0 424000
1695734728064 0.0 428000
1695734796948 0.0 432000
1695734870315 0.0 436000
1695734945830 0.0 440000
1695735017147 0.0 444000
1695735086430 0.0 448000
1695735161755 0.0 452000
1695735231996 0.0 456000
1695735305945 0.0 460000
1695735382200 0.0 464000
1695735453196 0.0 468000
1695735524418 0.0 472000
1695735599202 0.0 476000
1695735678707 0.0 480000
1695735759832 0.0 484000
1695735842395 0.0 488000
1695735925829 0.0 492000
1695736013501 0.0 496000
1695736097347 0.0 500000
1695736173668 0.0 504000
1695736248939 0.0 508000
1695736320643 0.0 512000
1695736388206 0.0 516000
1695736454343 0.0 520000
1695736520672 0.0 524000
1695736587101 0.0 528000
1695736651738 0.0 532000
1695736716171 0.0 536000
1695736779516 0.0 540000
1695736842234 0.0 544000
1695736905436 0.0 548000
1695736968496 0.0 552000
1695737032197 0.0 556000
1695737094109 0.0 560000
1695737158015 0.0 564000
1695737219684 0.0 568000
1695737282000 0.0 572000
1695737344681 0.0 576000
1695737412017 0.0 580000
1695737478294 0.0 584000
1695737541963 0.0 588000
1695737604404 0.0 592000
1695737666486 0.0 596000
1695737728690 0.0 600000
1695737791619 0.0 604000
1695737853577 0.0 608000
1695737916263 0.0 612000
1695737978636 0.0 616000
1695738041277 0.0 620000
1695738103535 0.0 624000
1695738167365 0.0 628000
1695738230039 0.0 632000
1695738292593 0.0 636000
1695738355085 0.0 640000
1695738417942 0.0 644000
1695738479900 0.0 648000
1695738542485 0.0 652000
1695738605922 0.0 656000
1695738668196 0.0 660000
1695738731748 0.0 664000
1695738794216 0.0 668000
1695738858557 0.0 672000
1695738921300 0.0 676000
1695738984511 0.0 680000
1695739046759 0.0 684000
1695739110132 0.0 688000
1695739172008 0.0 692000
1695739235535 0.0 696000
1695739297781 0.0 700000
1695739360596 0.0 704000
1695739423282 0.0 708000
1695739488072 0.0 712000
1695739550722 0.0 716000
1695739613353 0.0 720000
1695739676052 0.0 724000
1695739737843 0.0 728000
1695739800528 0.0 732000
1695739862766 0.0 736000
1695739925908 0.0 740000
1695739987751 0.0 744000
1695740051651 0.0 748000
1695740114465 0.0 752000
1695740177684 0.0 756000
1695740240154 0.0 760000
1695740302022 0.0 764000
1695740363608 0.0 768000
1695740426094 0.0 772000
1695740488928 0.0 776000
1695740550763 0.0 780000
1695740613467 0.0 784000
1695740676089 0.0 788000
1695740739845 0.0 792000
1695740801753 0.0 796000
1695740865014 0.0 800000
1695740927228 0.0 804000
1695740989466 0.0 808000
1695741052804 0.0 812000
1695741116448 0.0 816000
1695741179183 0.0 820000
1695741242094 0.0 824000
1695741305197 0.0 828000
1695741368520 0.0 832000
1695741432760 0.0 836000
1695741500795 0.0 840000
1695741566835 0.0 844000
1695741631784 0.0 848000
1695741707433 0.0 852000
1695741770250 0.0 856000
1695741834325 0.0 860000
1695741896318 0.0 864000
1695741958473 0.0 868000
1695742020722 0.0 872000
1695742083869 0.0 876000
1695742146536 0.0 880000
1695742211654 0.0 884000
1695742275893 0.0 888000
1695742341637 0.0 892000
1695742413662 0.0 896000
1695742481975 0.0 900000
1695742548282 0.0 904000
1695742610748 0.0 908000
1695742672859 0.0 912000
1695742735149 0.0 916000
1695742798454 0.0 920000
1695742861551 0.0 924000
1695742924141 0.0 928000
1695742986373 0.0 932000
1695743049682 0.0 936000
1695743111964 0.0 940000
1695743175933 0.0 944000
1695743237895 0.0 948000
1695743299805 0.0 952000
1695743361999 0.0 956000
1695743425297 0.0 960000
1695743487773 0.0 964000
1695743552156 0.0 968000
1695743614310 0.0 972000
1695743677496 0.0 976000
1695743740545 0.0 980000
1695743804820 0.0 984000
1695743867000 0.0 988000
1695743930116 0.0 992000
1695743991748 0.0 996000
1695744055086 0.0 1000000
