1695731491984 0.0 244000
1695731555355 0.0 248000
1695731626988 0.0 252000
1695731693991 0.0 256000
1695731770437 0.0 260000
1695731847882 0.0 264000
1695731929316 0.0 268000
1695732007548 0.0 272000
1695732085638 0.0 276000
1695732161606 0.0 280000
1695732229840 0.0 284000
1695732296273 0.0 288000
1695732365384 0.0 292000
1695732431721 0.0 296000
1695732499295 0.0 300000
1695732565189 0.0 304000
1695732635460 0.0 308000
1695732703074 0.0 312000
1695732772393 0.0 316000
1695732841582 0.0 320000
1695732910241 0.0 324000
1695732988707 0.0 328000
1695733057775 0.0 332000
1695733127220 0.0 336000
1695733197209 0.0 340000
1695733266925 0.0 344000
1695733337750 0.0 348000
1695733406268 0.0 352000
1695733475106 0.0 356000
1695733547173 0.0 360000
1695733617739 0.0 364000
1695733686231 0.0 368000
1695733756209 0.0 372000
1695733824444 0.0 376000
1695733894951 0.0 380000
1695733964278 0.0 384000
1695734035290 0.0 388000
1695734104259 0.0 392000
1695734175688 0.0 396000
1695734244732 0.0 400000
1695734315758 0.0 404000
1695734384672 0.0 408000
1695734453448 0.0 412000
1695734520739 0.0 416000
1695734588444 0.0 420000
1695734658396 0.0 424000
1695734728062 0.0 428000
1695734796947 0.0 432000
1695734870314 0.0 436000
1695734945828 0.0 440000
1695735017145 0.0 444000
1695735086428 0.0 448000
1695735161753 0.0 452000
1695735231994 0.0 456000
1695735305944 0.0 460000
1695735382198 0.0 464000
1695735453194 0.0 468000
1695735524416 0.0 472000
1695735599201 0.0 476000
1695735678705 0.0 480000
1695735759829 0.0 484000
1695735842393 0.0 488000
1695735925827 0.0 492000
1695736013500 0.0 496000
1695736097345 0.0 500000
1695736173667 0.0 504000
1695736248937 0.0 508000
1695736320642 0.0 512000
1695736388204 0.0 516000
1695736454342 0.0 520000
1695736520671 0.0 524000
1695736587100 0.0 528000
1695736651737 0.0 532000
1695736716169 0.0 536000
1695736779515 0.0 540000
1695736842232 0.0 544000
1695736905434 0.0 548000
1695736968495 0.0 552000
1695737032196 0.0 556000
1695737094107 0.0 560000
1695737158014 0.0 564000
1695737219682 0.0 568000
1695737281999 0.0 572000
1695737344679 0.0 576000
1695737412015 0.0 580000
1695737478292 0.0 584000
1695737541961 0.0 588000
1695737604402 0.0 592000
1695737666485 0.0 596000
1695737728688 0.0 600000
1695737791618 0.0 604000
1695737853575 0.0 608000
1695737916262 0.0 612000
1695737978635 0.0 616000
1695738041276 0.0 620000
1695738103533 0.0 624000
1695738167363 0.0 628000
1695738230037 0.0 632000
1695738292592 0.0 636000
1695738355084 0.0 640000
1695738417941 0.0 644000
1695738479899 0.0 648000
1695738542484 0.0 652000
1695738605921 0.0 656000
1695738668195 0.0 660000
1695738731746 0.0 664000
1695738794214 0.0 668000
1695738858556 0.0 672000
1695738921299 0.0 676000
1695738984510 0.0 680000
1695739046757 0.0 684000
1695739110130 0.0 688000
1695739172007 0.0 692000
1695739235533 0.0 696000
1695739297780 0.0 700000
1695739360594 0.0 704000
1695739423281 0.0 708000
1695739488071 0.0 712000
1695739550721 0.0 716000
1695739613352 0.0 720000
1695739676050 0.0 724000
1695739737842 0.0 728000
1695739800527 0.0 732000
1695739862764 0.0 736000
1695739925906 0.0 740000
1695739987750 0.0 744000
1695740051650 0.0 748000
1695740114464 0.0 752000
1695740177682 0.0 756000
1695740240153 0.0 760000
1695740302021 0.0 764000
1695740363606 0.0 768000
1695740426092 0.0 772000
1695740488927 0.0 776000
1695740550762 0.0 780000
1695740613465 0.0 784000
1695740676088 0.0 788000
1695740739844 0.0 792000
1695740801751 0.0 796000
1695740865012 0.0 800000
1695740927227 0.0 804000
1695740989464 0.0 808000
1695741052802 0.0 812000
1695741116447 0.0 816000
1695741179182 0.0 820000
1695741242092 0.0 824000
1695741305195 0.0 828000
1695741368519 0.0 832000
1695741432759 0.0 836000
1695741500794 0.0 840000
1695741566833 0.0 844000
1695741631783 0.0 848000
1695741707431 0.0 852000
1695741770248 0.0 856000
1695741834323 0.0 860000
1695741896316 0.0 864000
1695741958471 0.0 868000
1695742020720 0.0 872000
1695742083868 0.0 876000
1695742146534 0.0 880000
1695742211653 0.0 884000
1695742275891 0.0 888000
1695742341636 0.0 892000
1695742413660 0.0 896000
1695742481972 0.0 900000
1695742548281 0.0 904000
1695742610746 0.0 908000
1695742672858 0.0 912000
1695742735148 0.0 916000
1695742798453 0.0 920000
1695742861549 0.0 924000
1695742924140 0.0 928000
1695742986372 0.0 932000
1695743049680 0.0 936000
1695743111962 0.0 940000
1695743175931 0.0 944000
1695743237893 0.0 948000
1695743299804 0.0 952000
1695743361997 0.0 956000
1695743425295 0.0 960000
1695743487772 0.0 964000
1695743552155 0.0 968000
1695743614309 0.0 972000
1695743677495 0.0 976000
1695743740543 0.0 980000
1695743804819 0.0 984000
1695743866999 0.0 988000
1695743930115 0.0 992000
1695743991747 0.0 996000
1695744055084 0.0 1000000
