1695731491988 0.0 244000
1695731555358 0.0 248000
1695731626991 0.0 252000
1695731693994 0.0 256000
1695731770441 0.0 260000
1695731847885 0.0 264000
1695731929320 0.0 268000
1695732007552 0.0 272000
1695732085643 0.0 276000
1695732161609 0.0 280000
1695732229843 0.0 284000
1695732296276 0.0 288000
1695732365387 0.0 292000
1695732431725 0.0 296000
1695732499298 0.0 300000
1695732565193 0.0 304000
1695732635463 0.0 308000
1695732703078 0.0 312000
1695732772396 0.0 316000
1695732841585 0.0 320000
1695732910244 0.0 324000
1695732988711 0.0 328000
1695733057778 0.0 332000
1695733127223 0.0 336000
1695733197213 0.0 340000
1695733266929 0.0 344000
1695733337754 0.0 348000
1695733406272 0.0 352000
1695733475109 0.0 356000
1695733547177 0.0 360000
1695733617742 0.0 364000
1695733686235 0.0 368000
1695733756213 0.0 372000
1695733824447 0.0 376000
1695733894954 0.0 380000
1695733964281 0.0 384000
1695734035293 0.0 388000
1695734104262 0.0 392000
1695734175691 0.0 396000
1695734244735 0.0 400000
1695734315761 0.0 404000
1695734384676 0.0 408000
1695734453451 0.0 412000
1695734520743 0.0 416000
1695734588447 0.0 420000
1695734658400 0.0 424000
1695734728065 0.0 428000
1695734796950 0.0 432000
1695734870317 0.0 436000
1695734945831 0.0 440000
1695735017148 0.0 444000
1695735086431 0.0 448000
1695735161756 0.0 452000
1695735231997 0.0 456000
1695735305947 0.0 460000
1695735382201 0.0 464000
1695735453197 0.0 468000
1695735524419 0.0 472000
1695735599204 0.0 476000
1695735678709 0.0 480000
1695735759834 0.0 484000
1695735842397 0.0 488000
1695735925831 0.0 492000
1695736013504 0.0 496000
1695736097349 0.0 500000
1695736173670 0.0 504000
1695736248941 0.0 508000
1695736320645 0.0 512000
1695736388207 0.0 516000
1695736454345 0.0 520000
1695736520674 0.0 524000
1695736587103 0.0 528000
1695736651739 0.0 532000
1695736716172 0.0 536000
1695736779518 0.0 540000
1695736842235 0.0 544000
1695736905437 0.0 548000
1695736968498 0.0 552000
1695737032199 0.0 556000
1695737094110 0.0 560000
1695737158017 0.0 564000
1695737219686 0.0 568000
1695737282002 0.0 572000
1695737344682 0.0 576000
1695737412019 0.0 580000
1695737478295 0.0 584000
1695737541964 0.0 588000
1695737604406 0.0 592000
1695737666488 0.0 596000
1695737728691 0.0 600000
1695737791621 0.0 604000
1695737853578 0.0 608000
1695737916265 0.0 612000
1695737978638 0.0 616000
1695738041279 0.0 620000
1695738103536 0.0 624000
1695738167366 0.0 628000
1695738230040 0.0 632000
1695738292595 0.0 636000
1695738355087 0.0 640000
1695738417944 0.0 644000
1695738479902 0.0 648000
1695738542486 0.0 652000
1695738605924 0.0 656000
1695738668198 0.0 660000
1695738731749 0.0 664000
1695738794217 0.0 668000
1695738858559 0.0 672000
1695738921302 0.0 676000
1695738984512 0.0 680000
1695739046760 0.0 684000
1695739110133 0.0 688000
1695739172009 0.0 692000
1695739235536 0.0 696000
1695739297782 0.0 700000
1695739360597 0.0 704000
1695739423284 0.0 708000
1695739488074 0.0 712000
1695739550724 0.0 716000
1695739613355 0.0 720000
1695739676053 0.0 724000
1695739737845 0.0 728000
1695739800530 0.0 732000
1695739862767 0.0 736000
1695739925909 0.0 740000
1695739987753 0.0 744000
1695740051653 0.0 748000
1695740114467 0.0 752000
1695740177685 0.0 756000
1695740240156 0.0 760000
1695740302024 0.0 764000
1695740363609 0.0 768000
1695740426095 0.0 772000
1695740488929 0.0 776000
1695740550765 0.0 780000
1695740613468 0.0 784000
1695740676091 0.0 788000
1695740739847 0.0 792000
1695740801754 0.0 796000
1695740865015 0.0 800000
1695740927230 0.0 804000
1695740989467 0.0 808000
1695741052806 0.0 812000
1695741116450 0.0 816000
1695741179185 0.0 820000
1695741242095 0.0 824000
1695741305198 0.0 828000
1695741368522 0.0 832000
1695741432762 0.0 836000
1695741500797 0.0 840000
1695741566836 0.0 844000
1695741631786 0.0 848000
1695741707435 0.0 852000
1695741770251 0.0 856000
1695741834326 0.0 860000
1695741896321 0.0 864000
1695741958474 0.0 868000
1695742020724 0.0 872000
1695742083871 0.0 876000
1695742146537 0.0 880000
1695742211656 0.0 884000
1695742275894 0.0 888000
1695742341639 0.0 892000
1695742413664 0.0 896000
1695742481977 0.0 900000
1695742548283 0.0 904000
1695742610749 0.0 908000
1695742672861 0.0 912000
1695742735151 0.0 916000
1695742798456 0.0 920000
1695742861552 0.0 924000
1695742924143 0.0 928000
1695742986375 0.0 932000
1695743049684 0.0 936000
1695743111966 0.0 940000
1695743175935 0.0 944000
1695743237896 0.0 948000
1695743299807 0.0 952000
1695743362000 0.0 956000
1695743425299 0.0 960000
1695743487775 0.0 964000
1695743552158 0.0 968000
1695743614311 0.0 972000
1695743677498 0.0 976000
1695743740546 0.0 980000
1695743804822 0.0 984000
1695743867002 0.0 988000
1695743930117 0.0 992000
1695743991749 0.0 996000
1695744055087 0.0 1000000
