1695731491987 0.0 244000
1695731555358 0.0 248000
1695731626990 0.0 252000
1695731693994 0.0 256000
1695731770440 0.0 260000
1695731847884 0.0 264000
1695731929319 0.0 268000
1695732007551 0.0 272000
1695732085642 0.0 276000
1695732161609 0.0 280000
1695732229843 0.0 284000
1695732296275 0.0 288000
1695732365386 0.0 292000
1695732431724 0.0 296000
1695732499297 0.0 300000
1695732565192 0.0 304000
1695732635462 0.0 308000
1695732703077 0.0 312000
1695732772395 0.0 316000
1695732841585 0.0 320000
1695732910243 0.0 324000
1695732988710 0.0 328000
1695733057777 0.0 332000
1695733127222 0.0 336000
1695733197212 0.0 340000
1695733266928 0.0 344000
1695733337753 0.0 348000
1695733406271 0.0 352000
1695733475109 0.0 356000
1695733547176 0.0 360000
1695733617741 0.0 364000
1695733686234 0.0 368000
1695733756212 0.0 372000
1695733824446 0.0 376000
1695733894954 0.0 380000
1695733964280 0.0 384000
1695734035292 0.0 388000
1695734104261 0.0 392000
1695734175690 0.0 396000
1695734244735 0.0 400000
1695734315761 0.0 404000
1695734384675 0.0 408000
1695734453450 0.0 412000
1695734520742 0.0 416000
1695734588447 0.0 420000
1695734658399 0.0 424000
1695734728065 0.0 428000
1695734796949 0.0 432000
1695734870316 0.0 436000
1695734945830 0.0 440000
1695735017148 0.0 444000
1695735086430 0.0 448000
1695735161756 0.0 452000
1695735231997 0.0 456000
1695735305946 0.0 460000
1695735382200 0.0 464000
1695735453196 0.0 468000
1695735524418 0.0 472000
1695735599203 0.0 476000
1695735678708 0.0 480000
1695735759833 0.0 484000
1695735842396 0.0 488000
1695735925830 0.0 492000
1695736013502 0.0 496000
1695736097348 0.0 500000
1695736173669 0.0 504000
1695736248940 0.0 508000
1695736320644 0.0 512000
1695736388207 0.0 516000
1695736454344 0.0 520000
1695736520673 0.0 524000
1695736587102 0.0 528000
1695736651739 0.0 532000
1695736716171 0.0 536000
1695736779517 0.0 540000
1695736842234 0.0 544000
1695736905437 0.0 548000
1695736968497 0.0 552000
1695737032198 0.0 556000
1695737094110 0.0 560000
1695737158016 0.0 564000
1695737219685 0.0 568000
1695737282001 0.0 572000
1695737344682 0.0 576000
1695737412017 0.0 580000
1695737478295 0.0 584000
1695737541963 0.0 588000
1695737604405 0.0 592000
1695737666487 0.0 596000
1695737728691 0.0 600000
1695737791620 0.0 604000
1695737853577 0.0 608000
1695737916264 0.0 612000
1695737978637 0.0 616000
1695738041278 0.0 620000
1695738103536 0.0 624000
1695738167365 0.0 628000
1695738230039 0.0 632000
1695738292594 0.0 636000
1695738355086 0.0 640000
1695738417943 0.0 644000
1695738479901 0.0 648000
1695738542486 0.0 652000
1695738605923 0.0 656000
1695738668197 0.0 660000
1695738731748 0.0 664000
1695738794217 0.0 668000
1695738858558 0.0 672000
1695738921301 0.0 676000
1695738984512 0.0 680000
1695739046760 0.0 684000
1695739110132 0.0 688000
1695739172009 0.0 692000
1695739235535 0.0 696000
1695739297782 0.0 700000
1695739360596 0.0 704000
1695739423283 0.0 708000
1695739488073 0.0 712000
1695739550723 0.0 716000
1695739613354 0.0 720000
1695739676052 0.0 724000
1695739737844 0.0 728000
1695739800529 0.0 732000
1695739862766 0.0 736000
1695739925908 0.0 740000
1695739987752 0.0 744000
1695740051652 0.0 748000
1695740114466 0.0 752000
1695740177685 0.0 756000
1695740240155 0.0 760000
1695740302023 0.0 764000
1695740363609 0.0 768000
1695740426094 0.0 772000
1695740488929 0.0 776000
1695740550764 0.0 780000
1695740613468 0.0 784000
1695740676090 0.0 788000
1695740739846 0.0 792000
1695740801754 0.0 796000
1695740865015 0.0 800000
1695740927229 0.0 804000
1695740989467 0.0 808000
1695741052805 0.0 812000
1695741116449 0.0 816000
1695741179184 0.0 820000
1695741242094 0.0 824000
1695741305198 0.0 828000
1695741368521 0.0 832000
1695741432761 0.0 836000
1695741500796 0.0 840000
1695741566835 0.0 844000
1695741631785 0.0 848000
1695741707434 0.0 852000
1695741770251 0.0 856000
1695741834326 0.0 860000
1695741896318 0.0 864000
1695741958474 0.0 868000
1695742020723 0.0 872000
1695742083870 0.0 876000
1695742146537 0.0 880000
1695742211655 0.0 884000
1695742275894 0.0 888000
1695742341638 0.0 892000
1695742413663 0.0 896000
1695742481976 0.0 900000
1695742548283 0.0 904000
1695742610749 0.0 908000
1695742672860 0.0 912000
1695742735150 0.0 916000
1695742798455 0.0 920000
1695742861551 0.0 924000
1695742924142 0.0 928000
1695742986374 0.0 932000
1695743049683 0.0 936000
1695743111965 0.0 940000
1695743175934 0.0 944000
1695743237896 0.0 948000
1695743299806 0.0 952000
1695743361999 0.0 956000
1695743425298 0.0 960000
1695743487774 0.0 964000
1695743552157 0.0 968000
1695743614311 0.0 972000
1695743677497 0.0 976000
1695743740545 0.0 980000
1695743804821 0.0 984000
1695743867001 0.0 988000
1695743930117 0.0 992000
1695743991749 0.0 996000
1695744055086 0.0 1000000
