1695731491989 0.0 244000
1695731555359 0.0 248000
1695731626991 0.0 252000
1695731693995 0.0 256000
1695731770442 0.0 260000
1695731847886 0.0 264000
1695731929321 0.0 268000
1695732007553 0.0 272000
1695732085644 0.0 276000
1695732161610 0.0 280000
1695732229844 0.0 284000
1695732296277 0.0 288000
1695732365388 0.0 292000
1695732431725 0.0 296000
1695732499299 0.0 300000
1695732565194 0.0 304000
1695732635464 0.0 308000
1695732703079 0.0 312000
1695732772397 0.0 316000
1695732841586 0.0 320000
1695732910245 0.0 324000
1695732988712 0.0 328000
1695733057779 0.0 332000
1695733127224 0.0 336000
1695733197213 0.0 340000
1695733266930 0.0 344000
1695733337755 0.0 348000
1695733406272 0.0 352000
1695733475110 0.0 356000
1695733547177 0.0 360000
1695733617743 0.0 364000
1695733686236 0.0 368000
1695733756213 0.0 372000
1695733824448 0.0 376000
1695733894955 0.0 380000
1695733964282 0.0 384000
1695734035294 0.0 388000
1695734104263 0.0 392000
1695734175691 0.0 396000
1695734244736 0.0 400000
1695734315762 0.0 404000
1695734384677 0.0 408000
1695734453452 0.0 412000
1695734520743 0.0 416000
1695734588448 0.0 420000
1695734658400 0.0 424000
1695734728066 0.0 428000
1695734796951 0.0 432000
1695734870318 0.0 436000
1695734945832 0.0 440000
1695735017149 0.0 444000
1695735086432 0.0 448000
1695735161757 0.0 452000
1695735231998 0.0 456000
1695735305948 0.0 460000
1695735382202 0.0 464000
1695735453198 0.0 468000
1695735524420 0.0 472000
1695735599205 0.0 476000
1695735678709 0.0 480000
1695735759835 0.0 484000
1695735842398 0.0 488000
1695735925832 0.0 492000
1695736013505 0.0 496000
1695736097350 0.0 500000
1695736173671 0.0 504000
1695736248942 0.0 508000
1695736320646 0.0 512000
1695736388208 0.0 516000
1695736454346 0.0 520000
1695736520675 0.0 524000
1695736587104 0.0 528000
1695736651740 0.0 532000
1695736716173 0.0 536000
1695736779518 0.0 540000
1695736842236 0.0 544000
1695736905438 0.0 548000
1695736968499 0.0 552000
1695737032200 0.0 556000
1695737094111 0.0 560000
1695737158018 0.0 564000
1695737219686 0.0 568000
1695737282003 0.0 572000
1695737344683 0.0 576000
1695737412019 0.0 580000
1695737478296 0.0 584000
1695737541965 0.0 588000
1695737604406 0.0 592000
1695737666489 0.0 596000
1695737728692 0.0 600000
1695737791621 0.0 604000
1695737853579 0.0 608000
1695737916265 0.0 612000
1695737978639 0.0 616000
1695738041280 0.0 620000
1695738103537 0.0 624000
1695738167367 0.0 628000
1695738230041 0.0 632000
1695738292596 0.0 636000
1695738355088 0.0 640000
1695738417945 0.0 644000
1695738479902 0.0 648000
1695738542487 0.0 652000
1695738605924 0.0 656000
1695738668199 0.0 660000
1695738731750 0.0 664000
1695738794218 0.0 668000
1695738858560 0.0 672000
1695738921302 0.0 676000
1695738984513 0.0 680000
1695739046761 0.0 684000
1695739110134 0.0 688000
1695739172010 0.0 692000
1695739235537 0.0 696000
1695739297783 0.0 700000
1695739360598 0.0 704000
1695739423284 0.0 708000
1695739488075 0.0 712000
1695739550725 0.0 716000
1695739613356 0.0 720000
1695739676054 0.0 724000
1695739737845 0.0 728000
1695739800531 0.0 732000
1695739862768 0.0 736000
1695739925910 0.0 740000
1695739987754 0.0 744000
1695740051653 0.0 748000
1695740114468 0.0 752000
1695740177686 0.0 756000
1695740240157 0.0 760000
1695740302025 0.0 764000
1695740363610 0.0 768000
1695740426096 0.0 772000
1695740488930 0.0 776000
1695740550765 0.0 780000
1695740613469 0.0 784000
1695740676092 0.0 788000
1695740739847 0.0 792000
1695740801755 0.0 796000
1695740865016 0.0 800000
1695740927231 0.0 804000
1695740989468 0.0 808000
1695741052807 0.0 812000
1695741116450 0.0 816000
1695741179185 0.0 820000
1695741242096 0.0 824000
1695741305199 0.0 828000
1695741368522 0.0 832000
1695741432763 0.0 836000
1695741500797 0.0 840000
1695741566837 0.0 844000
1695741631787 0.0 848000
1695741707435 0.0 852000
1695741770252 0.0 856000
1695741834327 0.0 860000
1695741896322 0.0 864000
1695741958475 0.0 868000
1695742020724 0.0 872000
1695742083871 0.0 876000
1695742146538 0.0 880000
1695742211656 0.0 884000
1695742275895 0.0 888000
1695742341639 0.0 892000
1695742413665 0.0 896000
1695742481978 0.0 900000
1695742548284 0.0 904000
1695742610750 0.0 908000
1695742672862 0.0 912000
1695742735152 0.0 916000
1695742798457 0.0 920000
1695742861553 0.0 924000
1695742924144 0.0 928000
1695742986375 0.0 932000
1695743049684 0.0 936000
1695743111967 0.0 940000
1695743175936 0.0 944000
1695743237897 0.0 948000
1695743299807 0.0 952000
1695743362001 0.0 956000
1695743425300 0.0 960000
1695743487776 0.0 964000
1695743552159 0.0 968000
1695743614312 0.0 972000
1695743677499 0.0 976000
1695743740547 0.0 980000
1695743804823 0.0 984000
1695743867003 0.0 988000
1695743930118 0.0 992000
1695743991750 0.0 996000
1695744055088 0.0 1000000
