1695672393851 4000.0 4000
1695672462558 8000.0 8000
1695672529067 12000.0 12000
1695672599905 16000.0 16000
1695672672183 20000.0 20000
1695672745128 24000.0 24000
1695672809518 28000.0 28000
1695672873868 32000.0 32000
1695672940551 36000.0 36000
1695673005090 40000.0 40000
1695673074120 44000.0 44000
1695673141064 48000.0 48000
1695673218356 52000.0 52000
1695673294607 56000.0 56000
1695673372335 60000.0 60000
1695673449550 64000.0 64000
1695673533434 68000.0 68000
1695673613656 72000.0 72000
1695673696435 76000.0 76000
1695673782445 80000.0 80000
1695673860933 84000.0 84000
1695673945887 88000.0 88000
1695674026218 92000.0 92000
1695674106670 96000.0 96000
1695674188414 100000.0 100000
1695674272801 104000.0 104000
1695674360424 108000.0 108000
1695674442800 112000.0 112000
1695674524738 116000.0 116000
1695674604660 120000.0 120000
1695674686188 124000.0 124000
1695674760859 128000.0 128000
1695674835741 132000.0 132000
1695674905855 136000.0 136000
1695674983780 140000.0 140000
1695675057318 144000.0 144000
1695675130651 148000.0 148000
1695675200954 152000.0 152000
1695675272552 156000.0 156000
1695675343473 160000.0 160000
1695675413954 164000.0 164000
1695675488735 168000.0 168000
1695675564881 172000.0 172000
1695675636428 176000.0 176000
1695675707558 180000.0 180000
1695675779395 184000.0 184000
1695675846270 188000.0 188000
1695675912896 192000.0 192000
1695675979007 196000.0 196000
1695676044660 200000.0 200000
1695676110888 204000.0 204000
1695676191488 208000.0 208000
1695676270159 212000.0 212000
1695676339760 216000.0 216000
1695676408427 220000.0 220000
1695676480467 224000.0 224000
1695676554946 228000.0 228000
1695676625394 232000.0 232000
1695676703872 236000.0 236000
1695676788103 240000.0 240000
1695676877864 244000.0 244000
1695676966941 248000.0 248000
1695677042580 252000.0 252000
1695677114767 256000.0 256000
1695677195370 260000.0 260000
1695677276706 264000.0 264000
1695677358098 268000.0 268000
1695677439912 272000.0 272000
1695677527080 276000.0 276000
