1695731491955 1.0 244000
1695731555327 1.0 248000
1695731626962 1.0 252000
1695731693964 1.0 256000
1695731770407 1.0 260000
1695731847851 1.0 264000
1695731929285 1.0 268000
1695732007518 1.0 272000
1695732085581 1.0 276000
1695732161581 1.0 280000
1695732229813 1.0 284000
1695732296246 1.0 288000
1695732365356 1.0 292000
1695732431697 1.0 296000
1695732499269 1.0 300000
1695732565161 1.0 304000
1695732635431 1.0 308000
1695732703046 1.0 312000
1695732772366 1.0 316000
1695732841556 1.0 320000
1695732910215 1.0 324000
1695732988680 1.0 328000
1695733057747 1.0 332000
1695733127196 1.0 336000
1695733197177 1.0 340000
1695733266898 1.0 344000
1695733337718 1.0 348000
1695733406242 1.0 352000
1695733475079 1.0 356000
1695733547145 1.0 360000
1695733617711 1.0 364000
1695733686203 1.0 368000
1695733756183 1.0 372000
1695733824418 1.0 376000
1695733894924 1.0 380000
1695733964254 1.0 384000
1695734035261 1.0 388000
1695734104233 1.0 392000
1695734175662 1.0 396000
1695734244706 1.0 400000
1695734315731 1.0 404000
1695734384645 1.0 408000
1695734453422 1.0 412000
1695734520711 1.0 416000
1695734588418 1.0 420000
1695734658369 1.0 424000
1695734728036 1.0 428000
1695734796921 1.0 432000
1695734870283 1.0 436000
1695734945800 1.0 440000
1695735017116 1.0 444000
1695735086401 1.0 448000
1695735161725 1.0 452000
1695735231967 1.0 456000
1695735305914 1.0 460000
1695735382168 1.0 464000
1695735453166 1.0 468000
1695735524391 1.0 472000
1695735599171 1.0 476000
1695735678676 1.0 480000
1695735759797 1.0 484000
1695735842363 1.0 488000
1695735925794 1.0 492000
1695736013464 1.0 496000
1695736097315 1.0 500000
1695736173637 1.0 504000
1695736248902 1.0 508000
1695736320605 1.0 512000
1695736388179 1.0 516000
1695736454316 1.0 520000
1695736520647 1.0 524000
1695736587075 1.0 528000
1695736651711 1.0 532000
1695736716144 1.0 536000
1695736779491 1.0 540000
1695736842209 1.0 544000
1695736905408 1.0 548000
1695736968471 1.0 552000
1695737032171 1.0 556000
1695737094081 1.0 560000
1695737157990 1.0 564000
1695737219658 1.0 568000
1695737281972 1.0 572000
1695737344656 1.0 576000
1695737411988 1.0 580000
1695737478269 1.0 584000
1695737541936 1.0 588000
1695737604376 1.0 592000
1695737666461 1.0 596000
1695737728665 1.0 600000
1695737791592 1.0 604000
1695737853552 1.0 608000
1695737916238 1.0 612000
1695737978610 1.0 616000
1695738041251 1.0 620000
1695738103507 1.0 624000
1695738167340 1.0 628000
1695738230012 1.0 632000
1695738292568 1.0 636000
1695738355057 1.0 640000
1695738417918 1.0 644000
1695738479872 1.0 648000
1695738542460 1.0 652000
1695738605897 1.0 656000
1695738668170 1.0 660000
1695738731722 1.0 664000
1695738794190 1.0 668000
1695738858533 1.0 672000
1695738921275 1.0 676000
1695738984480 1.0 680000
1695739046733 1.0 684000
1695739110107 1.0 688000
1695739171981 1.0 692000
1695739235509 1.0 696000
1695739297756 1.0 700000
1695739360568 1.0 704000
1695739423253 1.0 708000
1695739488045 1.0 712000
1695739550697 1.0 716000
1695739613325 1.0 720000
1695739676027 1.0 724000
1695739737817 1.0 728000
1695739800501 1.0 732000
1695739862739 1.0 736000
1695739925880 1.0 740000
1695739987723 1.0 744000
1695740051625 1.0 748000
1695740114439 1.0 752000
1695740177657 1.0 756000
1695740240129 1.0 760000
1695740301995 1.0 764000
1695740363580 1.0 768000
1695740426067 1.0 772000
1695740488902 1.0 776000
1695740550737 1.0 780000
1695740613439 1.0 784000
1695740676063 1.0 788000
1695740739820 1.0 792000
1695740801725 1.0 796000
1695740864989 1.0 800000
1695740927198 1.0 804000
1695740989441 1.0 808000
1695741052776 1.0 812000
1695741116424 1.0 816000
1695741179158 1.0 820000
1695741242066 1.0 824000
1695741305172 1.0 828000
1695741368495 1.0 832000
1695741432733 1.0 836000
1695741500767 1.0 840000
1695741566808 1.0 844000
1695741631757 1.0 848000
1695741707398 1.0 852000
1695741770224 1.0 856000
1695741834299 1.0 860000
1695741896285 1.0 864000
1695741958447 1.0 868000
1695742020696 1.0 872000
1695742083842 1.0 876000
1695742146510 1.0 880000
1695742211627 1.0 884000
1695742275867 1.0 888000
1695742341610 1.0 892000
1695742413624 1.0 896000
1695742481942 1.0 900000
1695742548257 1.0 904000
1695742610723 1.0 908000
1695742672835 1.0 912000
1695742735122 1.0 916000
1695742798428 1.0 920000
1695742861525 1.0 924000
1695742924114 1.0 928000
1695742986348 1.0 932000
1695743049657 1.0 936000
1695743111936 1.0 940000
1695743175906 1.0 944000
1695743237869 1.0 948000
1695743299779 1.0 952000
1695743361973 1.0 956000
1695743425269 1.0 960000
1695743487747 1.0 964000
1695743552132 1.0 968000
1695743614284 1.0 972000
1695743677471 1.0 976000
1695743740517 1.0 980000
1695743804794 1.0 984000
1695743866972 1.0 988000
1695743930090 1.0 992000
1695743991722 1.0 996000
1695744055060 1.0 1000000
