1695731491954 0.0 244000
1695731555326 0.0 248000
1695731626962 0.0 252000
1695731693963 0.0 256000
1695731770406 0.0 260000
1695731847850 0.0 264000
1695731929284 0.0 268000
1695732007517 0.0 272000
1695732085580 0.0 276000
1695732161581 0.0 280000
1695732229812 0.0 284000
1695732296245 0.0 288000
1695732365355 0.0 292000
1695732431697 0.0 296000
1695732499269 0.0 300000
1695732565161 0.0 304000
1695732635430 0.0 308000
1695732703045 0.0 312000
1695732772365 0.0 316000
1695732841555 0.0 320000
1695732910215 0.0 324000
1695732988679 0.0 328000
1695733057746 0.0 332000
1695733127196 0.0 336000
1695733197176 0.0 340000
1695733266897 0.0 344000
1695733337717 0.0 348000
1695733406241 0.0 352000
1695733475078 0.0 356000
1695733547144 0.0 360000
1695733617710 0.0 364000
1695733686202 0.0 368000
1695733756182 0.0 372000
1695733824417 0.0 376000
1695733894923 0.0 380000
1695733964253 0.0 384000
1695734035260 0.0 388000
1695734104232 0.0 392000
1695734175661 0.0 396000
1695734244706 0.0 400000
1695734315730 0.0 404000
1695734384644 0.0 408000
1695734453421 0.0 412000
1695734520710 0.0 416000
1695734588418 0.0 420000
1695734658368 0.0 424000
1695734728034 0.0 428000
1695734796921 0.0 432000
1695734870281 0.0 436000
1695734945800 0.0 440000
1695735017115 0.0 444000
1695735086400 0.0 448000
1695735161724 0.0 452000
1695735231967 0.0 456000
1695735305913 0.0 460000
1695735382167 0.0 464000
1695735453165 0.0 468000
1695735524390 0.0 472000
1695735599171 0.0 476000
1695735678676 0.0 480000
1695735759796 0.0 484000
1695735842362 0.0 488000
1695735925793 0.0 492000
1695736013463 0.0 496000
1695736097314 0.0 500000
1695736173636 0.0 504000
1695736248901 0.0 508000
1695736320604 0.0 512000
1695736388178 0.0 516000
1695736454315 0.0 520000
1695736520646 0.0 524000
1695736587075 0.0 528000
1695736651710 0.0 532000
1695736716143 0.0 536000
1695736779490 0.0 540000
1695736842208 0.0 544000
1695736905408 0.0 548000
1695736968470 0.0 552000
1695737032170 0.0 556000
1695737094081 0.0 560000
1695737157989 0.0 564000
1695737219657 0.0 568000
1695737281972 0.0 572000
1695737344655 0.0 576000
1695737411987 0.0 580000
1695737478269 0.0 584000
1695737541936 0.0 588000
1695737604375 0.0 592000
1695737666460 0.0 596000
1695737728664 0.0 600000
1695737791591 0.0 604000
1695737853551 0.0 608000
1695737916237 0.0 612000
1695737978609 0.0 616000
1695738041250 0.0 620000
1695738103506 0.0 624000
1695738167339 0.0 628000
1695738230011 0.0 632000
1695738292567 0.0 636000
1695738355056 0.0 640000
1695738417917 0.0 644000
1695738479871 0.0 648000
1695738542459 0.0 652000
1695738605897 0.0 656000
1695738668169 0.0 660000
1695738731722 0.0 664000
1695738794190 0.0 668000
1695738858532 0.0 672000
1695738921275 0.0 676000
1695738984479 0.0 680000
1695739046732 0.0 684000
1695739110106 0.0 688000
1695739171980 0.0 692000
1695739235508 0.0 696000
1695739297756 0.0 700000
1695739360568 0.0 704000
1695739423252 0.0 708000
1695739488044 0.0 712000
1695739550697 0.0 716000
1695739613324 0.0 720000
1695739676026 0.0 724000
1695739737817 0.0 728000
1695739800500 0.0 732000
1695739862739 0.0 736000
1695739925879 0.0 740000
1695739987722 0.0 744000
1695740051625 0.0 748000
1695740114438 0.0 752000
1695740177657 0.0 756000
1695740240128 0.0 760000
1695740301994 0.0 764000
1695740363579 0.0 768000
1695740426066 0.0 772000
1695740488901 0.0 776000
1695740550736 0.0 780000
1695740613439 0.0 784000
1695740676062 0.0 788000
1695740739820 0.0 792000
1695740801725 0.0 796000
1695740864988 0.0 800000
1695740927197 0.0 804000
1695740989440 0.0 808000
1695741052775 0.0 812000
1695741116423 0.0 816000
1695741179158 0.0 820000
1695741242065 0.0 824000
1695741305171 0.0 828000
1695741368494 0.0 832000
1695741432732 0.0 836000
1695741500767 0.0 840000
1695741566807 0.0 844000
1695741631756 0.0 848000
1695741707397 0.0 852000
1695741770223 0.0 856000
1695741834299 0.0 860000
1695741896284 0.0 864000
1695741958446 0.0 868000
1695742020696 0.0 872000
1695742083842 0.0 876000
1695742146509 0.0 880000
1695742211627 0.0 884000
1695742275866 0.0 888000
1695742341609 0.0 892000
1695742413623 0.0 896000
1695742481941 0.0 900000
1695742548256 0.0 904000
1695742610723 0.0 908000
1695742672834 0.0 912000
1695742735121 0.0 916000
1695742798427 0.0 920000
1695742861524 0.0 924000
1695742924113 0.0 928000
1695742986347 0.0 932000
1695743049656 0.0 936000
1695743111935 0.0 940000
1695743175905 0.0 944000
1695743237868 0.0 948000
1695743299778 0.0 952000
1695743361972 0.0 956000
1695743425269 0.0 960000
1695743487747 0.0 964000
1695743552131 0.0 968000
1695743614283 0.0 972000
1695743677470 0.0 976000
1695743740517 0.0 980000
1695743804793 0.0 984000
1695743866971 0.0 988000
1695743930089 0.0 992000
1695743991721 0.0 996000
1695744055059 0.0 1000000
