1695731491955 0.0 244000
1695731555327 0.0 248000
1695731626963 0.0 252000
1695731693965 0.0 256000
1695731770408 0.0 260000
1695731847852 0.0 264000
1695731929286 0.0 268000
1695732007519 0.0 272000
1695732085581 0.0 276000
1695732161582 0.0 280000
1695732229814 0.0 284000
1695732296247 0.0 288000
1695732365357 0.0 292000
1695732431698 0.0 296000
1695732499270 0.0 300000
1695732565162 0.0 304000
1695732635431 0.0 308000
1695732703047 0.0 312000
1695732772367 0.0 316000
1695732841557 0.0 320000
1695732910216 0.0 324000
1695732988681 0.0 328000
1695733057748 0.0 332000
1695733127197 0.0 336000
1695733197178 0.0 340000
1695733266899 0.0 344000
1695733337719 0.0 348000
1695733406243 0.0 352000
1695733475080 0.0 356000
1695733547146 0.0 360000
1695733617712 0.0 364000
1695733686204 0.0 368000
1695733756184 0.0 372000
1695733824419 0.0 376000
1695733894925 0.0 380000
1695733964255 0.0 384000
1695734035262 0.0 388000
1695734104234 0.0 392000
1695734175663 0.0 396000
1695734244707 0.0 400000
1695734315732 0.0 404000
1695734384646 0.0 408000
1695734453423 0.0 412000
1695734520712 0.0 416000
1695734588419 0.0 420000
1695734658370 0.0 424000
1695734728036 0.0 428000
1695734796922 0.0 432000
1695734870283 0.0 436000
1695734945801 0.0 440000
1695735017117 0.0 444000
1695735086402 0.0 448000
1695735161726 0.0 452000
1695735231968 0.0 456000
1695735305915 0.0 460000
1695735382169 0.0 464000
1695735453166 0.0 468000
1695735524392 0.0 472000
1695735599172 0.0 476000
1695735678677 0.0 480000
1695735759798 0.0 484000
1695735842364 0.0 488000
1695735925795 0.0 492000
1695736013465 0.0 496000
1695736097316 0.0 500000
1695736173638 0.0 504000
1695736248903 0.0 508000
1695736320607 0.0 512000
1695736388179 0.0 516000
1695736454316 0.0 520000
1695736520648 0.0 524000
1695736587076 0.0 528000
1695736651712 0.0 532000
1695736716145 0.0 536000
1695736779492 0.0 540000
1695736842210 0.0 544000
1695736905409 0.0 548000
1695736968471 0.0 552000
1695737032172 0.0 556000
1695737094082 0.0 560000
1695737157990 0.0 564000
1695737219658 0.0 568000
1695737281973 0.0 572000
1695737344657 0.0 576000
1695737411989 0.0 580000
1695737478270 0.0 584000
1695737541937 0.0 588000
1695737604377 0.0 592000
1695737666461 0.0 596000
1695737728666 0.0 600000
1695737791593 0.0 604000
1695737853552 0.0 608000
1695737916239 0.0 612000
1695737978611 0.0 616000
1695738041251 0.0 620000
1695738103508 0.0 624000
1695738167341 0.0 628000
1695738230013 0.0 632000
1695738292568 0.0 636000
1695738355058 0.0 640000
1695738417918 0.0 644000
1695738479873 0.0 648000
1695738542461 0.0 652000
1695738605898 0.0 656000
1695738668171 0.0 660000
1695738731723 0.0 664000
1695738794191 0.0 668000
1695738858534 0.0 672000
1695738921276 0.0 676000
1695738984481 0.0 680000
1695739046733 0.0 684000
1695739110107 0.0 688000
1695739171981 0.0 692000
1695739235510 0.0 696000
1695739297757 0.0 700000
1695739360569 0.0 704000
1695739423254 0.0 708000
1695739488046 0.0 712000
1695739550698 0.0 716000
1695739613325 0.0 720000
1695739676028 0.0 724000
1695739737818 0.0 728000
1695739800501 0.0 732000
1695739862740 0.0 736000
1695739925881 0.0 740000
1695739987724 0.0 744000
1695740051626 0.0 748000
1695740114440 0.0 752000
1695740177658 0.0 756000
1695740240129 0.0 760000
1695740301995 0.0 764000
1695740363580 0.0 768000
1695740426068 0.0 772000
1695740488903 0.0 776000
1695740550738 0.0 780000
1695740613440 0.0 784000
1695740676064 0.0 788000
1695740739821 0.0 792000
1695740801726 0.0 796000
1695740864989 0.0 800000
1695740927199 0.0 804000
1695740989441 0.0 808000
1695741052777 0.0 812000
1695741116425 0.0 816000
1695741179159 0.0 820000
1695741242066 0.0 824000
1695741305173 0.0 828000
1695741368495 0.0 832000
1695741432733 0.0 836000
1695741500768 0.0 840000
1695741566808 0.0 844000
1695741631758 0.0 848000
1695741707398 0.0 852000
1695741770225 0.0 856000
1695741834300 0.0 860000
1695741896286 0.0 864000
1695741958448 0.0 868000
1695742020697 0.0 872000
1695742083843 0.0 876000
1695742146511 0.0 880000
1695742211628 0.0 884000
1695742275868 0.0 888000
1695742341611 0.0 892000
1695742413625 0.0 896000
1695742481943 0.0 900000
1695742548258 0.0 904000
1695742610724 0.0 908000
1695742672835 0.0 912000
1695742735122 0.0 916000
1695742798429 0.0 920000
1695742861526 0.0 924000
1695742924115 0.0 928000
1695742986348 0.0 932000
1695743049658 0.0 936000
1695743111936 0.0 940000
1695743175907 0.0 944000
1695743237870 0.0 948000
1695743299779 0.0 952000
1695743361973 0.0 956000
1695743425270 0.0 960000
1695743487748 0.0 964000
1695743552132 0.0 968000
1695743614285 0.0 972000
1695743677472 0.0 976000
1695743740518 0.0 980000
1695743804794 0.0 984000
1695743866973 0.0 988000
1695743930090 0.0 992000
1695743991723 0.0 996000
1695744055060 0.0 1000000
