1695731491953 0.0 244000
1695731555325 0.0 248000
1695731626961 0.0 252000
1695731693962 0.0 256000
1695731770405 0.0 260000
1695731847849 0.0 264000
1695731929284 0.0 268000
1695732007516 0.0 272000
1695732085579 0.0 276000
1695732161580 0.0 280000
1695732229811 0.0 284000
1695732296244 0.0 288000
1695732365354 0.0 292000
1695732431696 0.0 296000
1695732499268 0.0 300000
1695732565160 0.0 304000
1695732635429 0.0 308000
1695732703044 0.0 312000
1695732772365 0.0 316000
1695732841554 0.0 320000
1695732910214 0.0 324000
1695732988678 0.0 328000
1695733057746 0.0 332000
1695733127195 0.0 336000
1695733197175 0.0 340000
1695733266896 0.0 344000
1695733337716 0.0 348000
1695733406241 0.0 352000
1695733475078 0.0 356000
1695733547143 0.0 360000
1695733617710 0.0 364000
1695733686202 0.0 368000
1695733756182 0.0 372000
1695733824416 0.0 376000
1695733894922 0.0 380000
1695733964252 0.0 384000
1695734035259 0.0 388000
1695734104232 0.0 392000
1695734175661 0.0 396000
1695734244705 0.0 400000
1695734315729 0.0 404000
1695734384643 0.0 408000
1695734453421 0.0 412000
1695734520710 0.0 416000
1695734588417 0.0 420000
1695734658368 0.0 424000
1695734728033 0.0 428000
1695734796920 0.0 432000
1695734870280 0.0 436000
1695734945799 0.0 440000
1695735017114 0.0 444000
1695735086399 0.0 448000
1695735161723 0.0 452000
1695735231966 0.0 456000
1695735305912 0.0 460000
1695735382166 0.0 464000
1695735453164 0.0 468000
1695735524390 0.0 472000
1695735599170 0.0 476000
1695735678675 0.0 480000
1695735759795 0.0 484000
1695735842361 0.0 488000
1695735925792 0.0 492000
1695736013462 0.0 496000
1695736097313 0.0 500000
1695736173635 0.0 504000
1695736248900 0.0 508000
1695736320603 0.0 512000
1695736388177 0.0 516000
1695736454314 0.0 520000
1695736520646 0.0 524000
1695736587074 0.0 528000
1695736651709 0.0 532000
1695736716143 0.0 536000
1695736779490 0.0 540000
1695736842207 0.0 544000
1695736905407 0.0 548000
1695736968469 0.0 552000
1695737032169 0.0 556000
1695737094080 0.0 560000
1695737157988 0.0 564000
1695737219656 0.0 568000
1695737281971 0.0 572000
1695737344655 0.0 576000
1695737411986 0.0 580000
1695737478268 0.0 584000
1695737541935 0.0 588000
1695737604374 0.0 592000
1695737666459 0.0 596000
1695737728663 0.0 600000
1695737791590 0.0 604000
1695737853550 0.0 608000
1695737916237 0.0 612000
1695737978609 0.0 616000
1695738041249 0.0 620000
1695738103505 0.0 624000
1695738167339 0.0 628000
1695738230010 0.0 632000
1695738292566 0.0 636000
1695738355055 0.0 640000
1695738417916 0.0 644000
1695738479870 0.0 648000
1695738542458 0.0 652000
1695738605896 0.0 656000
1695738668169 0.0 660000
1695738731721 0.0 664000
1695738794189 0.0 668000
1695738858532 0.0 672000
1695738921274 0.0 676000
1695738984479 0.0 680000
1695739046731 0.0 684000
1695739110105 0.0 688000
1695739171979 0.0 692000
1695739235507 0.0 696000
1695739297755 0.0 700000
1695739360567 0.0 704000
1695739423252 0.0 708000
1695739488044 0.0 712000
1695739550696 0.0 716000
1695739613323 0.0 720000
1695739676026 0.0 724000
1695739737816 0.0 728000
1695739800499 0.0 732000
1695739862738 0.0 736000
1695739925878 0.0 740000
1695739987721 0.0 744000
1695740051624 0.0 748000
1695740114438 0.0 752000
1695740177656 0.0 756000
1695740240127 0.0 760000
1695740301993 0.0 764000
1695740363578 0.0 768000
1695740426066 0.0 772000
1695740488901 0.0 776000
1695740550736 0.0 780000
1695740613438 0.0 784000
1695740676061 0.0 788000
1695740739819 0.0 792000
1695740801724 0.0 796000
1695740864987 0.0 800000
1695740927196 0.0 804000
1695740989439 0.0 808000
1695741052775 0.0 812000
1695741116423 0.0 816000
1695741179157 0.0 820000
1695741242064 0.0 824000
1695741305170 0.0 828000
1695741368493 0.0 832000
1695741432731 0.0 836000
1695741500766 0.0 840000
1695741566806 0.0 844000
1695741631755 0.0 848000
1695741707396 0.0 852000
1695741770223 0.0 856000
1695741834298 0.0 860000
1695741896283 0.0 864000
1695741958445 0.0 868000
1695742020695 0.0 872000
1695742083841 0.0 876000
1695742146509 0.0 880000
1695742211626 0.0 884000
1695742275866 0.0 888000
1695742341608 0.0 892000
1695742413622 0.0 896000
1695742481940 0.0 900000
1695742548255 0.0 904000
1695742610722 0.0 908000
1695742672833 0.0 912000
1695742735120 0.0 916000
1695742798426 0.0 920000
1695742861523 0.0 924000
1695742924112 0.0 928000
1695742986346 0.0 932000
1695743049656 0.0 936000
1695743111934 0.0 940000
1695743175904 0.0 944000
1695743237868 0.0 948000
1695743299777 0.0 952000
1695743361971 0.0 956000
1695743425268 0.0 960000
1695743487746 0.0 964000
1695743552130 0.0 968000
1695743614283 0.0 972000
1695743677470 0.0 976000
1695743740516 0.0 980000
1695743804792 0.0 984000
1695743866971 0.0 988000
1695743930088 0.0 992000
1695743991720 0.0 996000
1695744055058 0.0 1000000
