1695731491919 0.0 244000
1695731555289 0.0 248000
1695731626932 0.0 252000
1695731693931 0.0 256000
1695731770370 0.0 260000
1695731847810 0.0 264000
1695731929248 0.0 268000
1695732007482 0.0 272000
1695732085544 0.0 276000
1695732161552 0.0 280000
1695732229782 0.0 284000
1695732296212 0.0 288000
1695732365323 0.0 292000
1695732431668 0.0 296000
1695732499239 0.0 300000
1695732565125 0.0 304000
1695732635395 0.0 308000
1695732703012 0.0 312000
1695732772334 0.0 316000
1695732841525 0.0 320000
1695732910186 0.0 324000
1695732988650 0.0 328000
1695733057713 0.0 332000
1695733127165 0.0 336000
1695733197145 0.0 340000
1695733266863 0.0 344000
1695733337676 0.0 348000
1695733406212 0.0 352000
1695733475046 0.0 356000
1695733547110 0.0 360000
1695733617678 0.0 364000
1695733686169 0.0 368000
1695733756152 0.0 372000
1695733824388 0.0 376000
1695733894892 0.0 380000
1695733964225 0.0 384000
1695734035226 0.0 388000
1695734104202 0.0 392000
1695734175631 0.0 396000
1695734244675 0.0 400000
1695734315699 0.0 404000
1695734384612 0.0 408000
1695734453392 0.0 412000
1695734520679 0.0 416000
1695734588386 0.0 420000
1695734658338 0.0 424000
1695734728004 0.0 428000
1695734796892 0.0 432000
1695734870236 0.0 436000
1695734945768 0.0 440000
1695735017081 0.0 444000
1695735086370 0.0 448000
1695735161693 0.0 452000
1695735231936 0.0 456000
1695735305879 0.0 460000
1695735382130 0.0 464000
1695735453133 0.0 468000
1695735524362 0.0 472000
1695735599138 0.0 476000
1695735678641 0.0 480000
1695735759762 0.0 484000
1695735842327 0.0 488000
1695735925753 0.0 492000
1695736013428 0.0 496000
1695736097275 0.0 500000
1695736173602 0.0 504000
1695736248858 0.0 508000
1695736320569 0.0 512000
1695736388150 0.0 516000
1695736454286 0.0 520000
1695736520618 0.0 524000
1695736587047 0.0 528000
1695736651679 0.0 532000
1695736716114 0.0 536000
1695736779463 0.0 540000
1695736842179 0.0 544000
1695736905377 0.0 548000
1695736968443 0.0 552000
1695737032141 0.0 556000
1695737094053 0.0 560000
1695737157962 0.0 564000
1695737219628 0.0 568000
1695737281942 0.0 572000
1695737344625 0.0 576000
1695737411956 0.0 580000
1695737478239 0.0 584000
1695737541908 0.0 588000
1695737604345 0.0 592000
1695737666428 0.0 596000
1695737728637 0.0 600000
1695737791563 0.0 604000
1695737853521 0.0 608000
1695737916210 0.0 612000
1695737978579 0.0 616000
1695738041223 0.0 620000
1695738103474 0.0 624000
1695738167312 0.0 628000
1695738229982 0.0 632000
1695738292539 0.0 636000
1695738355028 0.0 640000
1695738417890 0.0 644000
1695738479842 0.0 648000
1695738542432 0.0 652000
1695738605868 0.0 656000
1695738668140 0.0 660000
1695738731693 0.0 664000
1695738794162 0.0 668000
1695738858505 0.0 672000
1695738921244 0.0 676000
1695738984446 0.0 680000
1695739046705 0.0 684000
1695739110079 0.0 688000
1695739171952 0.0 692000
1695739235480 0.0 696000
1695739297728 0.0 700000
1695739360537 0.0 704000
1695739423222 0.0 708000
1695739488016 0.0 712000
1695739550668 0.0 716000
1695739613296 0.0 720000
1695739675999 0.0 724000
1695739737788 0.0 728000
1695739800471 0.0 732000
1695739862708 0.0 736000
1695739925851 0.0 740000
1695739987694 0.0 744000
1695740051596 0.0 748000
1695740114408 0.0 752000
1695740177629 0.0 756000
1695740240101 0.0 760000
1695740301966 0.0 764000
1695740363550 0.0 768000
1695740426040 0.0 772000
1695740488871 0.0 776000
1695740550709 0.0 780000
1695740613410 0.0 784000
1695740676035 0.0 788000
1695740739792 0.0 792000
1695740801698 0.0 796000
1695740864961 0.0 800000
1695740927166 0.0 804000
1695740989412 0.0 808000
1695741052744 0.0 812000
1695741116394 0.0 816000
1695741179128 0.0 820000
1695741242037 0.0 824000
1695741305143 0.0 828000
1695741368466 0.0 832000
1695741432703 0.0 836000
1695741500736 0.0 840000
1695741566777 0.0 844000
1695741631727 0.0 848000
1695741707368 0.0 852000
1695741770195 0.0 856000
1695741834270 0.0 860000
1695741896248 0.0 864000
1695741958419 0.0 868000
1695742020665 0.0 872000
1695742083812 0.0 876000
1695742146479 0.0 880000
1695742211597 0.0 884000
1695742275838 0.0 888000
1695742341579 0.0 892000
1695742413578 0.0 896000
1695742481911 0.0 900000
1695742548228 0.0 904000
1695742610696 0.0 908000
1695742672806 0.0 912000
1695742735092 0.0 916000
1695742798397 0.0 920000
1695742861497 0.0 924000
1695742924080 0.0 928000
1695742986320 0.0 932000
1695743049627 0.0 936000
1695743111906 0.0 940000
1695743175877 0.0 944000
1695743237840 0.0 948000
1695743299749 0.0 952000
1695743361942 0.0 956000
1695743425240 0.0 960000
1695743487719 0.0 964000
1695743552102 0.0 968000
1695743614256 0.0 972000
1695743677444 0.0 976000
1695743740489 0.0 980000
1695743804765 0.0 984000
1695743866941 0.0 988000
1695743930062 0.0 992000
1695743991692 0.0 996000
1695744055032 0.0 1000000
