1695731491894 0.0 244000
1695731555267 0.0 248000
1695731626912 0.0 252000
1695731693910 0.0 256000
1695731770347 0.0 260000
1695731847778 0.0 264000
1695731929222 0.0 268000
1695732007458 0.0 272000
1695732085520 0.0 276000
1695732161532 0.0 280000
1695732229762 0.0 284000
1695732296190 0.0 288000
1695732365301 0.0 292000
1695732431648 0.0 296000
1695732499219 0.0 300000
1695732565104 0.0 304000
1695732635371 0.0 308000
1695732702989 0.0 312000
1695732772313 0.0 316000
1695732841504 0.0 320000
1695732910166 0.0 324000
1695732988630 0.0 328000
1695733057690 0.0 332000
1695733127144 0.0 336000
1695733197124 0.0 340000
1695733266841 0.0 344000
1695733337649 0.0 348000
1695733406191 0.0 352000
1695733475024 0.0 356000
1695733547088 0.0 360000
1695733617658 0.0 364000
1695733686147 0.0 368000
1695733756131 0.0 372000
1695733824368 0.0 376000
1695733894871 0.0 380000
1695733964204 0.0 384000
1695734035203 0.0 388000
1695734104182 0.0 392000
1695734175610 0.0 396000
1695734244654 0.0 400000
1695734315678 0.0 404000
1695734384590 0.0 408000
1695734453372 0.0 412000
1695734520658 0.0 416000
1695734588365 0.0 420000
1695734658316 0.0 424000
1695734727982 0.0 428000
1695734796872 0.0 432000
1695734870211 0.0 436000
1695734945745 0.0 440000
1695735017057 0.0 444000
1695735086349 0.0 448000
1695735161673 0.0 452000
1695735231915 0.0 456000
1695735305855 0.0 460000
1695735382104 0.0 464000
1695735453112 0.0 468000
1695735524341 0.0 472000
1695735599116 0.0 476000
1695735678617 0.0 480000
1695735759739 0.0 484000
1695735842304 0.0 488000
1695735925730 0.0 492000
1695736013405 0.0 496000
1695736097252 0.0 500000
1695736173578 0.0 504000
1695736248827 0.0 508000
1695736320545 0.0 512000
1695736388131 0.0 516000
1695736454267 0.0 520000
1695736520598 0.0 524000
1695736587027 0.0 528000
1695736651657 0.0 532000
1695736716094 0.0 536000
1695736779445 0.0 540000
1695736842159 0.0 544000
1695736905356 0.0 548000
1695736968425 0.0 552000
1695737032122 0.0 556000
1695737094035 0.0 560000
1695737157943 0.0 564000
1695737219609 0.0 568000
1695737281924 0.0 572000
1695737344604 0.0 576000
1695737411934 0.0 580000
1695737478220 0.0 584000
1695737541888 0.0 588000
1695737604327 0.0 592000
1695737666408 0.0 596000
1695737728619 0.0 600000
1695737791544 0.0 604000
1695737853504 0.0 608000
1695737916192 0.0 612000
1695737978560 0.0 616000
1695738041205 0.0 620000
1695738103454 0.0 624000
1695738167293 0.0 628000
1695738229962 0.0 632000
1695738292521 0.0 636000
1695738355008 0.0 640000
1695738417871 0.0 644000
1695738479823 0.0 648000
1695738542412 0.0 652000
1695738605848 0.0 656000
1695738668121 0.0 660000
1695738731674 0.0 664000
1695738794141 0.0 668000
1695738858486 0.0 672000
1695738921223 0.0 676000
1695738984422 0.0 680000
1695739046686 0.0 684000
1695739110061 0.0 688000
1695739171934 0.0 692000
1695739235462 0.0 696000
1695739297710 0.0 700000
1695739360518 0.0 704000
1695739423202 0.0 708000
1695739487996 0.0 712000
1695739550650 0.0 716000
1695739613276 0.0 720000
1695739675978 0.0 724000
1695739737768 0.0 728000
1695739800452 0.0 732000
1695739862686 0.0 736000
1695739925831 0.0 740000
1695739987674 0.0 744000
1695740051575 0.0 748000
1695740114387 0.0 752000
1695740177611 0.0 756000
1695740240083 0.0 760000
1695740301948 0.0 764000
1695740363530 0.0 768000
1695740426021 0.0 772000
1695740488851 0.0 776000
1695740550689 0.0 780000
1695740613391 0.0 784000
1695740676016 0.0 788000
1695740739774 0.0 792000
1695740801679 0.0 796000
1695740864942 0.0 800000
1695740927145 0.0 804000
1695740989394 0.0 808000
1695741052724 0.0 812000
1695741116375 0.0 816000
1695741179108 0.0 820000
1695741242017 0.0 824000
1695741305122 0.0 828000
1695741368447 0.0 832000
1695741432684 0.0 836000
1695741500715 0.0 840000
1695741566758 0.0 844000
1695741631705 0.0 848000
1695741707338 0.0 852000
1695741770176 0.0 856000
1695741834249 0.0 860000
1695741896222 0.0 864000
1695741958401 0.0 868000
1695742020645 0.0 872000
1695742083792 0.0 876000
1695742146460 0.0 880000
1695742211578 0.0 884000
1695742275819 0.0 888000
1695742341560 0.0 892000
1695742413552 0.0 896000
1695742481890 0.0 900000
1695742548209 0.0 904000
1695742610677 0.0 908000
1695742672787 0.0 912000
1695742735072 0.0 916000
1695742798376 0.0 920000
1695742861476 0.0 924000
1695742924059 0.0 928000
1695742986301 0.0 932000
1695743049607 0.0 936000
1695743111887 0.0 940000
1695743175858 0.0 944000
1695743237821 0.0 948000
1695743299728 0.0 952000
1695743361923 0.0 956000
1695743425222 0.0 960000
1695743487700 0.0 964000
1695743552084 0.0 968000
1695743614236 0.0 972000
1695743677426 0.0 976000
1695743740470 0.0 980000
1695743804746 0.0 984000
1695743866921 0.0 988000
1695743930043 0.0 992000
1695743991673 0.0 996000
1695744055013 0.0 1000000
