1695731491952 0.0 244000
1695731555323 0.0 248000
1695731626960 0.0 252000
1695731693962 0.0 256000
1695731770404 0.0 260000
1695731847848 0.0 264000
1695731929283 0.0 268000
1695732007515 0.0 272000
1695732085578 0.0 276000
1695732161579 0.0 280000
1695732229810 0.0 284000
1695732296243 0.0 288000
1695732365353 0.0 292000
1695732431695 0.0 296000
1695732499267 0.0 300000
1695732565159 0.0 304000
1695732635428 0.0 308000
1695732703043 0.0 312000
1695732772364 0.0 316000
1695732841553 0.0 320000
1695732910213 0.0 324000
1695732988678 0.0 328000
1695733057745 0.0 332000
1695733127194 0.0 336000
1695733197174 0.0 340000
1695733266895 0.0 344000
1695733337714 0.0 348000
1695733406240 0.0 352000
1695733475077 0.0 356000
1695733547142 0.0 360000
1695733617709 0.0 364000
1695733686201 0.0 368000
1695733756181 0.0 372000
1695733824416 0.0 376000
1695733894921 0.0 380000
1695733964252 0.0 384000
1695734035258 0.0 388000
1695734104231 0.0 392000
1695734175660 0.0 396000
1695734244704 0.0 400000
1695734315729 0.0 404000
1695734384642 0.0 408000
1695734453420 0.0 412000
1695734520709 0.0 416000
1695734588416 0.0 420000
1695734658367 0.0 424000
1695734728032 0.0 428000
1695734796919 0.0 432000
1695734870279 0.0 436000
1695734945798 0.0 440000
1695735017113 0.0 444000
1695735086399 0.0 448000
1695735161722 0.0 452000
1695735231965 0.0 456000
1695735305912 0.0 460000
1695735382165 0.0 464000
1695735453163 0.0 468000
1695735524389 0.0 472000
1695735599169 0.0 476000
1695735678674 0.0 480000
1695735759794 0.0 484000
1695735842360 0.0 488000
1695735925791 0.0 492000
1695736013461 0.0 496000
1695736097312 0.0 500000
1695736173634 0.0 504000
1695736248898 0.0 508000
1695736320602 0.0 512000
1695736388176 0.0 516000
1695736454313 0.0 520000
1695736520645 0.0 524000
1695736587073 0.0 528000
1695736651709 0.0 532000
1695736716142 0.0 536000
1695736779489 0.0 540000
1695736842207 0.0 544000
1695736905406 0.0 548000
1695736968468 0.0 552000
1695737032168 0.0 556000
1695737094079 0.0 560000
1695737157987 0.0 564000
1695737219655 0.0 568000
1695737281970 0.0 572000
1695737344654 0.0 576000
1695737411985 0.0 580000
1695737478267 0.0 584000
1695737541934 0.0 588000
1695737604373 0.0 592000
1695737666458 0.0 596000
1695737728663 0.0 600000
1695737791590 0.0 604000
1695737853550 0.0 608000
1695737916236 0.0 612000
1695737978608 0.0 616000
1695738041249 0.0 620000
1695738103504 0.0 624000
1695738167338 0.0 628000
1695738230009 0.0 632000
1695738292566 0.0 636000
1695738355055 0.0 640000
1695738417916 0.0 644000
1695738479870 0.0 648000
1695738542457 0.0 652000
1695738605895 0.0 656000
1695738668168 0.0 660000
1695738731720 0.0 664000
1695738794188 0.0 668000
1695738858531 0.0 672000
1695738921273 0.0 676000
1695738984478 0.0 680000
1695739046731 0.0 684000
1695739110105 0.0 688000
1695739171978 0.0 692000
1695739235507 0.0 696000
1695739297754 0.0 700000
1695739360566 0.0 704000
1695739423251 0.0 708000
1695739488043 0.0 712000
1695739550695 0.0 716000
1695739613322 0.0 720000
1695739676025 0.0 724000
1695739737815 0.0 728000
1695739800498 0.0 732000
1695739862737 0.0 736000
1695739925878 0.0 740000
1695739987721 0.0 744000
1695740051623 0.0 748000
1695740114437 0.0 752000
1695740177655 0.0 756000
1695740240127 0.0 760000
1695740301992 0.0 764000
1695740363577 0.0 768000
1695740426065 0.0 772000
1695740488900 0.0 776000
1695740550735 0.0 780000
1695740613437 0.0 784000
1695740676061 0.0 788000
1695740739818 0.0 792000
1695740801723 0.0 796000
1695740864987 0.0 800000
1695740927195 0.0 804000
1695740989438 0.0 808000
1695741052774 0.0 812000
1695741116422 0.0 816000
1695741179156 0.0 820000
1695741242063 0.0 824000
1695741305169 0.0 828000
1695741368493 0.0 832000
1695741432730 0.0 836000
1695741500765 0.0 840000
1695741566805 0.0 844000
1695741631754 0.0 848000
1695741707395 0.0 852000
1695741770222 0.0 856000
1695741834297 0.0 860000
1695741896282 0.0 864000
1695741958445 0.0 868000
1695742020694 0.0 872000
1695742083840 0.0 876000
1695742146508 0.0 880000
1695742211625 0.0 884000
1695742275865 0.0 888000
1695742341608 0.0 892000
1695742413621 0.0 896000
1695742481939 0.0 900000
1695742548255 0.0 904000
1695742610721 0.0 908000
1695742672832 0.0 912000
1695742735119 0.0 916000
1695742798425 0.0 920000
1695742861523 0.0 924000
1695742924111 0.0 928000
1695742986346 0.0 932000
1695743049655 0.0 936000
1695743111933 0.0 940000
1695743175904 0.0 944000
1695743237867 0.0 948000
1695743299776 0.0 952000
1695743361970 0.0 956000
1695743425267 0.0 960000
1695743487745 0.0 964000
1695743552129 0.0 968000
1695743614282 0.0 972000
1695743677469 0.0 976000
1695743740515 0.0 980000
1695743804791 0.0 984000
1695743866970 0.0 988000
1695743930087 0.0 992000
1695743991720 0.0 996000
1695744055057 0.0 1000000
