1695731491922 0.0 244000
1695731555292 0.0 248000
1695731626935 0.0 252000
1695731693933 0.0 256000
1695731770373 0.0 260000
1695731847813 0.0 264000
1695731929251 0.0 268000
1695732007485 0.0 272000
1695732085547 0.0 276000
1695732161554 0.0 280000
1695732229784 0.0 284000
1695732296214 0.0 288000
1695732365325 0.0 292000
1695732431671 0.0 296000
1695732499241 0.0 300000
1695732565128 0.0 304000
1695732635398 0.0 308000
1695732703014 0.0 312000
1695732772337 0.0 316000
1695732841527 0.0 320000
1695732910188 0.0 324000
1695732988652 0.0 328000
1695733057716 0.0 332000
1695733127167 0.0 336000
1695733197147 0.0 340000
1695733266866 0.0 344000
1695733337679 0.0 348000
1695733406214 0.0 352000
1695733475049 0.0 356000
1695733547113 0.0 360000
1695733617681 0.0 364000
1695733686172 0.0 368000
1695733756154 0.0 372000
1695733824390 0.0 376000
1695733894894 0.0 380000
1695733964227 0.0 384000
1695734035229 0.0 388000
1695734104205 0.0 392000
1695734175634 0.0 396000
1695734244678 0.0 400000
1695734315702 0.0 404000
1695734384616 0.0 408000
1695734453394 0.0 412000
1695734520681 0.0 416000
1695734588388 0.0 420000
1695734658340 0.0 424000
1695734728006 0.0 428000
1695734796894 0.0 432000
1695734870239 0.0 436000
1695734945770 0.0 440000
1695735017083 0.0 444000
1695735086372 0.0 448000
1695735161696 0.0 452000
1695735231938 0.0 456000
1695735305882 0.0 460000
1695735382133 0.0 464000
1695735453136 0.0 468000
1695735524364 0.0 472000
1695735599141 0.0 476000
1695735678645 0.0 480000
1695735759765 0.0 484000
1695735842330 0.0 488000
1695735925756 0.0 492000
1695736013431 0.0 496000
1695736097277 0.0 500000
1695736173604 0.0 504000
1695736248863 0.0 508000
1695736320572 0.0 512000
1695736388152 0.0 516000
1695736454288 0.0 520000
1695736520620 0.0 524000
1695736587049 0.0 528000
1695736651681 0.0 532000
1695736716116 0.0 536000
1695736779466 0.0 540000
1695736842182 0.0 544000
1695736905379 0.0 548000
1695736968445 0.0 552000
1695737032143 0.0 556000
1695737094055 0.0 560000
1695737157964 0.0 564000
1695737219630 0.0 568000
1695737281944 0.0 572000
1695737344628 0.0 576000
1695737411959 0.0 580000
1695737478242 0.0 584000
1695737541910 0.0 588000
1695737604347 0.0 592000
1695737666431 0.0 596000
1695737728639 0.0 600000
1695737791565 0.0 604000
1695737853524 0.0 608000
1695737916212 0.0 612000
1695737978581 0.0 616000
1695738041225 0.0 620000
1695738103477 0.0 624000
1695738167314 0.0 628000
1695738229984 0.0 632000
1695738292542 0.0 636000
1695738355030 0.0 640000
1695738417892 0.0 644000
1695738479844 0.0 648000
1695738542434 0.0 652000
1695738605870 0.0 656000
1695738668142 0.0 660000
1695738731695 0.0 664000
1695738794164 0.0 668000
1695738858507 0.0 672000
1695738921246 0.0 676000
1695738984448 0.0 680000
1695739046707 0.0 684000
1695739110081 0.0 688000
1695739171954 0.0 692000
1695739235482 0.0 696000
1695739297730 0.0 700000
1695739360540 0.0 704000
1695739423225 0.0 708000
1695739488018 0.0 712000
1695739550671 0.0 716000
1695739613298 0.0 720000
1695739676001 0.0 724000
1695739737790 0.0 728000
1695739800473 0.0 732000
1695739862710 0.0 736000
1695739925853 0.0 740000
1695739987696 0.0 744000
1695740051598 0.0 748000
1695740114410 0.0 752000
1695740177631 0.0 756000
1695740240103 0.0 760000
1695740301968 0.0 764000
1695740363552 0.0 768000
1695740426042 0.0 772000
1695740488873 0.0 776000
1695740550711 0.0 780000
1695740613412 0.0 784000
1695740676037 0.0 788000
1695740739795 0.0 792000
1695740801700 0.0 796000
1695740864963 0.0 800000
1695740927168 0.0 804000
1695740989414 0.0 808000
1695741052747 0.0 812000
1695741116397 0.0 816000
1695741179131 0.0 820000
1695741242039 0.0 824000
1695741305146 0.0 828000
1695741368468 0.0 832000
1695741432706 0.0 836000
1695741500739 0.0 840000
1695741566779 0.0 844000
1695741631729 0.0 848000
1695741707370 0.0 852000
1695741770197 0.0 856000
1695741834272 0.0 860000
1695741896250 0.0 864000
1695741958421 0.0 868000
1695742020668 0.0 872000
1695742083815 0.0 876000
1695742146482 0.0 880000
1695742211599 0.0 884000
1695742275841 0.0 888000
1695742341582 0.0 892000
1695742413581 0.0 896000
1695742481913 0.0 900000
1695742548230 0.0 904000
1695742610698 0.0 908000
1695742672808 0.0 912000
1695742735094 0.0 916000
1695742798399 0.0 920000
1695742861499 0.0 924000
1695742924083 0.0 928000
1695742986322 0.0 932000
1695743049630 0.0 936000
1695743111908 0.0 940000
1695743175880 0.0 944000
1695743237843 0.0 948000
1695743299751 0.0 952000
1695743361944 0.0 956000
1695743425242 0.0 960000
1695743487721 0.0 964000
1695743552104 0.0 968000
1695743614258 0.0 972000
1695743677446 0.0 976000
1695743740491 0.0 980000
1695743804767 0.0 984000
1695743866944 0.0 988000
1695743930064 0.0 992000
1695743991694 0.0 996000
1695744055034 0.0 1000000
