1695731491906 1.0 244000
1695731555277 1.0 248000
1695731626921 1.0 252000
1695731693919 1.0 256000
1695731770358 1.0 260000
1695731847796 1.0 264000
1695731929234 1.0 268000
1695732007469 1.0 272000
1695732085531 1.0 276000
1695732161541 1.0 280000
1695732229771 1.0 284000
1695732296200 1.0 288000
1695732365311 1.0 292000
1695732431657 1.0 296000
1695732499228 1.0 300000
1695732565114 1.0 304000
1695732635382 1.0 308000
1695732702999 1.0 312000
1695732772323 1.0 316000
1695732841514 1.0 320000
1695732910175 1.0 324000
1695732988639 1.0 328000
1695733057701 1.0 332000
1695733127154 1.0 336000
1695733197134 1.0 340000
1695733266851 1.0 344000
1695733337662 1.0 348000
1695733406200 1.0 352000
1695733475035 1.0 356000
1695733547098 1.0 360000
1695733617667 1.0 364000
1695733686157 1.0 368000
1695733756141 1.0 372000
1695733824377 1.0 376000
1695733894881 1.0 380000
1695733964214 1.0 384000
1695734035214 1.0 388000
1695734104191 1.0 392000
1695734175620 1.0 396000
1695734244664 1.0 400000
1695734315688 1.0 404000
1695734384600 1.0 408000
1695734453381 1.0 412000
1695734520668 1.0 416000
1695734588374 1.0 420000
1695734658326 1.0 424000
1695734727992 1.0 428000
1695734796881 1.0 432000
1695734870222 1.0 436000
1695734945756 1.0 440000
1695735017068 1.0 444000
1695735086359 1.0 448000
1695735161682 1.0 452000
1695735231925 1.0 456000
1695735305866 1.0 460000
1695735382116 1.0 464000
1695735453122 1.0 468000
1695735524350 1.0 472000
1695735599126 1.0 476000
1695735678628 1.0 480000
1695735759749 1.0 484000
1695735842315 1.0 488000
1695735925740 1.0 492000
1695736013416 1.0 496000
1695736097262 1.0 500000
1695736173589 1.0 504000
1695736248841 1.0 508000
1695736320557 1.0 512000
1695736388139 1.0 516000
1695736454275 1.0 520000
1695736520607 1.0 524000
1695736587036 1.0 528000
1695736651667 1.0 532000
1695736716103 1.0 536000
1695736779454 1.0 540000
1695736842169 1.0 544000
1695736905366 1.0 548000
1695736968433 1.0 552000
1695737032131 1.0 556000
1695737094043 1.0 560000
1695737157951 1.0 564000
1695737219617 1.0 568000
1695737281932 1.0 572000
1695737344614 1.0 576000
1695737411944 1.0 580000
1695737478229 1.0 584000
1695737541898 1.0 588000
1695737604335 1.0 592000
1695737666417 1.0 596000
1695737728628 1.0 600000
1695737791552 1.0 604000
1695737853512 1.0 608000
1695737916200 1.0 612000
1695737978569 1.0 616000
1695738041213 1.0 620000
1695738103463 1.0 624000
1695738167302 1.0 628000
1695738229972 1.0 632000
1695738292530 1.0 636000
1695738355018 1.0 640000
1695738417879 1.0 644000
1695738479832 1.0 648000
1695738542421 1.0 652000
1695738605857 1.0 656000
1695738668130 1.0 660000
1695738731682 1.0 664000
1695738794151 1.0 668000
1695738858494 1.0 672000
1695738921232 1.0 676000
1695738984432 1.0 680000
1695739046695 1.0 684000
1695739110070 1.0 688000
1695739171942 1.0 692000
1695739235470 1.0 696000
1695739297718 1.0 700000
1695739360528 1.0 704000
1695739423212 1.0 708000
1695739488005 1.0 712000
1695739550659 1.0 716000
1695739613285 1.0 720000
1695739675988 1.0 724000
1695739737777 1.0 728000
1695739800461 1.0 732000
1695739862696 1.0 736000
1695739925840 1.0 740000
1695739987683 1.0 744000
1695740051585 1.0 748000
1695740114397 1.0 752000
1695740177619 1.0 756000
1695740240091 1.0 760000
1695740301956 1.0 764000
1695740363539 1.0 768000
1695740426030 1.0 772000
1695740488860 1.0 776000
1695740550698 1.0 780000
1695740613400 1.0 784000
1695740676024 1.0 788000
1695740739782 1.0 792000
1695740801688 1.0 796000
1695740864951 1.0 800000
1695740927155 1.0 804000
1695740989402 1.0 808000
1695741052733 1.0 812000
1695741116384 1.0 816000
1695741179117 1.0 820000
1695741242027 1.0 824000
1695741305131 1.0 828000
1695741368455 1.0 832000
1695741432693 1.0 836000
1695741500725 1.0 840000
1695741566766 1.0 844000
1695741631715 1.0 848000
1695741707349 1.0 852000
1695741770184 1.0 856000
1695741834259 1.0 860000
1695741896233 1.0 864000
1695741958409 1.0 868000
1695742020655 1.0 872000
1695742083801 1.0 876000
1695742146469 1.0 880000
1695742211586 1.0 884000
1695742275828 1.0 888000
1695742341569 1.0 892000
1695742413563 1.0 896000
1695742481898 1.0 900000
1695742548218 1.0 904000
1695742610686 1.0 908000
1695742672796 1.0 912000
1695742735082 1.0 916000
1695742798386 1.0 920000
1695742861486 1.0 924000
1695742924068 1.0 928000
1695742986310 1.0 932000
1695743049617 1.0 936000
1695743111896 1.0 940000
1695743175867 1.0 944000
1695743237830 1.0 948000
1695743299738 1.0 952000
1695743361931 1.0 956000
1695743425230 1.0 960000
1695743487709 1.0 964000
1695743552092 1.0 968000
1695743614245 1.0 972000
1695743677434 1.0 976000
1695743740479 1.0 980000
1695743804754 1.0 984000
1695743866930 1.0 988000
1695743930052 1.0 992000
1695743991682 1.0 996000
1695744055022 1.0 1000000
