1695731491941 0.0 244000
1695731555311 0.0 248000
1695731626950 0.0 252000
1695731693951 0.0 256000
1695731770392 0.0 260000
1695731847837 0.0 264000
1695731929270 0.0 268000
1695732007503 0.0 272000
1695732085566 0.0 276000
1695732161569 0.0 280000
1695732229800 0.0 284000
1695732296232 0.0 288000
1695732365342 0.0 292000
1695732431686 0.0 296000
1695732499257 0.0 300000
1695732565147 0.0 304000
1695732635416 0.0 308000
1695732703032 0.0 312000
1695732772353 0.0 316000
1695732841543 0.0 320000
1695732910203 0.0 324000
1695732988667 0.0 328000
1695733057733 0.0 332000
1695733127183 0.0 336000
1695733197164 0.0 340000
1695733266884 0.0 344000
1695733337698 0.0 348000
1695733406230 0.0 352000
1695733475065 0.0 356000
1695733547131 0.0 360000
1695733617698 0.0 364000
1695733686189 0.0 368000
1695733756170 0.0 372000
1695733824406 0.0 376000
1695733894911 0.0 380000
1695733964242 0.0 384000
1695734035247 0.0 388000
1695734104221 0.0 392000
1695734175650 0.0 396000
1695734244694 0.0 400000
1695734315718 0.0 404000
1695734384632 0.0 408000
1695734453410 0.0 412000
1695734520698 0.0 416000
1695734588404 0.0 420000
1695734658356 0.0 424000
1695734728022 0.0 428000
1695734796909 0.0 432000
1695734870261 0.0 436000
1695734945787 0.0 440000
1695735017102 0.0 444000
1695735086388 0.0 448000
1695735161712 0.0 452000
1695735231955 0.0 456000
1695735305900 0.0 460000
1695735382153 0.0 464000
1695735453152 0.0 468000
1695735524379 0.0 472000
1695735599158 0.0 476000
1695735678662 0.0 480000
1695735759783 0.0 484000
1695735842348 0.0 488000
1695735925777 0.0 492000
1695736013449 0.0 496000
1695736097296 0.0 500000
1695736173621 0.0 504000
1695736248884 0.0 508000
1695736320590 0.0 512000
1695736388167 0.0 516000
1695736454303 0.0 520000
1695736520636 0.0 524000
1695736587064 0.0 528000
1695736651698 0.0 532000
1695736716132 0.0 536000
1695736779480 0.0 540000
1695736842197 0.0 544000
1695736905395 0.0 548000
1695736968459 0.0 552000
1695737032158 0.0 556000
1695737094069 0.0 560000
1695737157978 0.0 564000
1695737219645 0.0 568000
1695737281960 0.0 572000
1695737344644 0.0 576000
1695737411975 0.0 580000
1695737478257 0.0 584000
1695737541925 0.0 588000
1695737604363 0.0 592000
1695737666447 0.0 596000
1695737728654 0.0 600000
1695737791580 0.0 604000
1695737853539 0.0 608000
1695737916227 0.0 612000
1695737978597 0.0 616000
1695738041239 0.0 620000
1695738103493 0.0 624000
1695738167329 0.0 628000
1695738229999 0.0 632000
1695738292556 0.0 636000
1695738355045 0.0 640000
1695738417906 0.0 644000
1695738479859 0.0 648000
1695738542448 0.0 652000
1695738605886 0.0 656000
1695738668157 0.0 660000
1695738731710 0.0 664000
1695738794179 0.0 668000
1695738858522 0.0 672000
1695738921262 0.0 676000
1695738984467 0.0 680000
1695739046722 0.0 684000
1695739110095 0.0 688000
1695739171969 0.0 692000
1695739235497 0.0 696000
1695739297745 0.0 700000
1695739360555 0.0 704000
1695739423240 0.0 708000
1695739488032 0.0 712000
1695739550685 0.0 716000
1695739613312 0.0 720000
1695739676016 0.0 724000
1695739737805 0.0 728000
1695739800488 0.0 732000
1695739862726 0.0 736000
1695739925868 0.0 740000
1695739987710 0.0 744000
1695740051613 0.0 748000
1695740114426 0.0 752000
1695740177646 0.0 756000
1695740240117 0.0 760000
1695740301983 0.0 764000
1695740363567 0.0 768000
1695740426056 0.0 772000
1695740488889 0.0 776000
1695740550725 0.0 780000
1695740613427 0.0 784000
1695740676051 0.0 788000
1695740739809 0.0 792000
1695740801714 0.0 796000
1695740864977 0.0 800000
1695740927184 0.0 804000
1695740989429 0.0 808000
1695741052763 0.0 812000
1695741116412 0.0 816000
1695741179147 0.0 820000
1695741242053 0.0 824000
1695741305161 0.0 828000
1695741368482 0.0 832000
1695741432720 0.0 836000
1695741500755 0.0 840000
1695741566795 0.0 844000
1695741631744 0.0 848000
1695741707385 0.0 852000
1695741770213 0.0 856000
1695741834288 0.0 860000
1695741896270 0.0 864000
1695741958435 0.0 868000
1695742020684 0.0 872000
1695742083831 0.0 876000
1695742146498 0.0 880000
1695742211615 0.0 884000
1695742275856 0.0 888000
1695742341597 0.0 892000
1695742413607 0.0 896000
1695742481929 0.0 900000
1695742548245 0.0 904000
1695742610712 0.0 908000
1695742672823 0.0 912000
1695742735109 0.0 916000
1695742798415 0.0 920000
1695742861513 0.0 924000
1695742924100 0.0 928000
1695742986336 0.0 932000
1695743049646 0.0 936000
1695743111923 0.0 940000
1695743175894 0.0 944000
1695743237857 0.0 948000
1695743299766 0.0 952000
1695743361960 0.0 956000
1695743425257 0.0 960000
1695743487736 0.0 964000
1695743552119 0.0 968000
1695743614273 0.0 972000
1695743677460 0.0 976000
1695743740506 0.0 980000
1695743804782 0.0 984000
1695743866960 0.0 988000
1695743930079 0.0 992000
1695743991710 0.0 996000
1695744055048 0.0 1000000
