1695731491903 0.0 244000
1695731555275 0.0 248000
1695731626919 0.0 252000
1695731693917 0.0 256000
1695731770355 0.0 260000
1695731847792 0.0 264000
1695731929231 0.0 268000
1695732007466 0.0 272000
1695732085528 0.0 276000
1695732161539 0.0 280000
1695732229769 0.0 284000
1695732296197 0.0 288000
1695732365309 0.0 292000
1695732431655 0.0 296000
1695732499226 0.0 300000
1695732565111 0.0 304000
1695732635379 0.0 308000
1695732702997 0.0 312000
1695732772320 0.0 316000
1695732841511 0.0 320000
1695732910173 0.0 324000
1695732988636 0.0 328000
1695733057698 0.0 332000
1695733127151 0.0 336000
1695733197132 0.0 340000
1695733266849 0.0 344000
1695733337659 0.0 348000
1695733406198 0.0 352000
1695733475032 0.0 356000
1695733547096 0.0 360000
1695733617665 0.0 364000
1695733686155 0.0 368000
1695733756138 0.0 372000
1695733824375 0.0 376000
1695733894878 0.0 380000
1695733964211 0.0 384000
1695734035211 0.0 388000
1695734104189 0.0 392000
1695734175618 0.0 396000
1695734244662 0.0 400000
1695734315686 0.0 404000
1695734384598 0.0 408000
1695734453379 0.0 412000
1695734520665 0.0 416000
1695734588372 0.0 420000
1695734658324 0.0 424000
1695734727990 0.0 428000
1695734796879 0.0 432000
1695734870220 0.0 436000
1695734945753 0.0 440000
1695735017065 0.0 444000
1695735086357 0.0 448000
1695735161680 0.0 452000
1695735231922 0.0 456000
1695735305864 0.0 460000
1695735382113 0.0 464000
1695735453119 0.0 468000
1695735524348 0.0 472000
1695735599124 0.0 476000
1695735678625 0.0 480000
1695735759747 0.0 484000
1695735842312 0.0 488000
1695735925738 0.0 492000
1695736013413 0.0 496000
1695736097260 0.0 500000
1695736173586 0.0 504000
1695736248838 0.0 508000
1695736320554 0.0 512000
1695736388137 0.0 516000
1695736454273 0.0 520000
1695736520604 0.0 524000
1695736587034 0.0 528000
1695736651665 0.0 532000
1695736716101 0.0 536000
1695736779452 0.0 540000
1695736842166 0.0 544000
1695736905363 0.0 548000
1695736968431 0.0 552000
1695737032129 0.0 556000
1695737094041 0.0 560000
1695737157949 0.0 564000
1695737219615 0.0 568000
1695737281930 0.0 572000
1695737344612 0.0 576000
1695737411942 0.0 580000
1695737478227 0.0 584000
1695737541895 0.0 588000
1695737604333 0.0 592000
1695737666415 0.0 596000
1695737728625 0.0 600000
1695737791550 0.0 604000
1695737853510 0.0 608000
1695737916198 0.0 612000
1695737978567 0.0 616000
1695738041211 0.0 620000
1695738103461 0.0 624000
1695738167299 0.0 628000
1695738229969 0.0 632000
1695738292527 0.0 636000
1695738355015 0.0 640000
1695738417877 0.0 644000
1695738479830 0.0 648000
1695738542418 0.0 652000
1695738605855 0.0 656000
1695738668128 0.0 660000
1695738731680 0.0 664000
1695738794148 0.0 668000
1695738858492 0.0 672000
1695738921230 0.0 676000
1695738984430 0.0 680000
1695739046693 0.0 684000
1695739110067 0.0 688000
1695739171940 0.0 692000
1695739235468 0.0 696000
1695739297716 0.0 700000
1695739360525 0.0 704000
1695739423210 0.0 708000
1695739488003 0.0 712000
1695739550657 0.0 716000
1695739613283 0.0 720000
1695739675985 0.0 724000
1695739737775 0.0 728000
1695739800459 0.0 732000
1695739862694 0.0 736000
1695739925838 0.0 740000
1695739987681 0.0 744000
1695740051583 0.0 748000
1695740114395 0.0 752000
1695740177617 0.0 756000
1695740240089 0.0 760000
1695740301954 0.0 764000
1695740363537 0.0 768000
1695740426028 0.0 772000
1695740488857 0.0 776000
1695740550696 0.0 780000
1695740613397 0.0 784000
1695740676022 0.0 788000
1695740739780 0.0 792000
1695740801686 0.0 796000
1695740864949 0.0 800000
1695740927152 0.0 804000
1695740989400 0.0 808000
1695741052731 0.0 812000
1695741116382 0.0 816000
1695741179115 0.0 820000
1695741242024 0.0 824000
1695741305129 0.0 828000
1695741368453 0.0 832000
1695741432691 0.0 836000
1695741500723 0.0 840000
1695741566764 0.0 844000
1695741631713 0.0 848000
1695741707345 0.0 852000
1695741770182 0.0 856000
1695741834257 0.0 860000
1695741896231 0.0 864000
1695741958407 0.0 868000
1695742020653 0.0 872000
1695742083799 0.0 876000
1695742146467 0.0 880000
1695742211584 0.0 884000
1695742275826 0.0 888000
1695742341567 0.0 892000
1695742413560 0.0 896000
1695742481896 0.0 900000
1695742548216 0.0 904000
1695742610684 0.0 908000
1695742672794 0.0 912000
1695742735079 0.0 916000
1695742798384 0.0 920000
1695742861483 0.0 924000
1695742924066 0.0 928000
1695742986307 0.0 932000
1695743049614 0.0 936000
1695743111894 0.0 940000
1695743175864 0.0 944000
1695743237828 0.0 948000
1695743299736 0.0 952000
1695743361929 0.0 956000
1695743425228 0.0 960000
1695743487706 0.0 964000
1695743552090 0.0 968000
1695743614243 0.0 972000
1695743677432 0.0 976000
1695743740476 0.0 980000
1695743804752 0.0 984000
1695743866928 0.0 988000
1695743930050 0.0 992000
1695743991680 0.0 996000
1695744055019 0.0 1000000
