1695731491966 0.3 244000
1695731555338 0.3 248000
1695731626973 0.3 252000
1695731693975 0.3 256000
1695731770419 0.3 260000
1695731847865 0.3 264000
1695731929299 0.3 268000
1695732007531 0.3 272000
1695732085607 0.3 276000
1695732161592 0.3 280000
1695732229824 0.3 284000
1695732296258 0.3 288000
1695732365368 0.3 292000
1695732431707 0.3 296000
1695732499280 0.3 300000
1695732565173 0.3 304000
1695732635443 0.3 308000
1695732703058 0.3 312000
1695732772378 0.3 316000
1695732841567 0.3 320000
1695732910226 0.3 324000
1695732988691 0.3 328000
1695733057759 0.3 332000
1695733127206 0.3 336000
1695733197188 0.3 340000
1695733266910 0.3 344000
1695733337732 0.3 348000
1695733406253 0.3 352000
1695733475091 0.3 356000
1695733547157 0.3 360000
1695733617723 0.3 364000
1695733686215 0.3 368000
1695733756194 0.3 372000
1695733824429 0.3 376000
1695733894935 0.3 380000
1695733964264 0.3 384000
1695734035273 0.3 388000
1695734104244 0.3 392000
1695734175673 0.3 396000
1695734244717 0.3 400000
1695734315742 0.3 404000
1695734384657 0.3 408000
1695734453433 0.3 412000
1695734520723 0.3 416000
1695734588429 0.3 420000
1695734658381 0.3 424000
1695734728047 0.3 428000
1695734796932 0.3 432000
1695734870296 0.3 436000
1695734945812 0.3 440000
1695735017128 0.3 444000
1695735086412 0.3 448000
1695735161737 0.3 452000
1695735231979 0.3 456000
1695735305926 0.3 460000
1695735382180 0.3 464000
1695735453177 0.3 468000
1695735524402 0.3 472000
1695735599184 0.3 476000
1695735678689 0.3 480000
1695735759811 0.3 484000
1695735842376 0.3 488000
1695735925809 0.3 492000
1695736013477 0.3 496000
1695736097328 0.3 500000
1695736173650 0.3 504000
1695736248916 0.3 508000
1695736320624 0.3 512000
1695736388189 0.3 516000
1695736454327 0.3 520000
1695736520657 0.3 524000
1695736587086 0.3 528000
1695736651723 0.3 532000
1695736716155 0.3 536000
1695736779501 0.3 540000
1695736842219 0.3 544000
1695736905420 0.3 548000
1695736968481 0.3 552000
1695737032181 0.3 556000
1695737094092 0.3 560000
1695737158000 0.3 564000
1695737219668 0.3 568000
1695737281984 0.3 572000
1695737344666 0.3 576000
1695737411999 0.3 580000
1695737478279 0.3 584000
1695737541947 0.3 588000
1695737604387 0.3 592000
1695737666471 0.3 596000
1695737728675 0.3 600000
1695737791603 0.3 604000
1695737853561 0.3 608000
1695737916248 0.3 612000
1695737978620 0.3 616000
1695738041261 0.3 620000
1695738103518 0.3 624000
1695738167349 0.3 628000
1695738230023 0.3 632000
1695738292578 0.3 636000
1695738355068 0.3 640000
1695738417928 0.3 644000
1695738479884 0.3 648000
1695738542470 0.3 652000
1695738605907 0.3 656000
1695738668180 0.3 660000
1695738731733 0.3 664000
1695738794200 0.3 668000
1695738858543 0.3 672000
1695738921286 0.3 676000
1695738984492 0.3 680000
1695739046743 0.3 684000
1695739110117 0.3 688000
1695739171991 0.3 692000
1695739235519 0.3 696000
1695739297766 0.3 700000
1695739360580 0.3 704000
1695739423265 0.3 708000
1695739488056 0.3 712000
1695739550708 0.3 716000
1695739613336 0.3 720000
1695739676037 0.3 724000
1695739737827 0.3 728000
1695739800512 0.3 732000
1695739862751 0.3 736000
1695739925891 0.3 740000
1695739987734 0.3 744000
1695740051636 0.3 748000
1695740114450 0.3 752000
1695740177668 0.3 756000
1695740240138 0.3 760000
1695740302004 0.3 764000
1695740363591 0.3 768000
1695740426078 0.3 772000
1695740488913 0.3 776000
1695740550748 0.3 780000
1695740613450 0.3 784000
1695740676074 0.3 788000
1695740739831 0.3 792000
1695740801735 0.3 796000
1695740864999 0.3 800000
1695740927211 0.3 804000
1695740989451 0.3 808000
1695741052787 0.3 812000
1695741116434 0.3 816000
1695741179168 0.3 820000
1695741242077 0.3 824000
1695741305182 0.3 828000
1695741368505 0.3 832000
1695741432744 0.3 836000
1695741500779 0.3 840000
1695741566818 0.3 844000
1695741631767 0.3 848000
1695741707409 0.3 852000
1695741770234 0.3 856000
1695741834310 0.3 860000
1695741896298 0.3 864000
1695741958458 0.3 868000
1695742020707 0.3 872000
1695742083853 0.3 876000
1695742146520 0.3 880000
1695742211638 0.3 884000
1695742275878 0.3 888000
1695742341620 0.3 892000
1695742413638 0.3 896000
1695742481953 0.3 900000
1695742548267 0.3 904000
1695742610733 0.3 908000
1695742672844 0.3 912000
1695742735133 0.3 916000
1695742798439 0.3 920000
1695742861536 0.3 924000
1695742924125 0.3 928000
1695742986358 0.3 932000
1695743049667 0.3 936000
1695743111947 0.3 940000
1695743175917 0.3 944000
1695743237879 0.3 948000
1695743299789 0.3 952000
1695743361983 0.3 956000
1695743425281 0.3 960000
1695743487758 0.3 964000
1695743552141 0.3 968000
1695743614295 0.3 972000
1695743677481 0.3 976000
1695743740529 0.3 980000
1695743804804 0.3 984000
1695743866983 0.3 988000
1695743930101 0.3 992000
1695743991733 0.3 996000
1695744055070 0.3 1000000
