1695731491914 0.0 244000
1695731555284 0.0 248000
1695731626928 0.0 252000
1695731693926 0.0 256000
1695731770365 0.0 260000
1695731847803 0.0 264000
1695731929243 0.0 268000
1695732007476 0.0 272000
1695732085539 0.0 276000
1695732161547 0.0 280000
1695732229777 0.0 284000
1695732296207 0.0 288000
1695732365318 0.0 292000
1695732431663 0.0 296000
1695732499234 0.0 300000
1695732565120 0.0 304000
1695732635389 0.0 308000
1695732703006 0.0 312000
1695732772329 0.0 316000
1695732841520 0.0 320000
1695732910181 0.0 324000
1695732988645 0.0 328000
1695733057708 0.0 332000
1695733127160 0.0 336000
1695733197140 0.0 340000
1695733266858 0.0 344000
1695733337670 0.0 348000
1695733406206 0.0 352000
1695733475041 0.0 356000
1695733547105 0.0 360000
1695733617674 0.0 364000
1695733686164 0.0 368000
1695733756147 0.0 372000
1695733824383 0.0 376000
1695733894887 0.0 380000
1695733964220 0.0 384000
1695734035221 0.0 388000
1695734104198 0.0 392000
1695734175626 0.0 396000
1695734244671 0.0 400000
1695734315695 0.0 404000
1695734384607 0.0 408000
1695734453387 0.0 412000
1695734520674 0.0 416000
1695734588381 0.0 420000
1695734658333 0.0 424000
1695734727999 0.0 428000
1695734796887 0.0 432000
1695734870231 0.0 436000
1695734945763 0.0 440000
1695735017075 0.0 444000
1695735086365 0.0 448000
1695735161689 0.0 452000
1695735231931 0.0 456000
1695735305873 0.0 460000
1695735382124 0.0 464000
1695735453128 0.0 468000
1695735524357 0.0 472000
1695735599133 0.0 476000
1695735678636 0.0 480000
1695735759757 0.0 484000
1695735842322 0.0 488000
1695735925747 0.0 492000
1695736013423 0.0 496000
1695736097269 0.0 500000
1695736173596 0.0 504000
1695736248848 0.0 508000
1695736320564 0.0 512000
1695736388145 0.0 516000
1695736454281 0.0 520000
1695736520613 0.0 524000
1695736587042 0.0 528000
1695736651674 0.0 532000
1695736716109 0.0 536000
1695736779459 0.0 540000
1695736842175 0.0 544000
1695736905372 0.0 548000
1695736968439 0.0 552000
1695737032137 0.0 556000
1695737094049 0.0 560000
1695737157957 0.0 564000
1695737219623 0.0 568000
1695737281938 0.0 572000
1695737344621 0.0 576000
1695737411951 0.0 580000
1695737478235 0.0 584000
1695737541904 0.0 588000
1695737604341 0.0 592000
1695737666424 0.0 596000
1695737728633 0.0 600000
1695737791559 0.0 604000
1695737853517 0.0 608000
1695737916206 0.0 612000
1695737978574 0.0 616000
1695738041219 0.0 620000
1695738103470 0.0 624000
1695738167307 0.0 628000
1695738229977 0.0 632000
1695738292535 0.0 636000
1695738355024 0.0 640000
1695738417886 0.0 644000
1695738479838 0.0 648000
1695738542427 0.0 652000
1695738605863 0.0 656000
1695738668136 0.0 660000
1695738731688 0.0 664000
1695738794157 0.0 668000
1695738858500 0.0 672000
1695738921239 0.0 676000
1695738984440 0.0 680000
1695739046701 0.0 684000
1695739110075 0.0 688000
1695739171948 0.0 692000
1695739235476 0.0 696000
1695739297724 0.0 700000
1695739360533 0.0 704000
1695739423218 0.0 708000
1695739488011 0.0 712000
1695739550664 0.0 716000
1695739613292 0.0 720000
1695739675994 0.0 724000
1695739737783 0.0 728000
1695739800466 0.0 732000
1695739862703 0.0 736000
1695739925847 0.0 740000
1695739987689 0.0 744000
1695740051591 0.0 748000
1695740114403 0.0 752000
1695740177625 0.0 756000
1695740240097 0.0 760000
1695740301962 0.0 764000
1695740363546 0.0 768000
1695740426036 0.0 772000
1695740488866 0.0 776000
1695740550704 0.0 780000
1695740613406 0.0 784000
1695740676030 0.0 788000
1695740739788 0.0 792000
1695740801693 0.0 796000
1695740864956 0.0 800000
1695740927161 0.0 804000
1695740989408 0.0 808000
1695741052740 0.0 812000
1695741116390 0.0 816000
1695741179124 0.0 820000
1695741242032 0.0 824000
1695741305138 0.0 828000
1695741368461 0.0 832000
1695741432699 0.0 836000
1695741500731 0.0 840000
1695741566772 0.0 844000
1695741631722 0.0 848000
1695741707360 0.0 852000
1695741770190 0.0 856000
1695741834265 0.0 860000
1695741896242 0.0 864000
1695741958414 0.0 868000
1695742020661 0.0 872000
1695742083807 0.0 876000
1695742146475 0.0 880000
1695742211592 0.0 884000
1695742275834 0.0 888000
1695742341575 0.0 892000
1695742413571 0.0 896000
1695742481906 0.0 900000
1695742548224 0.0 904000
1695742610692 0.0 908000
1695742672802 0.0 912000
1695742735088 0.0 916000
1695742798392 0.0 920000
1695742861492 0.0 924000
1695742924075 0.0 928000
1695742986316 0.0 932000
1695743049623 0.0 936000
1695743111902 0.0 940000
1695743175873 0.0 944000
1695743237835 0.0 948000
1695743299744 0.0 952000
1695743361937 0.0 956000
1695743425236 0.0 960000
1695743487715 0.0 964000
1695743552098 0.0 968000
1695743614251 0.0 972000
1695743677440 0.0 976000
1695743740485 0.0 980000
1695743804760 0.0 984000
1695743866937 0.0 988000
1695743930058 0.0 992000
1695743991688 0.0 996000
1695744055028 0.0 1000000
