1695731491948 60.0 244000
1695731555317 60.0 248000
1695731626956 60.0 252000
1695731693956 60.0 256000
1695731770398 60.0 260000
1695731847843 60.0 264000
1695731929277 60.0 268000
1695732007510 60.0 272000
1695732085572 60.0 276000
1695732161575 60.0 280000
1695732229806 60.0 284000
1695732296238 60.0 288000
1695732365348 60.0 292000
1695732431691 60.0 296000
1695732499263 60.0 300000
1695732565154 60.0 304000
1695732635422 60.0 308000
1695732703038 60.0 312000
1695732772359 60.0 316000
1695732841549 60.0 320000
1695732910209 60.0 324000
1695732988673 60.0 328000
1695733057740 60.0 332000
1695733127189 60.0 336000
1695733197169 60.0 340000
1695733266890 60.0 344000
1695733337705 60.0 348000
1695733406235 60.0 352000
1695733475071 60.0 356000
1695733547137 60.0 360000
1695733617704 60.0 364000
1695733686195 60.0 368000
1695733756176 60.0 372000
1695733824411 60.0 376000
1695733894917 60.0 380000
1695733964247 60.0 384000
1695734035253 60.0 388000
1695734104226 60.0 392000
1695734175655 60.0 396000
1695734244700 60.0 400000
1695734315724 60.0 404000
1695734384637 60.0 408000
1695734453415 60.0 412000
1695734520704 60.0 416000
1695734588410 60.0 420000
1695734658362 60.0 424000
1695734728028 60.0 428000
1695734796914 60.0 432000
1695734870271 60.0 436000
1695734945793 60.0 440000
1695735017108 60.0 444000
1695735086394 60.0 448000
1695735161717 60.0 452000
1695735231960 60.0 456000
1695735305906 60.0 460000
1695735382159 60.0 464000
1695735453158 60.0 468000
1695735524384 60.0 472000
1695735599164 60.0 476000
1695735678668 60.0 480000
1695735759789 60.0 484000
1695735842355 60.0 488000
1695735925785 60.0 492000
1695736013456 60.0 496000
1695736097304 60.0 500000
1695736173627 60.0 504000
1695736248892 60.0 508000
1695736320597 60.0 512000
1695736388172 60.0 516000
1695736454309 60.0 520000
1695736520641 60.0 524000
1695736587069 60.0 528000
1695736651704 60.0 532000
1695736716137 60.0 536000
1695736779485 60.0 540000
1695736842202 60.0 544000
1695736905401 60.0 548000
1695736968464 60.0 552000
1695737032164 60.0 556000
1695737094075 60.0 560000
1695737157983 60.0 564000
1695737219651 60.0 568000
1695737281965 60.0 572000
1695737344649 60.0 576000
1695737411980 60.0 580000
1695737478262 60.0 584000
1695737541930 60.0 588000
1695737604369 60.0 592000
1695737666453 60.0 596000
1695737728659 60.0 600000
1695737791585 60.0 604000
1695737853545 60.0 608000
1695737916232 60.0 612000
1695737978603 60.0 616000
1695738041244 60.0 620000
1695738103498 60.0 624000
1695738167334 60.0 628000
1695738230005 60.0 632000
1695738292561 60.0 636000
1695738355050 60.0 640000
1695738417911 60.0 644000
1695738479865 60.0 648000
1695738542453 60.0 652000
1695738605891 60.0 656000
1695738668163 60.0 660000
1695738731715 60.0 664000
1695738794184 60.0 668000
1695738858527 60.0 672000
1695738921268 60.0 676000
1695738984472 60.0 680000
1695739046727 60.0 684000
1695739110100 60.0 688000
1695739171974 60.0 692000
1695739235502 60.0 696000
1695739297750 60.0 700000
1695739360561 60.0 704000
1695739423246 60.0 708000
1695739488038 60.0 712000
1695739550691 60.0 716000
1695739613317 60.0 720000
1695739676021 60.0 724000
1695739737811 60.0 728000
1695739800493 60.0 732000
1695739862732 60.0 736000
1695739925873 60.0 740000
1695739987716 60.0 744000
1695740051618 60.0 748000
1695740114432 60.0 752000
1695740177651 60.0 756000
1695740240122 60.0 760000
1695740301988 60.0 764000
1695740363573 60.0 768000
1695740426061 60.0 772000
1695740488895 60.0 776000
1695740550731 60.0 780000
1695740613432 60.0 784000
1695740676056 60.0 788000
1695740739814 60.0 792000
1695740801719 60.0 796000
1695740864982 60.0 800000
1695740927190 60.0 804000
1695740989434 60.0 808000
1695741052769 60.0 812000
1695741116418 60.0 816000
1695741179152 60.0 820000
1695741242059 60.0 824000
1695741305165 60.0 828000
1695741368487 60.0 832000
1695741432726 60.0 836000
1695741500760 60.0 840000
1695741566800 60.0 844000
1695741631749 60.0 848000
1695741707391 60.0 852000
1695741770218 60.0 856000
1695741834293 60.0 860000
1695741896276 60.0 864000
1695741958440 60.0 868000
1695742020689 60.0 872000
1695742083836 60.0 876000
1695742146504 60.0 880000
1695742211621 60.0 884000
1695742275861 60.0 888000
1695742341603 60.0 892000
1695742413615 60.0 896000
1695742481935 60.0 900000
1695742548250 60.0 904000
1695742610717 60.0 908000
1695742672828 60.0 912000
1695742735115 60.0 916000
1695742798421 60.0 920000
1695742861518 60.0 924000
1695742924106 60.0 928000
1695742986341 60.0 932000
1695743049651 60.0 936000
1695743111928 60.0 940000
1695743175899 60.0 944000
1695743237863 60.0 948000
1695743299772 60.0 952000
1695743361966 60.0 956000
1695743425262 60.0 960000
1695743487741 60.0 964000
1695743552124 60.0 968000
1695743614277 60.0 972000
1695743677465 60.0 976000
1695743740511 60.0 980000
1695743804787 60.0 984000
1695743866965 60.0 988000
1695743930083 60.0 992000
1695743991716 60.0 996000
1695744055053 60.0 1000000
