1695731491900 20.0 244000
1695731555272 20.0 248000
1695731626917 20.0 252000
1695731693915 20.0 256000
1695731770352 20.0 260000
1695731847787 20.0 264000
1695731929228 20.0 268000
1695732007464 20.0 272000
1695732085525 20.0 276000
1695732161537 20.0 280000
1695732229766 20.0 284000
1695732296195 20.0 288000
1695732365306 20.0 292000
1695732431652 20.0 296000
1695732499223 20.0 300000
1695732565109 20.0 304000
1695732635376 20.0 308000
1695732702994 20.0 312000
1695732772317 20.0 316000
1695732841509 20.0 320000
1695732910171 20.0 324000
1695732988634 20.0 328000
1695733057696 20.0 332000
1695733127149 20.0 336000
1695733197129 20.0 340000
1695733266846 20.0 344000
1695733337656 20.0 348000
1695733406196 20.0 352000
1695733475029 20.0 356000
1695733547093 20.0 360000
1695733617663 20.0 364000
1695733686152 20.0 368000
1695733756136 20.0 372000
1695733824373 20.0 376000
1695733894876 20.0 380000
1695733964209 20.0 384000
1695734035208 20.0 388000
1695734104186 20.0 392000
1695734175615 20.0 396000
1695734244659 20.0 400000
1695734315683 20.0 404000
1695734384595 20.0 408000
1695734453376 20.0 412000
1695734520663 20.0 416000
1695734588370 20.0 420000
1695734658321 20.0 424000
1695734727987 20.0 428000
1695734796877 20.0 432000
1695734870217 20.0 436000
1695734945751 20.0 440000
1695735017062 20.0 444000
1695735086354 20.0 448000
1695735161677 20.0 452000
1695735231920 20.0 456000
1695735305861 20.0 460000
1695735382110 20.0 464000
1695735453117 20.0 468000
1695735524346 20.0 472000
1695735599121 20.0 476000
1695735678622 20.0 480000
1695735759744 20.0 484000
1695735842309 20.0 488000
1695735925735 20.0 492000
1695736013410 20.0 496000
1695736097257 20.0 500000
1695736173584 20.0 504000
1695736248835 20.0 508000
1695736320551 20.0 512000
1695736388135 20.0 516000
1695736454271 20.0 520000
1695736520602 20.0 524000
1695736587031 20.0 528000
1695736651662 20.0 532000
1695736716099 20.0 536000
1695736779449 20.0 540000
1695736842164 20.0 544000
1695736905361 20.0 548000
1695736968429 20.0 552000
1695737032126 20.0 556000
1695737094039 20.0 560000
1695737157947 20.0 564000
1695737219613 20.0 568000
1695737281928 20.0 572000
1695737344609 20.0 576000
1695737411939 20.0 580000
1695737478225 20.0 584000
1695737541893 20.0 588000
1695737604331 20.0 592000
1695737666412 20.0 596000
1695737728623 20.0 600000
1695737791548 20.0 604000
1695737853508 20.0 608000
1695737916196 20.0 612000
1695737978565 20.0 616000
1695738041209 20.0 620000
1695738103459 20.0 624000
1695738167297 20.0 628000
1695738229967 20.0 632000
1695738292525 20.0 636000
1695738355013 20.0 640000
1695738417875 20.0 644000
1695738479828 20.0 648000
1695738542416 20.0 652000
1695738605853 20.0 656000
1695738668126 20.0 660000
1695738731678 20.0 664000
1695738794146 20.0 668000
1695738858490 20.0 672000
1695738921228 20.0 676000
1695738984428 20.0 680000
1695739046691 20.0 684000
1695739110065 20.0 688000
1695739171938 20.0 692000
1695739235466 20.0 696000
1695739297714 20.0 700000
1695739360523 20.0 704000
1695739423207 20.0 708000
1695739488001 20.0 712000
1695739550655 20.0 716000
1695739613280 20.0 720000
1695739675983 20.0 724000
1695739737772 20.0 728000
1695739800457 20.0 732000
1695739862691 20.0 736000
1695739925836 20.0 740000
1695739987678 20.0 744000
1695740051580 20.0 748000
1695740114393 20.0 752000
1695740177615 20.0 756000
1695740240087 20.0 760000
1695740301952 20.0 764000
1695740363535 20.0 768000
1695740426026 20.0 772000
1695740488855 20.0 776000
1695740550694 20.0 780000
1695740613395 20.0 784000
1695740676020 20.0 788000
1695740739778 20.0 792000
1695740801684 20.0 796000
1695740864946 20.0 800000
1695740927150 20.0 804000
1695740989398 20.0 808000
1695741052729 20.0 812000
1695741116380 20.0 816000
1695741179113 20.0 820000
1695741242022 20.0 824000
1695741305126 20.0 828000
1695741368451 20.0 832000
1695741432689 20.0 836000
1695741500720 20.0 840000
1695741566762 20.0 844000
1695741631710 20.0 848000
1695741707343 20.0 852000
1695741770180 20.0 856000
1695741834254 20.0 860000
1695741896228 20.0 864000
1695741958405 20.0 868000
1695742020650 20.0 872000
1695742083797 20.0 876000
1695742146465 20.0 880000
1695742211582 20.0 884000
1695742275824 20.0 888000
1695742341565 20.0 892000
1695742413557 20.0 896000
1695742481894 20.0 900000
1695742548214 20.0 904000
1695742610681 20.0 908000
1695742672792 20.0 912000
1695742735077 20.0 916000
1695742798382 20.0 920000
1695742861481 20.0 924000
1695742924063 20.0 928000
1695742986305 20.0 932000
1695743049612 20.0 936000
1695743111892 20.0 940000
1695743175862 20.0 944000
1695743237825 20.0 948000
1695743299733 20.0 952000
1695743361927 20.0 956000
1695743425226 20.0 960000
1695743487704 20.0 964000
1695743552088 20.0 968000
1695743614240 20.0 972000
1695743677430 20.0 976000
1695743740474 20.0 980000
1695743804750 20.0 984000
1695743866926 20.0 988000
1695743930048 20.0 992000
1695743991678 20.0 996000
1695744055017 20.0 1000000
