1695731491899 0.0 244000
1695731555271 0.0 248000
1695731626916 0.0 252000
1695731693914 0.0 256000
1695731770351 0.0 260000
1695731847785 0.0 264000
1695731929227 0.0 268000
1695732007463 0.0 272000
1695732085525 0.0 276000
1695732161536 0.0 280000
1695732229766 0.0 284000
1695732296194 0.0 288000
1695732365306 0.0 292000
1695732431652 0.0 296000
1695732499223 0.0 300000
1695732565108 0.0 304000
1695732635376 0.0 308000
1695732702994 0.0 312000
1695732772316 0.0 316000
1695732841508 0.0 320000
1695732910170 0.0 324000
1695732988633 0.0 328000
1695733057695 0.0 332000
1695733127148 0.0 336000
1695733197128 0.0 340000
1695733266845 0.0 344000
1695733337655 0.0 348000
1695733406195 0.0 352000
1695733475028 0.0 356000
1695733547092 0.0 360000
1695733617662 0.0 364000
1695733686151 0.0 368000
1695733756135 0.0 372000
1695733824372 0.0 376000
1695733894875 0.0 380000
1695733964208 0.0 384000
1695734035208 0.0 388000
1695734104186 0.0 392000
1695734175614 0.0 396000
1695734244658 0.0 400000
1695734315682 0.0 404000
1695734384594 0.0 408000
1695734453376 0.0 412000
1695734520662 0.0 416000
1695734588369 0.0 420000
1695734658321 0.0 424000
1695734727986 0.0 428000
1695734796876 0.0 432000
1695734870216 0.0 436000
1695734945750 0.0 440000
1695735017061 0.0 444000
1695735086353 0.0 448000
1695735161677 0.0 452000
1695735231919 0.0 456000
1695735305860 0.0 460000
1695735382109 0.0 464000
1695735453116 0.0 468000
1695735524345 0.0 472000
1695735599120 0.0 476000
1695735678621 0.0 480000
1695735759743 0.0 484000
1695735842308 0.0 488000
1695735925734 0.0 492000
1695736013410 0.0 496000
1695736097256 0.0 500000
1695736173583 0.0 504000
1695736248834 0.0 508000
1695736320550 0.0 512000
1695736388134 0.0 516000
1695736454271 0.0 520000
1695736520602 0.0 524000
1695736587031 0.0 528000
1695736651662 0.0 532000
1695736716098 0.0 536000
1695736779449 0.0 540000
1695736842163 0.0 544000
1695736905360 0.0 548000
1695736968428 0.0 552000
1695737032126 0.0 556000
1695737094039 0.0 560000
1695737157946 0.0 564000
1695737219612 0.0 568000
1695737281927 0.0 572000
1695737344608 0.0 576000
1695737411939 0.0 580000
1695737478224 0.0 584000
1695737541892 0.0 588000
1695737604330 0.0 592000
1695737666412 0.0 596000
1695737728622 0.0 600000
1695737791547 0.0 604000
1695737853507 0.0 608000
1695737916195 0.0 612000
1695737978564 0.0 616000
1695738041208 0.0 620000
1695738103458 0.0 624000
1695738167296 0.0 628000
1695738229966 0.0 632000
1695738292524 0.0 636000
1695738355012 0.0 640000
1695738417875 0.0 644000
1695738479827 0.0 648000
1695738542415 0.0 652000
1695738605852 0.0 656000
1695738668125 0.0 660000
1695738731677 0.0 664000
1695738794145 0.0 668000
1695738858489 0.0 672000
1695738921227 0.0 676000
1695738984428 0.0 680000
1695739046690 0.0 684000
1695739110064 0.0 688000
1695739171937 0.0 692000
1695739235465 0.0 696000
1695739297713 0.0 700000
1695739360523 0.0 704000
1695739423207 0.0 708000
1695739488000 0.0 712000
1695739550654 0.0 716000
1695739613280 0.0 720000
1695739675982 0.0 724000
1695739737772 0.0 728000
1695739800456 0.0 732000
1695739862690 0.0 736000
1695739925835 0.0 740000
1695739987678 0.0 744000
1695740051579 0.0 748000
1695740114392 0.0 752000
1695740177614 0.0 756000
1695740240086 0.0 760000
1695740301951 0.0 764000
1695740363534 0.0 768000
1695740426025 0.0 772000
1695740488854 0.0 776000
1695740550693 0.0 780000
1695740613395 0.0 784000
1695740676019 0.0 788000
1695740739777 0.0 792000
1695740801683 0.0 796000
1695740864946 0.0 800000
1695740927149 0.0 804000
1695740989397 0.0 808000
1695741052728 0.0 812000
1695741116379 0.0 816000
1695741179112 0.0 820000
1695741242021 0.0 824000
1695741305126 0.0 828000
1695741368451 0.0 832000
1695741432688 0.0 836000
1695741500720 0.0 840000
1695741566761 0.0 844000
1695741631710 0.0 848000
1695741707342 0.0 852000
1695741770180 0.0 856000
1695741834253 0.0 860000
1695741896228 0.0 864000
1695741958404 0.0 868000
1695742020649 0.0 872000
1695742083796 0.0 876000
1695742146464 0.0 880000
1695742211581 0.0 884000
1695742275823 0.0 888000
1695742341564 0.0 892000
1695742413556 0.0 896000
1695742481893 0.0 900000
1695742548213 0.0 904000
1695742610680 0.0 908000
1695742672791 0.0 912000
1695742735076 0.0 916000
1695742798381 0.0 920000
1695742861480 0.0 924000
1695742924063 0.0 928000
1695742986304 0.0 932000
1695743049611 0.0 936000
1695743111891 0.0 940000
1695743175861 0.0 944000
1695743237825 0.0 948000
1695743299732 0.0 952000
1695743361926 0.0 956000
1695743425225 0.0 960000
1695743487704 0.0 964000
1695743552087 0.0 968000
1695743614240 0.0 972000
1695743677430 0.0 976000
1695743740473 0.0 980000
1695743804750 0.0 984000
1695743866925 0.0 988000
1695743930047 0.0 992000
1695743991677 0.0 996000
1695744055016 0.0 1000000
