1695731491914 0.0 244000
1695731555285 0.0 248000
1695731626928 0.0 252000
1695731693927 0.0 256000
1695731770366 0.0 260000
1695731847804 0.0 264000
1695731929244 0.0 268000
1695732007477 0.0 272000
1695732085540 0.0 276000
1695732161548 0.0 280000
1695732229778 0.0 284000
1695732296207 0.0 288000
1695732365319 0.0 292000
1695732431664 0.0 296000
1695732499235 0.0 300000
1695732565121 0.0 304000
1695732635390 0.0 308000
1695732703007 0.0 312000
1695732772330 0.0 316000
1695732841521 0.0 320000
1695732910182 0.0 324000
1695732988646 0.0 328000
1695733057709 0.0 332000
1695733127161 0.0 336000
1695733197141 0.0 340000
1695733266859 0.0 344000
1695733337671 0.0 348000
1695733406208 0.0 352000
1695733475042 0.0 356000
1695733547106 0.0 360000
1695733617674 0.0 364000
1695733686165 0.0 368000
1695733756148 0.0 372000
1695733824384 0.0 376000
1695733894888 0.0 380000
1695733964221 0.0 384000
1695734035222 0.0 388000
1695734104198 0.0 392000
1695734175627 0.0 396000
1695734244671 0.0 400000
1695734315695 0.0 404000
1695734384607 0.0 408000
1695734453388 0.0 412000
1695734520674 0.0 416000
1695734588382 0.0 420000
1695734658333 0.0 424000
1695734728000 0.0 428000
1695734796888 0.0 432000
1695734870232 0.0 436000
1695734945763 0.0 440000
1695735017076 0.0 444000
1695735086366 0.0 448000
1695735161689 0.0 452000
1695735231932 0.0 456000
1695735305874 0.0 460000
1695735382125 0.0 464000
1695735453129 0.0 468000
1695735524357 0.0 472000
1695735599134 0.0 476000
1695735678637 0.0 480000
1695735759757 0.0 484000
1695735842323 0.0 488000
1695735925748 0.0 492000
1695736013424 0.0 496000
1695736097270 0.0 500000
1695736173597 0.0 504000
1695736248850 0.0 508000
1695736320565 0.0 512000
1695736388146 0.0 516000
1695736454282 0.0 520000
1695736520614 0.0 524000
1695736587043 0.0 528000
1695736651675 0.0 532000
1695736716110 0.0 536000
1695736779460 0.0 540000
1695736842176 0.0 544000
1695736905373 0.0 548000
1695736968440 0.0 552000
1695737032138 0.0 556000
1695737094050 0.0 560000
1695737157958 0.0 564000
1695737219624 0.0 568000
1695737281939 0.0 572000
1695737344621 0.0 576000
1695737411952 0.0 580000
1695737478236 0.0 584000
1695737541904 0.0 588000
1695737604342 0.0 592000
1695737666424 0.0 596000
1695737728634 0.0 600000
1695737791559 0.0 604000
1695737853518 0.0 608000
1695737916206 0.0 612000
1695737978575 0.0 616000
1695738041219 0.0 620000
1695738103470 0.0 624000
1695738167308 0.0 628000
1695738229978 0.0 632000
1695738292536 0.0 636000
1695738355025 0.0 640000
1695738417886 0.0 644000
1695738479838 0.0 648000
1695738542428 0.0 652000
1695738605864 0.0 656000
1695738668136 0.0 660000
1695738731689 0.0 664000
1695738794158 0.0 668000
1695738858501 0.0 672000
1695738921240 0.0 676000
1695738984441 0.0 680000
1695739046701 0.0 684000
1695739110076 0.0 688000
1695739171949 0.0 692000
1695739235477 0.0 696000
1695739297725 0.0 700000
1695739360534 0.0 704000
1695739423219 0.0 708000
1695739488012 0.0 712000
1695739550665 0.0 716000
1695739613292 0.0 720000
1695739675995 0.0 724000
1695739737784 0.0 728000
1695739800467 0.0 732000
1695739862703 0.0 736000
1695739925847 0.0 740000
1695739987690 0.0 744000
1695740051592 0.0 748000
1695740114404 0.0 752000
1695740177626 0.0 756000
1695740240097 0.0 760000
1695740301962 0.0 764000
1695740363546 0.0 768000
1695740426036 0.0 772000
1695740488867 0.0 776000
1695740550705 0.0 780000
1695740613407 0.0 784000
1695740676031 0.0 788000
1695740739789 0.0 792000
1695740801694 0.0 796000
1695740864957 0.0 800000
1695740927162 0.0 804000
1695740989409 0.0 808000
1695741052740 0.0 812000
1695741116390 0.0 816000
1695741179124 0.0 820000
1695741242033 0.0 824000
1695741305139 0.0 828000
1695741368462 0.0 832000
1695741432699 0.0 836000
1695741500732 0.0 840000
1695741566773 0.0 844000
1695741631723 0.0 848000
1695741707362 0.0 852000
1695741770191 0.0 856000
1695741834266 0.0 860000
1695741896243 0.0 864000
1695741958415 0.0 868000
1695742020662 0.0 872000
1695742083808 0.0 876000
1695742146475 0.0 880000
1695742211593 0.0 884000
1695742275834 0.0 888000
1695742341576 0.0 892000
1695742413572 0.0 896000
1695742481907 0.0 900000
1695742548224 0.0 904000
1695742610692 0.0 908000
1695742672803 0.0 912000
1695742735088 0.0 916000
1695742798393 0.0 920000
1695742861493 0.0 924000
1695742924076 0.0 928000
1695742986316 0.0 932000
1695743049623 0.0 936000
1695743111902 0.0 940000
1695743175874 0.0 944000
1695743237836 0.0 948000
1695743299745 0.0 952000
1695743361938 0.0 956000
1695743425236 0.0 960000
1695743487715 0.0 964000
1695743552098 0.0 968000
1695743614252 0.0 972000
1695743677441 0.0 976000
1695743740485 0.0 980000
1695743804761 0.0 984000
1695743866937 0.0 988000
1695743930059 0.0 992000
1695743991688 0.0 996000
1695744055029 0.0 1000000
