1695731491909 1.0 244000
1695731555280 1.0 248000
1695731626924 1.0 252000
1695731693922 1.0 256000
1695731770360 1.0 260000
1695731847799 1.0 264000
1695731929238 1.0 268000
1695732007472 1.0 272000
1695732085534 1.0 276000
1695732161544 1.0 280000
1695732229774 1.0 284000
1695732296202 1.0 288000
1695732365314 1.0 292000
1695732431659 1.0 296000
1695732499230 1.0 300000
1695732565116 1.0 304000
1695732635385 1.0 308000
1695732703002 1.0 312000
1695732772325 1.0 316000
1695732841516 1.0 320000
1695732910177 1.0 324000
1695732988641 1.0 328000
1695733057703 1.0 332000
1695733127156 1.0 336000
1695733197136 1.0 340000
1695733266854 1.0 344000
1695733337665 1.0 348000
1695733406202 1.0 352000
1695733475037 1.0 356000
1695733547101 1.0 360000
1695733617670 1.0 364000
1695733686160 1.0 368000
1695733756143 1.0 372000
1695733824380 1.0 376000
1695733894883 1.0 380000
1695733964216 1.0 384000
1695734035217 1.0 388000
1695734104194 1.0 392000
1695734175622 1.0 396000
1695734244667 1.0 400000
1695734315691 1.0 404000
1695734384603 1.0 408000
1695734453383 1.0 412000
1695734520670 1.0 416000
1695734588377 1.0 420000
1695734658329 1.0 424000
1695734727995 1.0 428000
1695734796884 1.0 432000
1695734870226 1.0 436000
1695734945758 1.0 440000
1695735017071 1.0 444000
1695735086361 1.0 448000
1695735161685 1.0 452000
1695735231927 1.0 456000
1695735305869 1.0 460000
1695735382119 1.0 464000
1695735453124 1.0 468000
1695735524353 1.0 472000
1695735599129 1.0 476000
1695735678630 1.0 480000
1695735759752 1.0 484000
1695735842317 1.0 488000
1695735925743 1.0 492000
1695736013419 1.0 496000
1695736097265 1.0 500000
1695736173591 1.0 504000
1695736248843 1.0 508000
1695736320559 1.0 512000
1695736388142 1.0 516000
1695736454278 1.0 520000
1695736520609 1.0 524000
1695736587038 1.0 528000
1695736651670 1.0 532000
1695736716105 1.0 536000
1695736779456 1.0 540000
1695736842172 1.0 544000
1695736905368 1.0 548000
1695736968436 1.0 552000
1695737032133 1.0 556000
1695737094045 1.0 560000
1695737157954 1.0 564000
1695737219619 1.0 568000
1695737281934 1.0 572000
1695737344617 1.0 576000
1695737411947 1.0 580000
1695737478231 1.0 584000
1695737541900 1.0 588000
1695737604337 1.0 592000
1695737666419 1.0 596000
1695737728630 1.0 600000
1695737791555 1.0 604000
1695737853514 1.0 608000
1695737916202 1.0 612000
1695737978571 1.0 616000
1695738041215 1.0 620000
1695738103466 1.0 624000
1695738167304 1.0 628000
1695738229974 1.0 632000
1695738292532 1.0 636000
1695738355020 1.0 640000
1695738417881 1.0 644000
1695738479834 1.0 648000
1695738542423 1.0 652000
1695738605859 1.0 656000
1695738668132 1.0 660000
1695738731685 1.0 664000
1695738794153 1.0 668000
1695738858496 1.0 672000
1695738921235 1.0 676000
1695738984436 1.0 680000
1695739046697 1.0 684000
1695739110072 1.0 688000
1695739171944 1.0 692000
1695739235473 1.0 696000
1695739297721 1.0 700000
1695739360530 1.0 704000
1695739423214 1.0 708000
1695739488008 1.0 712000
1695739550661 1.0 716000
1695739613288 1.0 720000
1695739675990 1.0 724000
1695739737779 1.0 728000
1695739800463 1.0 732000
1695739862699 1.0 736000
1695739925843 1.0 740000
1695739987685 1.0 744000
1695740051588 1.0 748000
1695740114400 1.0 752000
1695740177621 1.0 756000
1695740240093 1.0 760000
1695740301958 1.0 764000
1695740363542 1.0 768000
1695740426032 1.0 772000
1695740488862 1.0 776000
1695740550701 1.0 780000
1695740613402 1.0 784000
1695740676026 1.0 788000
1695740739784 1.0 792000
1695740801690 1.0 796000
1695740864953 1.0 800000
1695740927157 1.0 804000
1695740989404 1.0 808000
1695741052736 1.0 812000
1695741116386 1.0 816000
1695741179120 1.0 820000
1695741242029 1.0 824000
1695741305134 1.0 828000
1695741368457 1.0 832000
1695741432695 1.0 836000
1695741500727 1.0 840000
1695741566769 1.0 844000
1695741631718 1.0 848000
1695741707353 1.0 852000
1695741770186 1.0 856000
1695741834261 1.0 860000
1695741896238 1.0 864000
1695741958411 1.0 868000
1695742020657 1.0 872000
1695742083803 1.0 876000
1695742146471 1.0 880000
1695742211588 1.0 884000
1695742275830 1.0 888000
1695742341571 1.0 892000
1695742413566 1.0 896000
1695742481901 1.0 900000
1695742548220 1.0 904000
1695742610688 1.0 908000
1695742672798 1.0 912000
1695742735084 1.0 916000
1695742798388 1.0 920000
1695742861488 1.0 924000
1695742924071 1.0 928000
1695742986312 1.0 932000
1695743049619 1.0 936000
1695743111898 1.0 940000
1695743175869 1.0 944000
1695743237832 1.0 948000
1695743299740 1.0 952000
1695743361934 1.0 956000
1695743425232 1.0 960000
1695743487711 1.0 964000
1695743552094 1.0 968000
1695743614247 1.0 972000
1695743677436 1.0 976000
1695743740481 1.0 980000
1695743804757 1.0 984000
1695743866933 1.0 988000
1695743930054 1.0 992000
1695743991684 1.0 996000
1695744055024 1.0 1000000
