1695731491965 0.0 244000
1695731555337 0.0 248000
1695731626973 0.0 252000
1695731693974 0.0 256000
1695731770418 0.0 260000
1695731847864 0.0 264000
1695731929298 0.0 268000
1695732007530 0.0 272000
1695732085606 0.0 276000
1695732161591 0.0 280000
1695732229824 0.0 284000
1695732296258 0.0 288000
1695732365367 0.0 292000
1695732431707 0.0 296000
1695732499279 0.0 300000
1695732565173 0.0 304000
1695732635442 0.0 308000
1695732703057 0.0 312000
1695732772377 0.0 316000
1695732841566 0.0 320000
1695732910225 0.0 324000
1695732988690 0.0 328000
1695733057758 0.0 332000
1695733127206 0.0 336000
1695733197187 0.0 340000
1695733266909 0.0 344000
1695733337731 0.0 348000
1695733406252 0.0 352000
1695733475089 0.0 356000
1695733547156 0.0 360000
1695733617722 0.0 364000
1695733686214 0.0 368000
1695733756194 0.0 372000
1695733824428 0.0 376000
1695733894935 0.0 380000
1695733964263 0.0 384000
1695734035272 0.0 388000
1695734104243 0.0 392000
1695734175672 0.0 396000
1695734244717 0.0 400000
1695734315742 0.0 404000
1695734384656 0.0 408000
1695734453432 0.0 412000
1695734520722 0.0 416000
1695734588429 0.0 420000
1695734658380 0.0 424000
1695734728046 0.0 428000
1695734796931 0.0 432000
1695734870295 0.0 436000
1695734945811 0.0 440000
1695735017128 0.0 444000
1695735086412 0.0 448000
1695735161736 0.0 452000
1695735231978 0.0 456000
1695735305925 0.0 460000
1695735382180 0.0 464000
1695735453177 0.0 468000
1695735524401 0.0 472000
1695735599183 0.0 476000
1695735678688 0.0 480000
1695735759810 0.0 484000
1695735842375 0.0 488000
1695735925808 0.0 492000
1695736013476 0.0 496000
1695736097327 0.0 500000
1695736173649 0.0 504000
1695736248915 0.0 508000
1695736320623 0.0 512000
1695736388189 0.0 516000
1695736454326 0.0 520000
1695736520656 0.0 524000
1695736587085 0.0 528000
1695736651722 0.0 532000
1695736716154 0.0 536000
1695736779501 0.0 540000
1695736842218 0.0 544000
1695736905419 0.0 548000
1695736968480 0.0 552000
1695737032181 0.0 556000
1695737094092 0.0 560000
1695737157999 0.0 564000
1695737219668 0.0 568000
1695737281983 0.0 572000
1695737344665 0.0 576000
1695737411998 0.0 580000
1695737478279 0.0 584000
1695737541947 0.0 588000
1695737604386 0.0 592000
1695737666471 0.0 596000
1695737728675 0.0 600000
1695737791602 0.0 604000
1695737853561 0.0 608000
1695737916247 0.0 612000
1695737978620 0.0 616000
1695738041260 0.0 620000
1695738103517 0.0 624000
1695738167349 0.0 628000
1695738230022 0.0 632000
1695738292578 0.0 636000
1695738355067 0.0 640000
1695738417927 0.0 644000
1695738479883 0.0 648000
1695738542469 0.0 652000
1695738605907 0.0 656000
1695738668179 0.0 660000
1695738731732 0.0 664000
1695738794200 0.0 668000
1695738858542 0.0 672000
1695738921285 0.0 676000
1695738984491 0.0 680000
1695739046742 0.0 684000
1695739110116 0.0 688000
1695739171991 0.0 692000
1695739235518 0.0 696000
1695739297766 0.0 700000
1695739360579 0.0 704000
1695739423264 0.0 708000
1695739488055 0.0 712000
1695739550707 0.0 716000
1695739613335 0.0 720000
1695739676036 0.0 724000
1695739737827 0.0 728000
1695739800511 0.0 732000
1695739862750 0.0 736000
1695739925890 0.0 740000
1695739987733 0.0 744000
1695740051635 0.0 748000
1695740114449 0.0 752000
1695740177667 0.0 756000
1695740240138 0.0 760000
1695740302003 0.0 764000
1695740363590 0.0 768000
1695740426077 0.0 772000
1695740488913 0.0 776000
1695740550747 0.0 780000
1695740613450 0.0 784000
1695740676073 0.0 788000
1695740739830 0.0 792000
1695740801735 0.0 796000
1695740864998 0.0 800000
1695740927210 0.0 804000
1695740989450 0.0 808000
1695741052786 0.0 812000
1695741116433 0.0 816000
1695741179167 0.0 820000
1695741242076 0.0 824000
1695741305181 0.0 828000
1695741368504 0.0 832000
1695741432744 0.0 836000
1695741500778 0.0 840000
1695741566818 0.0 844000
1695741631767 0.0 848000
1695741707408 0.0 852000
1695741770233 0.0 856000
1695741834309 0.0 860000
1695741896297 0.0 864000
1695741958457 0.0 868000
1695742020707 0.0 872000
1695742083852 0.0 876000
1695742146519 0.0 880000
1695742211637 0.0 884000
1695742275877 0.0 888000
1695742341620 0.0 892000
1695742413637 0.0 896000
1695742481952 0.0 900000
1695742548266 0.0 904000
1695742610732 0.0 908000
1695742672844 0.0 912000
1695742735132 0.0 916000
1695742798438 0.0 920000
1695742861535 0.0 924000
1695742924124 0.0 928000
1695742986357 0.0 932000
1695743049666 0.0 936000
1695743111946 0.0 940000
1695743175916 0.0 944000
1695743237878 0.0 948000
1695743299789 0.0 952000
1695743361982 0.0 956000
1695743425280 0.0 960000
1695743487757 0.0 964000
1695743552141 0.0 968000
1695743614294 0.0 972000
1695743677480 0.0 976000
1695743740528 0.0 980000
1695743804803 0.0 984000
1695743866982 0.0 988000
1695743930100 0.0 992000
1695743991732 0.0 996000
1695744055069 0.0 1000000
