1695731491920 1.0 244000
1695731555290 1.0 248000
1695731626933 1.0 252000
1695731693932 1.0 256000
1695731770371 1.0 260000
1695731847811 1.0 264000
1695731929249 1.0 268000
1695732007483 1.0 272000
1695732085545 1.0 276000
1695732161553 1.0 280000
1695732229783 1.0 284000
1695732296213 1.0 288000
1695732365324 1.0 292000
1695732431669 1.0 296000
1695732499240 1.0 300000
1695732565126 1.0 304000
1695732635396 1.0 308000
1695732703012 1.0 312000
1695732772335 1.0 316000
1695732841526 1.0 320000
1695732910186 1.0 324000
1695732988650 1.0 328000
1695733057714 1.0 332000
1695733127166 1.0 336000
1695733197146 1.0 340000
1695733266864 1.0 344000
1695733337677 1.0 348000
1695733406213 1.0 352000
1695733475047 1.0 356000
1695733547111 1.0 360000
1695733617679 1.0 364000
1695733686170 1.0 368000
1695733756153 1.0 372000
1695733824389 1.0 376000
1695733894893 1.0 380000
1695733964225 1.0 384000
1695734035227 1.0 388000
1695734104203 1.0 392000
1695734175632 1.0 396000
1695734244676 1.0 400000
1695734315700 1.0 404000
1695734384613 1.0 408000
1695734453393 1.0 412000
1695734520679 1.0 416000
1695734588386 1.0 420000
1695734658338 1.0 424000
1695734728004 1.0 428000
1695734796892 1.0 432000
1695734870237 1.0 436000
1695734945768 1.0 440000
1695735017082 1.0 444000
1695735086371 1.0 448000
1695735161694 1.0 452000
1695735231937 1.0 456000
1695735305880 1.0 460000
1695735382131 1.0 464000
1695735453134 1.0 468000
1695735524362 1.0 472000
1695735599139 1.0 476000
1695735678643 1.0 480000
1695735759763 1.0 484000
1695735842328 1.0 488000
1695735925754 1.0 492000
1695736013429 1.0 496000
1695736097276 1.0 500000
1695736173603 1.0 504000
1695736248860 1.0 508000
1695736320570 1.0 512000
1695736388151 1.0 516000
1695736454286 1.0 520000
1695736520618 1.0 524000
1695736587047 1.0 528000
1695736651680 1.0 532000
1695736716115 1.0 536000
1695736779464 1.0 540000
1695736842180 1.0 544000
1695736905378 1.0 548000
1695736968444 1.0 552000
1695737032142 1.0 556000
1695737094054 1.0 560000
1695737157962 1.0 564000
1695737219628 1.0 568000
1695737281943 1.0 572000
1695737344626 1.0 576000
1695737411957 1.0 580000
1695737478240 1.0 584000
1695737541909 1.0 588000
1695737604346 1.0 592000
1695737666429 1.0 596000
1695737728638 1.0 600000
1695737791563 1.0 604000
1695737853522 1.0 608000
1695737916211 1.0 612000
1695737978580 1.0 616000
1695738041224 1.0 620000
1695738103475 1.0 624000
1695738167312 1.0 628000
1695738229983 1.0 632000
1695738292540 1.0 636000
1695738355029 1.0 640000
1695738417891 1.0 644000
1695738479843 1.0 648000
1695738542433 1.0 652000
1695738605869 1.0 656000
1695738668140 1.0 660000
1695738731694 1.0 664000
1695738794162 1.0 668000
1695738858505 1.0 672000
1695738921245 1.0 676000
1695738984447 1.0 680000
1695739046705 1.0 684000
1695739110080 1.0 688000
1695739171953 1.0 692000
1695739235481 1.0 696000
1695739297729 1.0 700000
1695739360538 1.0 704000
1695739423223 1.0 708000
1695739488016 1.0 712000
1695739550669 1.0 716000
1695739613296 1.0 720000
1695739675999 1.0 724000
1695739737788 1.0 728000
1695739800471 1.0 732000
1695739862708 1.0 736000
1695739925852 1.0 740000
1695739987694 1.0 744000
1695740051597 1.0 748000
1695740114408 1.0 752000
1695740177630 1.0 756000
1695740240102 1.0 760000
1695740301967 1.0 764000
1695740363551 1.0 768000
1695740426040 1.0 772000
1695740488871 1.0 776000
1695740550710 1.0 780000
1695740613411 1.0 784000
1695740676035 1.0 788000
1695740739793 1.0 792000
1695740801698 1.0 796000
1695740864962 1.0 800000
1695740927167 1.0 804000
1695740989413 1.0 808000
1695741052745 1.0 812000
1695741116395 1.0 816000
1695741179129 1.0 820000
1695741242037 1.0 824000
1695741305144 1.0 828000
1695741368466 1.0 832000
1695741432704 1.0 836000
1695741500737 1.0 840000
1695741566778 1.0 844000
1695741631727 1.0 848000
1695741707369 1.0 852000
1695741770195 1.0 856000
1695741834271 1.0 860000
1695741896249 1.0 864000
1695741958419 1.0 868000
1695742020666 1.0 872000
1695742083813 1.0 876000
1695742146480 1.0 880000
1695742211598 1.0 884000
1695742275839 1.0 888000
1695742341580 1.0 892000
1695742413579 1.0 896000
1695742481912 1.0 900000
1695742548229 1.0 904000
1695742610697 1.0 908000
1695742672807 1.0 912000
1695742735092 1.0 916000
1695742798398 1.0 920000
1695742861497 1.0 924000
1695742924081 1.0 928000
1695742986321 1.0 932000
1695743049628 1.0 936000
1695743111906 1.0 940000
1695743175878 1.0 944000
1695743237841 1.0 948000
1695743299750 1.0 952000
1695743361943 1.0 956000
1695743425240 1.0 960000
1695743487719 1.0 964000
1695743552102 1.0 968000
1695743614256 1.0 972000
1695743677445 1.0 976000
1695743740490 1.0 980000
1695743804766 1.0 984000
1695743866942 1.0 988000
1695743930063 1.0 992000
1695743991693 1.0 996000
1695744055033 1.0 1000000
