1695731491940 0.0 244000
1695731555310 0.0 248000
1695731626949 0.0 252000
1695731693950 0.0 256000
1695731770391 0.0 260000
1695731847836 0.0 264000
1695731929269 0.0 268000
1695732007502 0.0 272000
1695732085565 0.0 276000
1695732161569 0.0 280000
1695732229799 0.0 284000
1695732296231 0.0 288000
1695732365341 0.0 292000
1695732431685 0.0 296000
1695732499256 0.0 300000
1695732565145 0.0 304000
1695732635415 0.0 308000
1695732703031 0.0 312000
1695732772353 0.0 316000
1695732841542 0.0 320000
1695732910203 0.0 324000
1695732988666 0.0 328000
1695733057732 0.0 332000
1695733127183 0.0 336000
1695733197163 0.0 340000
1695733266883 0.0 344000
1695733337697 0.0 348000
1695733406229 0.0 352000
1695733475064 0.0 356000
1695733547130 0.0 360000
1695733617697 0.0 364000
1695733686188 0.0 368000
1695733756169 0.0 372000
1695733824405 0.0 376000
1695733894910 0.0 380000
1695733964242 0.0 384000
1695734035246 0.0 388000
1695734104220 0.0 392000
1695734175649 0.0 396000
1695734244693 0.0 400000
1695734315717 0.0 404000
1695734384631 0.0 408000
1695734453409 0.0 412000
1695734520697 0.0 416000
1695734588404 0.0 420000
1695734658356 0.0 424000
1695734728021 0.0 428000
1695734796908 0.0 432000
1695734870260 0.0 436000
1695734945786 0.0 440000
1695735017101 0.0 444000
1695735086387 0.0 448000
1695735161711 0.0 452000
1695735231954 0.0 456000
1695735305899 0.0 460000
1695735382152 0.0 464000
1695735453151 0.0 468000
1695735524378 0.0 472000
1695735599157 0.0 476000
1695735678662 0.0 480000
1695735759782 0.0 484000
1695735842347 0.0 488000
1695735925775 0.0 492000
1695736013448 0.0 496000
1695736097295 0.0 500000
1695736173621 0.0 504000
1695736248883 0.0 508000
1695736320589 0.0 512000
1695736388166 0.0 516000
1695736454303 0.0 520000
1695736520635 0.0 524000
1695736587063 0.0 528000
1695736651697 0.0 532000
1695736716131 0.0 536000
1695736779479 0.0 540000
1695736842196 0.0 544000
1695736905395 0.0 548000
1695736968459 0.0 552000
1695737032158 0.0 556000
1695737094069 0.0 560000
1695737157977 0.0 564000
1695737219644 0.0 568000
1695737281959 0.0 572000
1695737344643 0.0 576000
1695737411974 0.0 580000
1695737478256 0.0 584000
1695737541924 0.0 588000
1695737604362 0.0 592000
1695737666447 0.0 596000
1695737728653 0.0 600000
1695737791579 0.0 604000
1695737853538 0.0 608000
1695737916226 0.0 612000
1695737978596 0.0 616000
1695738041239 0.0 620000
1695738103492 0.0 624000
1695738167328 0.0 628000
1695738229999 0.0 632000
1695738292555 0.0 636000
1695738355045 0.0 640000
1695738417905 0.0 644000
1695738479858 0.0 648000
1695738542448 0.0 652000
1695738605885 0.0 656000
1695738668157 0.0 660000
1695738731709 0.0 664000
1695738794178 0.0 668000
1695738858521 0.0 672000
1695738921262 0.0 676000
1695738984466 0.0 680000
1695739046721 0.0 684000
1695739110095 0.0 688000
1695739171968 0.0 692000
1695739235497 0.0 696000
1695739297744 0.0 700000
1695739360555 0.0 704000
1695739423240 0.0 708000
1695739488032 0.0 712000
1695739550685 0.0 716000
1695739613311 0.0 720000
1695739676015 0.0 724000
1695739737804 0.0 728000
1695739800487 0.0 732000
1695739862726 0.0 736000
1695739925867 0.0 740000
1695739987710 0.0 744000
1695740051612 0.0 748000
1695740114425 0.0 752000
1695740177645 0.0 756000
1695740240116 0.0 760000
1695740301982 0.0 764000
1695740363566 0.0 768000
1695740426056 0.0 772000
1695740488888 0.0 776000
1695740550725 0.0 780000
1695740613426 0.0 784000
1695740676050 0.0 788000
1695740739809 0.0 792000
1695740801713 0.0 796000
1695740864976 0.0 800000
1695740927183 0.0 804000
1695740989428 0.0 808000
1695741052762 0.0 812000
1695741116411 0.0 816000
1695741179146 0.0 820000
1695741242053 0.0 824000
1695741305160 0.0 828000
1695741368481 0.0 832000
1695741432719 0.0 836000
1695741500754 0.0 840000
1695741566794 0.0 844000
1695741631743 0.0 848000
1695741707384 0.0 852000
1695741770212 0.0 856000
1695741834287 0.0 860000
1695741896269 0.0 864000
1695741958434 0.0 868000
1695742020683 0.0 872000
1695742083830 0.0 876000
1695742146497 0.0 880000
1695742211614 0.0 884000
1695742275855 0.0 888000
1695742341597 0.0 892000
1695742413606 0.0 896000
1695742481928 0.0 900000
1695742548245 0.0 904000
1695742610712 0.0 908000
1695742672822 0.0 912000
1695742735108 0.0 916000
1695742798414 0.0 920000
1695742861513 0.0 924000
1695742924099 0.0 928000
1695742986335 0.0 932000
1695743049645 0.0 936000
1695743111922 0.0 940000
1695743175894 0.0 944000
1695743237857 0.0 948000
1695743299766 0.0 952000
1695743361960 0.0 956000
1695743425256 0.0 960000
1695743487735 0.0 964000
1695743552118 0.0 968000
1695743614272 0.0 972000
1695743677460 0.0 976000
1695743740505 0.0 980000
1695743804781 0.0 984000
1695743866959 0.0 988000
1695743930078 0.0 992000
1695743991709 0.0 996000
1695744055048 0.0 1000000
