1695731491943 0.0 244000
1695731555313 0.0 248000
1695731626952 0.0 252000
1695731693952 0.0 256000
1695731770394 0.0 260000
1695731847838 0.0 264000
1695731929272 0.0 268000
1695732007505 0.0 272000
1695732085568 0.0 276000
1695732161571 0.0 280000
1695732229802 0.0 284000
1695732296234 0.0 288000
1695732365344 0.0 292000
1695732431688 0.0 296000
1695732499258 0.0 300000
1695732565149 0.0 304000
1695732635418 0.0 308000
1695732703033 0.0 312000
1695732772355 0.0 316000
1695732841545 0.0 320000
1695732910205 0.0 324000
1695732988669 0.0 328000
1695733057735 0.0 332000
1695733127185 0.0 336000
1695733197165 0.0 340000
1695733266886 0.0 344000
1695733337700 0.0 348000
1695733406231 0.0 352000
1695733475067 0.0 356000
1695733547133 0.0 360000
1695733617699 0.0 364000
1695733686191 0.0 368000
1695733756172 0.0 372000
1695733824407 0.0 376000
1695733894913 0.0 380000
1695733964244 0.0 384000
1695734035249 0.0 388000
1695734104222 0.0 392000
1695734175651 0.0 396000
1695734244696 0.0 400000
1695734315719 0.0 404000
1695734384634 0.0 408000
1695734453411 0.0 412000
1695734520700 0.0 416000
1695734588406 0.0 420000
1695734658358 0.0 424000
1695734728024 0.0 428000
1695734796911 0.0 432000
1695734870264 0.0 436000
1695734945789 0.0 440000
1695735017103 0.0 444000
1695735086390 0.0 448000
1695735161713 0.0 452000
1695735231956 0.0 456000
1695735305902 0.0 460000
1695735382155 0.0 464000
1695735453154 0.0 468000
1695735524380 0.0 472000
1695735599160 0.0 476000
1695735678664 0.0 480000
1695735759785 0.0 484000
1695735842350 0.0 488000
1695735925779 0.0 492000
1695736013451 0.0 496000
1695736097298 0.0 500000
1695736173623 0.0 504000
1695736248886 0.0 508000
1695736320592 0.0 512000
1695736388168 0.0 516000
1695736454305 0.0 520000
1695736520637 0.0 524000
1695736587065 0.0 528000
1695736651699 0.0 532000
1695736716134 0.0 536000
1695736779481 0.0 540000
1695736842198 0.0 544000
1695736905397 0.0 548000
1695736968461 0.0 552000
1695737032160 0.0 556000
1695737094071 0.0 560000
1695737157979 0.0 564000
1695737219647 0.0 568000
1695737281961 0.0 572000
1695737344645 0.0 576000
1695737411976 0.0 580000
1695737478258 0.0 584000
1695737541926 0.0 588000
1695737604365 0.0 592000
1695737666449 0.0 596000
1695737728655 0.0 600000
1695737791581 0.0 604000
1695737853541 0.0 608000
1695737916228 0.0 612000
1695737978599 0.0 616000
1695738041241 0.0 620000
1695738103494 0.0 624000
1695738167330 0.0 628000
1695738230001 0.0 632000
1695738292557 0.0 636000
1695738355047 0.0 640000
1695738417908 0.0 644000
1695738479861 0.0 648000
1695738542450 0.0 652000
1695738605887 0.0 656000
1695738668159 0.0 660000
1695738731711 0.0 664000
1695738794180 0.0 668000
1695738858523 0.0 672000
1695738921264 0.0 676000
1695738984469 0.0 680000
1695739046723 0.0 684000
1695739110097 0.0 688000
1695739171970 0.0 692000
1695739235499 0.0 696000
1695739297746 0.0 700000
1695739360557 0.0 704000
1695739423242 0.0 708000
1695739488034 0.0 712000
1695739550687 0.0 716000
1695739613313 0.0 720000
1695739676017 0.0 724000
1695739737807 0.0 728000
1695739800490 0.0 732000
1695739862728 0.0 736000
1695739925869 0.0 740000
1695739987712 0.0 744000
1695740051614 0.0 748000
1695740114428 0.0 752000
1695740177647 0.0 756000
1695740240118 0.0 760000
1695740301984 0.0 764000
1695740363569 0.0 768000
1695740426058 0.0 772000
1695740488891 0.0 776000
1695740550727 0.0 780000
1695740613429 0.0 784000
1695740676052 0.0 788000
1695740739811 0.0 792000
1695740801715 0.0 796000
1695740864979 0.0 800000
1695740927186 0.0 804000
1695740989430 0.0 808000
1695741052764 0.0 812000
1695741116414 0.0 816000
1695741179148 0.0 820000
1695741242055 0.0 824000
1695741305162 0.0 828000
1695741368484 0.0 832000
1695741432722 0.0 836000
1695741500756 0.0 840000
1695741566797 0.0 844000
1695741631745 0.0 848000
1695741707387 0.0 852000
1695741770214 0.0 856000
1695741834289 0.0 860000
1695741896272 0.0 864000
1695741958436 0.0 868000
1695742020685 0.0 872000
1695742083832 0.0 876000
1695742146499 0.0 880000
1695742211617 0.0 884000
1695742275857 0.0 888000
1695742341599 0.0 892000
1695742413610 0.0 896000
1695742481931 0.0 900000
1695742548247 0.0 904000
1695742610714 0.0 908000
1695742672824 0.0 912000
1695742735111 0.0 916000
1695742798416 0.0 920000
1695742861515 0.0 924000
1695742924102 0.0 928000
1695742986338 0.0 932000
1695743049647 0.0 936000
1695743111924 0.0 940000
1695743175896 0.0 944000
1695743237859 0.0 948000
1695743299768 0.0 952000
1695743361962 0.0 956000
1695743425259 0.0 960000
1695743487737 0.0 964000
1695743552120 0.0 968000
1695743614274 0.0 972000
1695743677462 0.0 976000
1695743740507 0.0 980000
1695743804783 0.0 984000
1695743866961 0.0 988000
1695743930080 0.0 992000
1695743991711 0.0 996000
1695744055050 0.0 1000000
