1695731491915 0.99 244000
1695731555286 0.99 248000
1695731626929 0.99 252000
1695731693927 0.99 256000
1695731770367 0.99 260000
1695731847805 0.99 264000
1695731929245 0.99 268000
1695732007478 0.99 272000
1695732085541 0.99 276000
1695732161549 0.99 280000
1695732229779 0.99 284000
1695732296208 0.99 288000
1695732365320 0.99 292000
1695732431665 0.99 296000
1695732499236 0.99 300000
1695732565122 0.99 304000
1695732635391 0.99 308000
1695732703008 0.99 312000
1695732772331 0.99 316000
1695732841522 0.99 320000
1695732910183 0.99 324000
1695732988646 0.99 328000
1695733057709 0.99 332000
1695733127162 0.99 336000
1695733197142 0.99 340000
1695733266860 0.99 344000
1695733337672 0.99 348000
1695733406209 0.99 352000
1695733475043 0.99 356000
1695733547107 0.99 360000
1695733617675 0.99 364000
1695733686166 0.99 368000
1695733756149 0.99 372000
1695733824385 0.99 376000
1695733894889 0.99 380000
1695733964221 0.99 384000
1695734035223 0.99 388000
1695734104199 0.99 392000
1695734175628 0.99 396000
1695734244672 0.99 400000
1695734315696 0.99 404000
1695734384608 0.99 408000
1695734453389 0.99 412000
1695734520675 0.99 416000
1695734588382 0.99 420000
1695734658334 0.99 424000
1695734728000 0.99 428000
1695734796889 0.99 432000
1695734870233 0.99 436000
1695734945764 0.99 440000
1695735017077 0.99 444000
1695735086367 0.99 448000
1695735161690 0.99 452000
1695735231933 0.99 456000
1695735305875 0.99 460000
1695735382126 0.99 464000
1695735453130 0.99 468000
1695735524358 0.99 472000
1695735599135 0.99 476000
1695735678638 0.99 480000
1695735759758 0.99 484000
1695735842324 0.99 488000
1695735925749 0.99 492000
1695736013425 0.99 496000
1695736097271 0.99 500000
1695736173598 0.99 504000
1695736248852 0.99 508000
1695736320566 0.99 512000
1695736388147 0.99 516000
1695736454283 0.99 520000
1695736520614 0.99 524000
1695736587044 0.99 528000
1695736651676 0.99 532000
1695736716111 0.99 536000
1695736779461 0.99 540000
1695736842177 0.99 544000
1695736905374 0.99 548000
1695736968440 0.99 552000
1695737032138 0.99 556000
1695737094051 0.99 560000
1695737157959 0.99 564000
1695737219625 0.99 568000
1695737281939 0.99 572000
1695737344622 0.99 576000
1695737411952 0.99 580000
1695737478237 0.99 584000
1695737541905 0.99 588000
1695737604342 0.99 592000
1695737666425 0.99 596000
1695737728635 0.99 600000
1695737791560 0.99 604000
1695737853519 0.99 608000
1695737916207 0.99 612000
1695737978576 0.99 616000
1695738041220 0.99 620000
1695738103471 0.99 624000
1695738167309 0.99 628000
1695738229979 0.99 632000
1695738292537 0.99 636000
1695738355026 0.99 640000
1695738417887 0.99 644000
1695738479839 0.99 648000
1695738542429 0.99 652000
1695738605865 0.99 656000
1695738668137 0.99 660000
1695738731690 0.99 664000
1695738794158 0.99 668000
1695738858501 0.99 672000
1695738921241 0.99 676000
1695738984441 0.99 680000
1695739046702 0.99 684000
1695739110076 0.99 688000
1695739171950 0.99 692000
1695739235477 0.99 696000
1695739297726 0.99 700000
1695739360535 0.99 704000
1695739423219 0.99 708000
1695739488013 0.99 712000
1695739550666 0.99 716000
1695739613293 0.99 720000
1695739675996 0.99 724000
1695739737785 0.99 728000
1695739800468 0.99 732000
1695739862704 0.99 736000
1695739925848 0.99 740000
1695739987691 0.99 744000
1695740051593 0.99 748000
1695740114405 0.99 752000
1695740177626 0.99 756000
1695740240098 0.99 760000
1695740301963 0.99 764000
1695740363547 0.99 768000
1695740426037 0.99 772000
1695740488867 0.99 776000
1695740550706 0.99 780000
1695740613408 0.99 784000
1695740676032 0.99 788000
1695740739790 0.99 792000
1695740801695 0.99 796000
1695740864958 0.99 800000
1695740927163 0.99 804000
1695740989409 0.99 808000
1695741052741 0.99 812000
1695741116391 0.99 816000
1695741179125 0.99 820000
1695741242034 0.99 824000
1695741305140 0.99 828000
1695741368463 0.99 832000
1695741432700 0.99 836000
1695741500733 0.99 840000
1695741566774 0.99 844000
1695741631724 0.99 848000
1695741707363 0.99 852000
1695741770192 0.99 856000
1695741834267 0.99 860000
1695741896243 0.99 864000
1695741958416 0.99 868000
1695742020662 0.99 872000
1695742083809 0.99 876000
1695742146476 0.99 880000
1695742211594 0.99 884000
1695742275835 0.99 888000
1695742341576 0.99 892000
1695742413574 0.99 896000
1695742481908 0.99 900000
1695742548225 0.99 904000
1695742610693 0.99 908000
1695742672803 0.99 912000
1695742735089 0.99 916000
1695742798394 0.99 920000
1695742861493 0.99 924000
1695742924077 0.99 928000
1695742986317 0.99 932000
1695743049624 0.99 936000
1695743111903 0.99 940000
1695743175874 0.99 944000
1695743237837 0.99 948000
1695743299746 0.99 952000
1695743361939 0.99 956000
1695743425237 0.99 960000
1695743487716 0.99 964000
1695743552099 0.99 968000
1695743614253 0.99 972000
1695743677442 0.99 976000
1695743740486 0.99 980000
1695743804762 0.99 984000
1695743866938 0.99 988000
1695743930059 0.99 992000
1695743991689 0.99 996000
1695744055029 0.99 1000000
