1695731491957 -1.0 244000
1695731555329 -1.0 248000
1695731626965 -1.0 252000
1695731693966 -1.0 256000
1695731770410 -1.0 260000
1695731847854 -1.0 264000
1695731929288 -1.0 268000
1695732007520 -1.0 272000
1695732085583 -1.0 276000
1695732161584 -1.0 280000
1695732229815 -1.0 284000
1695732296248 -1.0 288000
1695732365358 -1.0 292000
1695732431700 -1.0 296000
1695732499272 -1.0 300000
1695732565165 -1.0 304000
1695732635433 -1.0 308000
1695732703048 -1.0 312000
1695732772369 -1.0 316000
1695732841558 -1.0 320000
1695732910218 -1.0 324000
1695732988682 -1.0 328000
1695733057750 -1.0 332000
1695733127199 -1.0 336000
1695733197179 -1.0 340000
1695733266900 -1.0 344000
1695733337721 -1.0 348000
1695733406245 -1.0 352000
1695733475082 -1.0 356000
1695733547147 -1.0 360000
1695733617714 -1.0 364000
1695733686206 -1.0 368000
1695733756186 -1.0 372000
1695733824420 -1.0 376000
1695733894926 -1.0 380000
1695733964256 -1.0 384000
1695734035264 -1.0 388000
1695734104235 -1.0 392000
1695734175664 -1.0 396000
1695734244709 -1.0 400000
1695734315734 -1.0 404000
1695734384648 -1.0 408000
1695734453425 -1.0 412000
1695734520714 -1.0 416000
1695734588421 -1.0 420000
1695734658372 -1.0 424000
1695734728038 -1.0 428000
1695734796924 -1.0 432000
1695734870285 -1.0 436000
1695734945803 -1.0 440000
1695735017119 -1.0 444000
1695735086403 -1.0 448000
1695735161727 -1.0 452000
1695735231970 -1.0 456000
1695735305917 -1.0 460000
1695735382171 -1.0 464000
1695735453168 -1.0 468000
1695735524393 -1.0 472000
1695735599174 -1.0 476000
1695735678679 -1.0 480000
1695735759800 -1.0 484000
1695735842366 -1.0 488000
1695735925797 -1.0 492000
1695736013467 -1.0 496000
1695736097317 -1.0 500000
1695736173639 -1.0 504000
1695736248905 -1.0 508000
1695736320610 -1.0 512000
1695736388181 -1.0 516000
1695736454318 -1.0 520000
1695736520649 -1.0 524000
1695736587078 -1.0 528000
1695736651714 -1.0 532000
1695736716147 -1.0 536000
1695736779493 -1.0 540000
1695736842211 -1.0 544000
1695736905411 -1.0 548000
1695736968473 -1.0 552000
1695737032173 -1.0 556000
1695737094084 -1.0 560000
1695737157992 -1.0 564000
1695737219660 -1.0 568000
1695737281975 -1.0 572000
1695737344658 -1.0 576000
1695737411990 -1.0 580000
1695737478271 -1.0 584000
1695737541939 -1.0 588000
1695737604378 -1.0 592000
1695737666463 -1.0 596000
1695737728667 -1.0 600000
1695737791594 -1.0 604000
1695737853554 -1.0 608000
1695737916240 -1.0 612000
1695737978613 -1.0 616000
1695738041253 -1.0 620000
1695738103509 -1.0 624000
1695738167342 -1.0 628000
1695738230014 -1.0 632000
1695738292570 -1.0 636000
1695738355059 -1.0 640000
1695738417920 -1.0 644000
1695738479875 -1.0 648000
1695738542462 -1.0 652000
1695738605900 -1.0 656000
1695738668172 -1.0 660000
1695738731724 -1.0 664000
1695738794193 -1.0 668000
1695738858535 -1.0 672000
1695738921278 -1.0 676000
1695738984482 -1.0 680000
1695739046735 -1.0 684000
1695739110109 -1.0 688000
1695739171983 -1.0 692000
1695739235511 -1.0 696000
1695739297759 -1.0 700000
1695739360571 -1.0 704000
1695739423256 -1.0 708000
1695739488048 -1.0 712000
1695739550700 -1.0 716000
1695739613327 -1.0 720000
1695739676029 -1.0 724000
1695739737820 -1.0 728000
1695739800503 -1.0 732000
1695739862742 -1.0 736000
1695739925882 -1.0 740000
1695739987725 -1.0 744000
1695740051628 -1.0 748000
1695740114442 -1.0 752000
1695740177660 -1.0 756000
1695740240131 -1.0 760000
1695740301997 -1.0 764000
1695740363582 -1.0 768000
1695740426069 -1.0 772000
1695740488905 -1.0 776000
1695740550739 -1.0 780000
1695740613442 -1.0 784000
1695740676065 -1.0 788000
1695740739822 -1.0 792000
1695740801728 -1.0 796000
1695740864991 -1.0 800000
1695740927201 -1.0 804000
1695740989443 -1.0 808000
1695741052778 -1.0 812000
1695741116426 -1.0 816000
1695741179160 -1.0 820000
1695741242068 -1.0 824000
1695741305174 -1.0 828000
1695741368497 -1.0 832000
1695741432735 -1.0 836000
1695741500770 -1.0 840000
1695741566810 -1.0 844000
1695741631760 -1.0 848000
1695741707400 -1.0 852000
1695741770226 -1.0 856000
1695741834302 -1.0 860000
1695741896287 -1.0 864000
1695741958449 -1.0 868000
1695742020699 -1.0 872000
1695742083845 -1.0 876000
1695742146512 -1.0 880000
1695742211629 -1.0 884000
1695742275869 -1.0 888000
1695742341612 -1.0 892000
1695742413627 -1.0 896000
1695742481944 -1.0 900000
1695742548259 -1.0 904000
1695742610726 -1.0 908000
1695742672837 -1.0 912000
1695742735124 -1.0 916000
1695742798430 -1.0 920000
1695742861527 -1.0 924000
1695742924116 -1.0 928000
1695742986350 -1.0 932000
1695743049659 -1.0 936000
1695743111938 -1.0 940000
1695743175908 -1.0 944000
1695743237871 -1.0 948000
1695743299781 -1.0 952000
1695743361975 -1.0 956000
1695743425272 -1.0 960000
1695743487750 -1.0 964000
1695743552134 -1.0 968000
1695743614286 -1.0 972000
1695743677473 -1.0 976000
1695743740520 -1.0 980000
1695743804796 -1.0 984000
1695743866975 -1.0 988000
1695743930092 -1.0 992000
1695743991724 -1.0 996000
1695744055062 -1.0 1000000
