1695731491945 0.0 244000
1695731555314 0.0 248000
1695731626953 0.0 252000
1695731693954 0.0 256000
1695731770396 0.0 260000
1695731847840 0.0 264000
1695731929274 0.0 268000
1695732007507 0.0 272000
1695732085570 0.0 276000
1695732161572 0.0 280000
1695732229803 0.0 284000
1695732296235 0.0 288000
1695732365346 0.0 292000
1695732431689 0.0 296000
1695732499260 0.0 300000
1695732565152 0.0 304000
1695732635420 0.0 308000
1695732703035 0.0 312000
1695732772357 0.0 316000
1695732841546 0.0 320000
1695732910207 0.0 324000
1695732988670 0.0 328000
1695733057737 0.0 332000
1695733127187 0.0 336000
1695733197167 0.0 340000
1695733266888 0.0 344000
1695733337702 0.0 348000
1695733406233 0.0 352000
1695733475068 0.0 356000
1695733547135 0.0 360000
1695733617701 0.0 364000
1695733686193 0.0 368000
1695733756173 0.0 372000
1695733824409 0.0 376000
1695733894914 0.0 380000
1695733964245 0.0 384000
1695734035251 0.0 388000
1695734104224 0.0 392000
1695734175653 0.0 396000
1695734244697 0.0 400000
1695734315721 0.0 404000
1695734384635 0.0 408000
1695734453413 0.0 412000
1695734520701 0.0 416000
1695734588408 0.0 420000
1695734658360 0.0 424000
1695734728025 0.0 428000
1695734796912 0.0 432000
1695734870267 0.0 436000
1695734945790 0.0 440000
1695735017105 0.0 444000
1695735086392 0.0 448000
1695735161715 0.0 452000
1695735231958 0.0 456000
1695735305903 0.0 460000
1695735382156 0.0 464000
1695735453156 0.0 468000
1695735524382 0.0 472000
1695735599161 0.0 476000
1695735678666 0.0 480000
1695735759786 0.0 484000
1695735842352 0.0 488000
1695735925782 0.0 492000
1695736013453 0.0 496000
1695736097299 0.0 500000
1695736173625 0.0 504000
1695736248888 0.0 508000
1695736320594 0.0 512000
1695736388170 0.0 516000
1695736454306 0.0 520000
1695736520639 0.0 524000
1695736587067 0.0 528000
1695736651701 0.0 532000
1695736716135 0.0 536000
1695736779482 0.0 540000
1695736842200 0.0 544000
1695736905399 0.0 548000
1695736968462 0.0 552000
1695737032161 0.0 556000
1695737094073 0.0 560000
1695737157981 0.0 564000
1695737219648 0.0 568000
1695737281963 0.0 572000
1695737344647 0.0 576000
1695737411978 0.0 580000
1695737478260 0.0 584000
1695737541928 0.0 588000
1695737604366 0.0 592000
1695737666451 0.0 596000
1695737728656 0.0 600000
1695737791583 0.0 604000
1695737853542 0.0 608000
1695737916230 0.0 612000
1695737978601 0.0 616000
1695738041242 0.0 620000
1695738103496 0.0 624000
1695738167332 0.0 628000
1695738230002 0.0 632000
1695738292559 0.0 636000
1695738355048 0.0 640000
1695738417909 0.0 644000
1695738479863 0.0 648000
1695738542451 0.0 652000
1695738605889 0.0 656000
1695738668160 0.0 660000
1695738731712 0.0 664000
1695738794182 0.0 668000
1695738858525 0.0 672000
1695738921266 0.0 676000
1695738984470 0.0 680000
1695739046724 0.0 684000
1695739110098 0.0 688000
1695739171972 0.0 692000
1695739235500 0.0 696000
1695739297748 0.0 700000
1695739360559 0.0 704000
1695739423244 0.0 708000
1695739488035 0.0 712000
1695739550689 0.0 716000
1695739613315 0.0 720000
1695739676019 0.0 724000
1695739737808 0.0 728000
1695739800491 0.0 732000
1695739862730 0.0 736000
1695739925871 0.0 740000
1695739987713 0.0 744000
1695740051616 0.0 748000
1695740114429 0.0 752000
1695740177649 0.0 756000
1695740240120 0.0 760000
1695740301986 0.0 764000
1695740363570 0.0 768000
1695740426059 0.0 772000
1695740488892 0.0 776000
1695740550728 0.0 780000
1695740613430 0.0 784000
1695740676054 0.0 788000
1695740739812 0.0 792000
1695740801717 0.0 796000
1695740864980 0.0 800000
1695740927188 0.0 804000
1695740989432 0.0 808000
1695741052766 0.0 812000
1695741116415 0.0 816000
1695741179150 0.0 820000
1695741242056 0.0 824000
1695741305163 0.0 828000
1695741368485 0.0 832000
1695741432723 0.0 836000
1695741500758 0.0 840000
1695741566798 0.0 844000
1695741631747 0.0 848000
1695741707388 0.0 852000
1695741770216 0.0 856000
1695741834291 0.0 860000
1695741896273 0.0 864000
1695741958438 0.0 868000
1695742020687 0.0 872000
1695742083834 0.0 876000
1695742146501 0.0 880000
1695742211619 0.0 884000
1695742275859 0.0 888000
1695742341600 0.0 892000
1695742413612 0.0 896000
1695742481932 0.0 900000
1695742548248 0.0 904000
1695742610715 0.0 908000
1695742672826 0.0 912000
1695742735112 0.0 916000
1695742798418 0.0 920000
1695742861516 0.0 924000
1695742924103 0.0 928000
1695742986339 0.0 932000
1695743049649 0.0 936000
1695743111926 0.0 940000
1695743175897 0.0 944000
1695743237861 0.0 948000
1695743299769 0.0 952000
1695743361964 0.0 956000
1695743425260 0.0 960000
1695743487738 0.0 964000
1695743552122 0.0 968000
1695743614275 0.0 972000
1695743677463 0.0 976000
1695743740509 0.0 980000
1695743804785 0.0 984000
1695743866963 0.0 988000
1695743930081 0.0 992000
1695743991713 0.0 996000
1695744055051 0.0 1000000
