1695731491905 0.0 244000
1695731555276 0.0 248000
1695731626921 0.0 252000
1695731693919 0.0 256000
1695731770357 0.0 260000
1695731847795 0.0 264000
1695731929233 0.0 268000
1695732007468 0.0 272000
1695732085530 0.0 276000
1695732161541 0.0 280000
1695732229770 0.0 284000
1695732296199 0.0 288000
1695732365311 0.0 292000
1695732431656 0.0 296000
1695732499227 0.0 300000
1695732565113 0.0 304000
1695732635381 0.0 308000
1695732702999 0.0 312000
1695732772322 0.0 316000
1695732841513 0.0 320000
1695732910174 0.0 324000
1695732988638 0.0 328000
1695733057700 0.0 332000
1695733127153 0.0 336000
1695733197133 0.0 340000
1695733266850 0.0 344000
1695733337661 0.0 348000
1695733406199 0.0 352000
1695733475034 0.0 356000
1695733547098 0.0 360000
1695733617666 0.0 364000
1695733686156 0.0 368000
1695733756140 0.0 372000
1695733824377 0.0 376000
1695733894880 0.0 380000
1695733964213 0.0 384000
1695734035213 0.0 388000
1695734104190 0.0 392000
1695734175619 0.0 396000
1695734244663 0.0 400000
1695734315687 0.0 404000
1695734384600 0.0 408000
1695734453380 0.0 412000
1695734520667 0.0 416000
1695734588374 0.0 420000
1695734658325 0.0 424000
1695734727991 0.0 428000
1695734796881 0.0 432000
1695734870221 0.0 436000
1695734945755 0.0 440000
1695735017067 0.0 444000
1695735086358 0.0 448000
1695735161681 0.0 452000
1695735231924 0.0 456000
1695735305865 0.0 460000
1695735382115 0.0 464000
1695735453121 0.0 468000
1695735524350 0.0 472000
1695735599125 0.0 476000
1695735678627 0.0 480000
1695735759748 0.0 484000
1695735842314 0.0 488000
1695735925739 0.0 492000
1695736013415 0.0 496000
1695736097261 0.0 500000
1695736173588 0.0 504000
1695736248840 0.0 508000
1695736320556 0.0 512000
1695736388139 0.0 516000
1695736454275 0.0 520000
1695736520606 0.0 524000
1695736587035 0.0 528000
1695736651666 0.0 532000
1695736716102 0.0 536000
1695736779453 0.0 540000
1695736842168 0.0 544000
1695736905365 0.0 548000
1695736968433 0.0 552000
1695737032130 0.0 556000
1695737094043 0.0 560000
1695737157951 0.0 564000
1695737219617 0.0 568000
1695737281931 0.0 572000
1695737344613 0.0 576000
1695737411943 0.0 580000
1695737478228 0.0 584000
1695737541897 0.0 588000
1695737604334 0.0 592000
1695737666416 0.0 596000
1695737728627 0.0 600000
1695737791552 0.0 604000
1695737853511 0.0 608000
1695737916199 0.0 612000
1695737978568 0.0 616000
1695738041212 0.0 620000
1695738103463 0.0 624000
1695738167301 0.0 628000
1695738229971 0.0 632000
1695738292529 0.0 636000
1695738355017 0.0 640000
1695738417879 0.0 644000
1695738479831 0.0 648000
1695738542420 0.0 652000
1695738605856 0.0 656000
1695738668129 0.0 660000
1695738731682 0.0 664000
1695738794150 0.0 668000
1695738858493 0.0 672000
1695738921232 0.0 676000
1695738984432 0.0 680000
1695739046694 0.0 684000
1695739110069 0.0 688000
1695739171941 0.0 692000
1695739235470 0.0 696000
1695739297718 0.0 700000
1695739360527 0.0 704000
1695739423211 0.0 708000
1695739488005 0.0 712000
1695739550658 0.0 716000
1695739613285 0.0 720000
1695739675987 0.0 724000
1695739737776 0.0 728000
1695739800460 0.0 732000
1695739862695 0.0 736000
1695739925840 0.0 740000
1695739987682 0.0 744000
1695740051585 0.0 748000
1695740114397 0.0 752000
1695740177619 0.0 756000
1695740240090 0.0 760000
1695740301956 0.0 764000
1695740363538 0.0 768000
1695740426029 0.0 772000
1695740488859 0.0 776000
1695740550697 0.0 780000
1695740613399 0.0 784000
1695740676024 0.0 788000
1695740739782 0.0 792000
1695740801687 0.0 796000
1695740864950 0.0 800000
1695740927154 0.0 804000
1695740989402 0.0 808000
1695741052733 0.0 812000
1695741116383 0.0 816000
1695741179117 0.0 820000
1695741242026 0.0 824000
1695741305131 0.0 828000
1695741368455 0.0 832000
1695741432692 0.0 836000
1695741500724 0.0 840000
1695741566765 0.0 844000
1695741631714 0.0 848000
1695741707347 0.0 852000
1695741770184 0.0 856000
1695741834258 0.0 860000
1695741896232 0.0 864000
1695741958408 0.0 868000
1695742020654 0.0 872000
1695742083800 0.0 876000
1695742146468 0.0 880000
1695742211586 0.0 884000
1695742275827 0.0 888000
1695742341568 0.0 892000
1695742413562 0.0 896000
1695742481898 0.0 900000
1695742548217 0.0 904000
1695742610685 0.0 908000
1695742672796 0.0 912000
1695742735081 0.0 916000
1695742798385 0.0 920000
1695742861485 0.0 924000
1695742924068 0.0 928000
1695742986309 0.0 932000
1695743049616 0.0 936000
1695743111895 0.0 940000
1695743175866 0.0 944000
1695743237829 0.0 948000
1695743299737 0.0 952000
1695743361931 0.0 956000
1695743425229 0.0 960000
1695743487708 0.0 964000
1695743552091 0.0 968000
1695743614244 0.0 972000
1695743677434 0.0 976000
1695743740478 0.0 980000
1695743804754 0.0 984000
1695743866930 0.0 988000
1695743930052 0.0 992000
1695743991681 0.0 996000
1695744055021 0.0 1000000
