1695731491936 0.0 244000
1695731555305 0.0 248000
1695731626946 0.0 252000
1695731693946 0.0 256000
1695731770386 0.0 260000
1695731847829 0.0 264000
1695731929265 0.0 268000
1695732007498 0.0 272000
1695732085560 0.0 276000
1695732161565 0.0 280000
1695732229795 0.0 284000
1695732296226 0.0 288000
1695732365337 0.0 292000
1695732431682 0.0 296000
1695732499252 0.0 300000
1695732565140 0.0 304000
1695732635411 0.0 308000
1695732703026 0.0 312000
1695732772348 0.0 316000
1695732841538 0.0 320000
1695732910199 0.0 324000
1695732988663 0.0 328000
1695733057728 0.0 332000
1695733127179 0.0 336000
1695733197159 0.0 340000
1695733266879 0.0 344000
1695733337693 0.0 348000
1695733406225 0.0 352000
1695733475060 0.0 356000
1695733547126 0.0 360000
1695733617693 0.0 364000
1695733686184 0.0 368000
1695733756165 0.0 372000
1695733824401 0.0 376000
1695733894906 0.0 380000
1695733964238 0.0 384000
1695734035241 0.0 388000
1695734104216 0.0 392000
1695734175645 0.0 396000
1695734244689 0.0 400000
1695734315713 0.0 404000
1695734384627 0.0 408000
1695734453405 0.0 412000
1695734520693 0.0 416000
1695734588400 0.0 420000
1695734658352 0.0 424000
1695734728017 0.0 428000
1695734796905 0.0 432000
1695734870252 0.0 436000
1695734945782 0.0 440000
1695735017096 0.0 444000
1695735086383 0.0 448000
1695735161707 0.0 452000
1695735231950 0.0 456000
1695735305894 0.0 460000
1695735382147 0.0 464000
1695735453147 0.0 468000
1695735524374 0.0 472000
1695735599153 0.0 476000
1695735678657 0.0 480000
1695735759778 0.0 484000
1695735842343 0.0 488000
1695735925771 0.0 492000
1695736013444 0.0 496000
1695736097291 0.0 500000
1695736173616 0.0 504000
1695736248878 0.0 508000
1695736320585 0.0 512000
1695736388163 0.0 516000
1695736454298 0.0 520000
1695736520631 0.0 524000
1695736587059 0.0 528000
1695736651693 0.0 532000
1695736716128 0.0 536000
1695736779475 0.0 540000
1695736842192 0.0 544000
1695736905391 0.0 548000
1695736968455 0.0 552000
1695737032154 0.0 556000
1695737094065 0.0 560000
1695737157974 0.0 564000
1695737219640 0.0 568000
1695737281955 0.0 572000
1695737344639 0.0 576000
1695737411970 0.0 580000
1695737478252 0.0 584000
1695737541920 0.0 588000
1695737604358 0.0 592000
1695737666442 0.0 596000
1695737728649 0.0 600000
1695737791575 0.0 604000
1695737853534 0.0 608000
1695737916222 0.0 612000
1695737978592 0.0 616000
1695738041235 0.0 620000
1695738103487 0.0 624000
1695738167324 0.0 628000
1695738229995 0.0 632000
1695738292552 0.0 636000
1695738355041 0.0 640000
1695738417902 0.0 644000
1695738479854 0.0 648000
1695738542444 0.0 652000
1695738605881 0.0 656000
1695738668153 0.0 660000
1695738731705 0.0 664000
1695738794175 0.0 668000
1695738858517 0.0 672000
1695738921258 0.0 676000
1695738984461 0.0 680000
1695739046717 0.0 684000
1695739110091 0.0 688000
1695739171965 0.0 692000
1695739235493 0.0 696000
1695739297741 0.0 700000
1695739360551 0.0 704000
1695739423235 0.0 708000
1695739488028 0.0 712000
1695739550681 0.0 716000
1695739613308 0.0 720000
1695739676012 0.0 724000
1695739737800 0.0 728000
1695739800484 0.0 732000
1695739862721 0.0 736000
1695739925863 0.0 740000
1695739987706 0.0 744000
1695740051609 0.0 748000
1695740114421 0.0 752000
1695740177642 0.0 756000
1695740240113 0.0 760000
1695740301978 0.0 764000
1695740363562 0.0 768000
1695740426052 0.0 772000
1695740488884 0.0 776000
1695740550721 0.0 780000
1695740613423 0.0 784000
1695740676046 0.0 788000
1695740739805 0.0 792000
1695740801710 0.0 796000
1695740864973 0.0 800000
1695740927179 0.0 804000
1695740989425 0.0 808000
1695741052758 0.0 812000
1695741116408 0.0 816000
1695741179142 0.0 820000
1695741242049 0.0 824000
1695741305156 0.0 828000
1695741368478 0.0 832000
1695741432716 0.0 836000
1695741500750 0.0 840000
1695741566790 0.0 844000
1695741631739 0.0 848000
1695741707380 0.0 852000
1695741770208 0.0 856000
1695741834283 0.0 860000
1695741896264 0.0 864000
1695741958430 0.0 868000
1695742020679 0.0 872000
1695742083826 0.0 876000
1695742146493 0.0 880000
1695742211610 0.0 884000
1695742275851 0.0 888000
1695742341592 0.0 892000
1695742413597 0.0 896000
1695742481924 0.0 900000
1695742548241 0.0 904000
1695742610708 0.0 908000
1695742672818 0.0 912000
1695742735105 0.0 916000
1695742798410 0.0 920000
1695742861509 0.0 924000
1695742924095 0.0 928000
1695742986332 0.0 932000
1695743049641 0.0 936000
1695743111918 0.0 940000
1695743175890 0.0 944000
1695743237853 0.0 948000
1695743299762 0.0 952000
1695743361956 0.0 956000
1695743425252 0.0 960000
1695743487731 0.0 964000
1695743552114 0.0 968000
1695743614268 0.0 972000
1695743677456 0.0 976000
1695743740501 0.0 980000
1695743804777 0.0 984000
1695743866955 0.0 988000
1695743930074 0.0 992000
1695743991705 0.0 996000
1695744055044 0.0 1000000
