1695731491961 0.2 244000
1695731555333 0.2 248000
1695731626968 0.2 252000
1695731693970 0.2 256000
1695731770414 0.2 260000
1695731847859 0.2 264000
1695731929293 0.2 268000
1695732007525 0.2 272000
1695732085597 0.2 276000
1695732161587 0.2 280000
1695732229819 0.2 284000
1695732296253 0.2 288000
1695732365363 0.2 292000
1695732431703 0.2 296000
1695732499276 0.2 300000
1695732565169 0.2 304000
1695732635438 0.2 308000
1695732703053 0.2 312000
1695732772373 0.2 316000
1695732841562 0.2 320000
1695732910221 0.2 324000
1695732988686 0.2 328000
1695733057754 0.2 332000
1695733127202 0.2 336000
1695733197183 0.2 340000
1695733266905 0.2 344000
1695733337726 0.2 348000
1695733406248 0.2 352000
1695733475085 0.2 356000
1695733547152 0.2 360000
1695733617718 0.2 364000
1695733686210 0.2 368000
1695733756190 0.2 372000
1695733824424 0.2 376000
1695733894931 0.2 380000
1695733964259 0.2 384000
1695734035268 0.2 388000
1695734104239 0.2 392000
1695734175668 0.2 396000
1695734244713 0.2 400000
1695734315738 0.2 404000
1695734384652 0.2 408000
1695734453428 0.2 412000
1695734520718 0.2 416000
1695734588425 0.2 420000
1695734658376 0.2 424000
1695734728042 0.2 428000
1695734796928 0.2 432000
1695734870290 0.2 436000
1695734945807 0.2 440000
1695735017123 0.2 444000
1695735086407 0.2 448000
1695735161732 0.2 452000
1695735231974 0.2 456000
1695735305921 0.2 460000
1695735382175 0.2 464000
1695735453172 0.2 468000
1695735524397 0.2 472000
1695735599178 0.2 476000
1695735678683 0.2 480000
1695735759804 0.2 484000
1695735842371 0.2 488000
1695735925802 0.2 492000
1695736013471 0.2 496000
1695736097322 0.2 500000
1695736173644 0.2 504000
1695736248910 0.2 508000
1695736320618 0.2 512000
1695736388185 0.2 516000
1695736454322 0.2 520000
1695736520653 0.2 524000
1695736587081 0.2 528000
1695736651718 0.2 532000
1695736716150 0.2 536000
1695736779497 0.2 540000
1695736842215 0.2 544000
1695736905415 0.2 548000
1695736968476 0.2 552000
1695737032177 0.2 556000
1695737094088 0.2 560000
1695737157995 0.2 564000
1695737219664 0.2 568000
1695737281979 0.2 572000
1695737344661 0.2 576000
1695737411994 0.2 580000
1695737478275 0.2 584000
1695737541943 0.2 588000
1695737604382 0.2 592000
1695737666467 0.2 596000
1695737728671 0.2 600000
1695737791599 0.2 604000
1695737853557 0.2 608000
1695737916244 0.2 612000
1695737978616 0.2 616000
1695738041257 0.2 620000
1695738103513 0.2 624000
1695738167345 0.2 628000
1695738230018 0.2 632000
1695738292574 0.2 636000
1695738355063 0.2 640000
1695738417923 0.2 644000
1695738479879 0.2 648000
1695738542466 0.2 652000
1695738605903 0.2 656000
1695738668176 0.2 660000
1695738731728 0.2 664000
1695738794196 0.2 668000
1695738858539 0.2 672000
1695738921282 0.2 676000
1695738984488 0.2 680000
1695739046738 0.2 684000
1695739110112 0.2 688000
1695739171987 0.2 692000
1695739235514 0.2 696000
1695739297762 0.2 700000
1695739360575 0.2 704000
1695739423260 0.2 708000
1695739488051 0.2 712000
1695739550703 0.2 716000
1695739613331 0.2 720000
1695739676033 0.2 724000
1695739737823 0.2 728000
1695739800507 0.2 732000
1695739862746 0.2 736000
1695739925886 0.2 740000
1695739987729 0.2 744000
1695740051631 0.2 748000
1695740114446 0.2 752000
1695740177663 0.2 756000
1695740240134 0.2 760000
1695740302000 0.2 764000
1695740363586 0.2 768000
1695740426073 0.2 772000
1695740488909 0.2 776000
1695740550743 0.2 780000
1695740613446 0.2 784000
1695740676069 0.2 788000
1695740739826 0.2 792000
1695740801731 0.2 796000
1695740864995 0.2 800000
1695740927206 0.2 804000
1695740989446 0.2 808000
1695741052782 0.2 812000
1695741116430 0.2 816000
1695741179164 0.2 820000
1695741242072 0.2 824000
1695741305178 0.2 828000
1695741368500 0.2 832000
1695741432739 0.2 836000
1695741500774 0.2 840000
1695741566814 0.2 844000
1695741631763 0.2 848000
1695741707404 0.2 852000
1695741770229 0.2 856000
1695741834305 0.2 860000
1695741896293 0.2 864000
1695741958453 0.2 868000
1695742020703 0.2 872000
1695742083848 0.2 876000
1695742146516 0.2 880000
1695742211633 0.2 884000
1695742275873 0.2 888000
1695742341616 0.2 892000
1695742413632 0.2 896000
1695742481948 0.2 900000
1695742548262 0.2 904000
1695742610729 0.2 908000
1695742672840 0.2 912000
1695742735128 0.2 916000
1695742798434 0.2 920000
1695742861531 0.2 924000
1695742924121 0.2 928000
1695742986353 0.2 932000
1695743049663 0.2 936000
1695743111942 0.2 940000
1695743175912 0.2 944000
1695743237875 0.2 948000
1695743299785 0.2 952000
1695743361978 0.2 956000
1695743425276 0.2 960000
1695743487754 0.2 964000
1695743552137 0.2 968000
1695743614290 0.2 972000
1695743677476 0.2 976000
1695743740524 0.2 980000
1695743804800 0.2 984000
1695743866978 0.2 988000
1695743930096 0.2 992000
1695743991728 0.2 996000
1695744055066 0.2 1000000
