1695731491968 0.01 244000
1695731555339 0.01 248000
1695731626975 0.01 252000
1695731693977 0.01 256000
1695731770421 0.01 260000
1695731847867 0.01 264000
1695731929300 0.01 268000
1695732007532 0.01 272000
1695732085611 0.01 276000
1695732161593 0.01 280000
1695732229826 0.01 284000
1695732296260 0.01 288000
1695732365370 0.01 292000
1695732431709 0.01 296000
1695732499282 0.01 300000
1695732565175 0.01 304000
1695732635445 0.01 308000
1695732703059 0.01 312000
1695732772379 0.01 316000
1695732841569 0.01 320000
1695732910227 0.01 324000
1695732988693 0.01 328000
1695733057761 0.01 332000
1695733127208 0.01 336000
1695733197189 0.01 340000
1695733266911 0.01 344000
1695733337734 0.01 348000
1695733406255 0.01 352000
1695733475092 0.01 356000
1695733547159 0.01 360000
1695733617725 0.01 364000
1695733686217 0.01 368000
1695733756196 0.01 372000
1695733824430 0.01 376000
1695733894937 0.01 380000
1695733964266 0.01 384000
1695734035275 0.01 388000
1695734104246 0.01 392000
1695734175674 0.01 396000
1695734244719 0.01 400000
1695734315744 0.01 404000
1695734384659 0.01 408000
1695734453435 0.01 412000
1695734520725 0.01 416000
1695734588431 0.01 420000
1695734658382 0.01 424000
1695734728049 0.01 428000
1695734796934 0.01 432000
1695734870298 0.01 436000
1695734945814 0.01 440000
1695735017130 0.01 444000
1695735086414 0.01 448000
1695735161739 0.01 452000
1695735231980 0.01 456000
1695735305928 0.01 460000
1695735382182 0.01 464000
1695735453179 0.01 468000
1695735524403 0.01 472000
1695735599186 0.01 476000
1695735678690 0.01 480000
1695735759813 0.01 484000
1695735842378 0.01 488000
1695735925811 0.01 492000
1695736013478 0.01 496000
1695736097330 0.01 500000
1695736173651 0.01 504000
1695736248918 0.01 508000
1695736320626 0.01 512000
1695736388191 0.01 516000
1695736454328 0.01 520000
1695736520659 0.01 524000
1695736587087 0.01 528000
1695736651724 0.01 532000
1695736716156 0.01 536000
1695736779503 0.01 540000
1695736842220 0.01 544000
1695736905421 0.01 548000
1695736968482 0.01 552000
1695737032183 0.01 556000
1695737094094 0.01 560000
1695737158002 0.01 564000
1695737219670 0.01 568000
1695737281985 0.01 572000
1695737344667 0.01 576000
1695737412001 0.01 580000
1695737478281 0.01 584000
1695737541949 0.01 588000
1695737604389 0.01 592000
1695737666473 0.01 596000
1695737728677 0.01 600000
1695737791605 0.01 604000
1695737853563 0.01 608000
1695737916249 0.01 612000
1695737978622 0.01 616000
1695738041263 0.01 620000
1695738103520 0.01 624000
1695738167351 0.01 628000
1695738230024 0.01 632000
1695738292580 0.01 636000
1695738355070 0.01 640000
1695738417929 0.01 644000
1695738479885 0.01 648000
1695738542471 0.01 652000
1695738605909 0.01 656000
1695738668182 0.01 660000
1695738731734 0.01 664000
1695738794202 0.01 668000
1695738858544 0.01 672000
1695738921287 0.01 676000
1695738984494 0.01 680000
1695739046744 0.01 684000
1695739110118 0.01 688000
1695739171993 0.01 692000
1695739235520 0.01 696000
1695739297768 0.01 700000
1695739360582 0.01 704000
1695739423266 0.01 708000
1695739488058 0.01 712000
1695739550709 0.01 716000
1695739613337 0.01 720000
1695739676038 0.01 724000
1695739737829 0.01 728000
1695739800513 0.01 732000
1695739862752 0.01 736000
1695739925893 0.01 740000
1695739987736 0.01 744000
1695740051637 0.01 748000
1695740114451 0.01 752000
1695740177669 0.01 756000
1695740240140 0.01 760000
1695740302006 0.01 764000
1695740363592 0.01 768000
1695740426079 0.01 772000
1695740488915 0.01 776000
1695740550750 0.01 780000
1695740613452 0.01 784000
1695740676075 0.01 788000
1695740739832 0.01 792000
1695740801737 0.01 796000
1695740865001 0.01 800000
1695740927212 0.01 804000
1695740989452 0.01 808000
1695741052789 0.01 812000
1695741116435 0.01 816000
1695741179170 0.01 820000
1695741242078 0.01 824000
1695741305183 0.01 828000
1695741368506 0.01 832000
1695741432746 0.01 836000
1695741500780 0.01 840000
1695741566820 0.01 844000
1695741631769 0.01 848000
1695741707412 0.01 852000
1695741770235 0.01 856000
1695741834311 0.01 860000
1695741896301 0.01 864000
1695741958460 0.01 868000
1695742020709 0.01 872000
1695742083854 0.01 876000
1695742146522 0.01 880000
1695742211639 0.01 884000
1695742275879 0.01 888000
1695742341622 0.01 892000
1695742413640 0.01 896000
1695742481954 0.01 900000
1695742548268 0.01 904000
1695742610734 0.01 908000
1695742672846 0.01 912000
1695742735134 0.01 916000
1695742798440 0.01 920000
1695742861537 0.01 924000
1695742924127 0.01 928000
1695742986359 0.01 932000
1695743049668 0.01 936000
1695743111948 0.01 940000
1695743175918 0.01 944000
1695743237881 0.01 948000
1695743299791 0.01 952000
1695743361985 0.01 956000
1695743425282 0.01 960000
1695743487759 0.01 964000
1695743552143 0.01 968000
1695743614296 0.01 972000
1695743677483 0.01 976000
1695743740530 0.01 980000
1695743804806 0.01 984000
1695743866985 0.01 988000
1695743930102 0.01 992000
1695743991734 0.01 996000
1695744055072 0.01 1000000
