1695731491970 1.0 244000
1695731555342 1.0 248000
1695731626976 1.0 252000
1695731693978 1.0 256000
1695731770423 1.0 260000
1695731847868 1.0 264000
1695731929302 1.0 268000
1695732007534 1.0 272000
1695732085613 1.0 276000
1695732161595 1.0 280000
1695732229828 1.0 284000
1695732296262 1.0 288000
1695732365371 1.0 292000
1695732431710 1.0 296000
1695732499283 1.0 300000
1695732565177 1.0 304000
1695732635447 1.0 308000
1695732703061 1.0 312000
1695732772381 1.0 316000
1695732841570 1.0 320000
1695732910229 1.0 324000
1695732988694 1.0 328000
1695733057762 1.0 332000
1695733127210 1.0 336000
1695733197191 1.0 340000
1695733266913 1.0 344000
1695733337736 1.0 348000
1695733406256 1.0 352000
1695733475094 1.0 356000
1695733547160 1.0 360000
1695733617726 1.0 364000
1695733686219 1.0 368000
1695733756198 1.0 372000
1695733824432 1.0 376000
1695733894939 1.0 380000
1695733964267 1.0 384000
1695734035277 1.0 388000
1695734104247 1.0 392000
1695734175676 1.0 396000
1695734244720 1.0 400000
1695734315746 1.0 404000
1695734384660 1.0 408000
1695734453436 1.0 412000
1695734520727 1.0 416000
1695734588433 1.0 420000
1695734658384 1.0 424000
1695734728050 1.0 428000
1695734796935 1.0 432000
1695734870300 1.0 436000
1695734945816 1.0 440000
1695735017132 1.0 444000
1695735086416 1.0 448000
1695735161740 1.0 452000
1695735231982 1.0 456000
1695735305930 1.0 460000
1695735382184 1.0 464000
1695735453181 1.0 468000
1695735524405 1.0 472000
1695735599187 1.0 476000
1695735678692 1.0 480000
1695735759815 1.0 484000
1695735842380 1.0 488000
1695735925813 1.0 492000
1695736013480 1.0 496000
1695736097332 1.0 500000
1695736173653 1.0 504000
1695736248920 1.0 508000
1695736320628 1.0 512000
1695736388192 1.0 516000
1695736454330 1.0 520000
1695736520660 1.0 524000
1695736587089 1.0 528000
1695736651726 1.0 532000
1695736716158 1.0 536000
1695736779504 1.0 540000
1695736842221 1.0 544000
1695736905423 1.0 548000
1695736968483 1.0 552000
1695737032184 1.0 556000
1695737094095 1.0 560000
1695737158003 1.0 564000
1695737219671 1.0 568000
1695737281987 1.0 572000
1695737344669 1.0 576000
1695737412003 1.0 580000
1695737478282 1.0 584000
1695737541951 1.0 588000
1695737604390 1.0 592000
1695737666474 1.0 596000
1695737728678 1.0 600000
1695737791606 1.0 604000
1695737853564 1.0 608000
1695737916251 1.0 612000
1695737978623 1.0 616000
1695738041264 1.0 620000
1695738103522 1.0 624000
1695738167352 1.0 628000
1695738230025 1.0 632000
1695738292581 1.0 636000
1695738355071 1.0 640000
1695738417931 1.0 644000
1695738479887 1.0 648000
1695738542473 1.0 652000
1695738605910 1.0 656000
1695738668183 1.0 660000
1695738731736 1.0 664000
1695738794203 1.0 668000
1695738858545 1.0 672000
1695738921289 1.0 676000
1695738984497 1.0 680000
1695739046746 1.0 684000
1695739110120 1.0 688000
1695739171995 1.0 692000
1695739235521 1.0 696000
1695739297769 1.0 700000
1695739360583 1.0 704000
1695739423268 1.0 708000
1695739488059 1.0 712000
1695739550711 1.0 716000
1695739613339 1.0 720000
1695739676040 1.0 724000
1695739737830 1.0 728000
1695739800515 1.0 732000
1695739862754 1.0 736000
1695739925894 1.0 740000
1695739987738 1.0 744000
1695740051639 1.0 748000
1695740114453 1.0 752000
1695740177671 1.0 756000
1695740240141 1.0 760000
1695740302007 1.0 764000
1695740363594 1.0 768000
1695740426081 1.0 772000
1695740488916 1.0 776000
1695740550751 1.0 780000
1695740613454 1.0 784000
1695740676077 1.0 788000
1695740739833 1.0 792000
1695740801738 1.0 796000
1695740865002 1.0 800000
1695740927214 1.0 804000
1695740989454 1.0 808000
1695741052790 1.0 812000
1695741116437 1.0 816000
1695741179171 1.0 820000
1695741242080 1.0 824000
1695741305185 1.0 828000
1695741368508 1.0 832000
1695741432748 1.0 836000
1695741500782 1.0 840000
1695741566821 1.0 844000
1695741631770 1.0 848000
1695741707415 1.0 852000
1695741770237 1.0 856000
1695741834313 1.0 860000
1695741896302 1.0 864000
1695741958461 1.0 868000
1695742020710 1.0 872000
1695742083856 1.0 876000
1695742146524 1.0 880000
1695742211641 1.0 884000
1695742275880 1.0 888000
1695742341624 1.0 892000
1695742413642 1.0 896000
1695742481956 1.0 900000
1695742548270 1.0 904000
1695742610736 1.0 908000
1695742672847 1.0 912000
1695742735136 1.0 916000
1695742798442 1.0 920000
1695742861539 1.0 924000
1695742924128 1.0 928000
1695742986361 1.0 932000
1695743049670 1.0 936000
1695743111950 1.0 940000
1695743175920 1.0 944000
1695743237882 1.0 948000
1695743299792 1.0 952000
1695743361986 1.0 956000
1695743425284 1.0 960000
1695743487761 1.0 964000
1695743552144 1.0 968000
1695743614298 1.0 972000
1695743677485 1.0 976000
1695743740532 1.0 980000
1695743804807 1.0 984000
1695743866987 1.0 988000
1695743930104 1.0 992000
1695743991736 1.0 996000
1695744055073 1.0 1000000
