1695731491942 1.0 244000
1695731555312 1.0 248000
1695731626951 1.0 252000
1695731693951 1.0 256000
1695731770393 1.0 260000
1695731847837 1.0 264000
1695731929271 1.0 268000
1695732007504 1.0 272000
1695732085567 1.0 276000
1695732161570 1.0 280000
1695732229801 1.0 284000
1695732296233 1.0 288000
1695732365343 1.0 292000
1695732431687 1.0 296000
1695732499257 1.0 300000
1695732565148 1.0 304000
1695732635417 1.0 308000
1695732703032 1.0 312000
1695732772354 1.0 316000
1695732841544 1.0 320000
1695732910204 1.0 324000
1695732988668 1.0 328000
1695733057734 1.0 332000
1695733127184 1.0 336000
1695733197164 1.0 340000
1695733266885 1.0 344000
1695733337699 1.0 348000
1695733406230 1.0 352000
1695733475066 1.0 356000
1695733547132 1.0 360000
1695733617699 1.0 364000
1695733686190 1.0 368000
1695733756171 1.0 372000
1695733824407 1.0 376000
1695733894912 1.0 380000
1695733964243 1.0 384000
1695734035248 1.0 388000
1695734104222 1.0 392000
1695734175650 1.0 396000
1695734244695 1.0 400000
1695734315719 1.0 404000
1695734384633 1.0 408000
1695734453410 1.0 412000
1695734520699 1.0 416000
1695734588405 1.0 420000
1695734658357 1.0 424000
1695734728023 1.0 428000
1695734796910 1.0 432000
1695734870262 1.0 436000
1695734945788 1.0 440000
1695735017103 1.0 444000
1695735086389 1.0 448000
1695735161712 1.0 452000
1695735231955 1.0 456000
1695735305901 1.0 460000
1695735382154 1.0 464000
1695735453153 1.0 468000
1695735524380 1.0 472000
1695735599159 1.0 476000
1695735678663 1.0 480000
1695735759784 1.0 484000
1695735842349 1.0 488000
1695735925778 1.0 492000
1695736013450 1.0 496000
1695736097297 1.0 500000
1695736173622 1.0 504000
1695736248885 1.0 508000
1695736320591 1.0 512000
1695736388168 1.0 516000
1695736454304 1.0 520000
1695736520636 1.0 524000
1695736587064 1.0 528000
1695736651698 1.0 532000
1695736716133 1.0 536000
1695736779480 1.0 540000
1695736842197 1.0 544000
1695736905396 1.0 548000
1695736968460 1.0 552000
1695737032159 1.0 556000
1695737094070 1.0 560000
1695737157979 1.0 564000
1695737219646 1.0 568000
1695737281961 1.0 572000
1695737344645 1.0 576000
1695737411976 1.0 580000
1695737478258 1.0 584000
1695737541925 1.0 588000
1695737604364 1.0 592000
1695737666448 1.0 596000
1695737728654 1.0 600000
1695737791581 1.0 604000
1695737853540 1.0 608000
1695737916227 1.0 612000
1695737978598 1.0 616000
1695738041240 1.0 620000
1695738103493 1.0 624000
1695738167330 1.0 628000
1695738230000 1.0 632000
1695738292556 1.0 636000
1695738355046 1.0 640000
1695738417907 1.0 644000
1695738479860 1.0 648000
1695738542449 1.0 652000
1695738605887 1.0 656000
1695738668158 1.0 660000
1695738731710 1.0 664000
1695738794180 1.0 668000
1695738858523 1.0 672000
1695738921263 1.0 676000
1695738984468 1.0 680000
1695739046722 1.0 684000
1695739110096 1.0 688000
1695739171969 1.0 692000
1695739235498 1.0 696000
1695739297746 1.0 700000
1695739360556 1.0 704000
1695739423241 1.0 708000
1695739488033 1.0 712000
1695739550686 1.0 716000
1695739613313 1.0 720000
1695739676016 1.0 724000
1695739737806 1.0 728000
1695739800489 1.0 732000
1695739862727 1.0 736000
1695739925868 1.0 740000
1695739987711 1.0 744000
1695740051614 1.0 748000
1695740114427 1.0 752000
1695740177646 1.0 756000
1695740240118 1.0 760000
1695740301983 1.0 764000
1695740363568 1.0 768000
1695740426057 1.0 772000
1695740488890 1.0 776000
1695740550726 1.0 780000
1695740613428 1.0 784000
1695740676052 1.0 788000
1695740739810 1.0 792000
1695740801715 1.0 796000
1695740864978 1.0 800000
1695740927185 1.0 804000
1695740989430 1.0 808000
1695741052763 1.0 812000
1695741116413 1.0 816000
1695741179147 1.0 820000
1695741242054 1.0 824000
1695741305161 1.0 828000
1695741368483 1.0 832000
1695741432721 1.0 836000
1695741500756 1.0 840000
1695741566796 1.0 844000
1695741631745 1.0 848000
1695741707386 1.0 852000
1695741770214 1.0 856000
1695741834289 1.0 860000
1695741896271 1.0 864000
1695741958435 1.0 868000
1695742020684 1.0 872000
1695742083832 1.0 876000
1695742146498 1.0 880000
1695742211616 1.0 884000
1695742275856 1.0 888000
1695742341598 1.0 892000
1695742413609 1.0 896000
1695742481930 1.0 900000
1695742548246 1.0 904000
1695742610713 1.0 908000
1695742672823 1.0 912000
1695742735110 1.0 916000
1695742798416 1.0 920000
1695742861514 1.0 924000
1695742924101 1.0 928000
1695742986337 1.0 932000
1695743049646 1.0 936000
1695743111924 1.0 940000
1695743175895 1.0 944000
1695743237858 1.0 948000
1695743299767 1.0 952000
1695743361961 1.0 956000
1695743425258 1.0 960000
1695743487736 1.0 964000
1695743552120 1.0 968000
1695743614273 1.0 972000
1695743677461 1.0 976000
1695743740506 1.0 980000
1695743804782 1.0 984000
1695743866960 1.0 988000
1695743930079 1.0 992000
1695743991711 1.0 996000
1695744055049 1.0 1000000
