1695731491916 5e-05 244000
1695731555287 5e-05 248000
1695731626930 5e-05 252000
1695731693928 5e-05 256000
1695731770368 5e-05 260000
1695731847806 5e-05 264000
1695731929246 5e-05 268000
1695732007479 5e-05 272000
1695732085541 5e-05 276000
1695732161550 5e-05 280000
1695732229780 5e-05 284000
1695732296209 5e-05 288000
1695732365321 5e-05 292000
1695732431666 5e-05 296000
1695732499237 5e-05 300000
1695732565122 5e-05 304000
1695732635392 5e-05 308000
1695732703009 5e-05 312000
1695732772332 5e-05 316000
1695732841522 5e-05 320000
1695732910183 5e-05 324000
1695732988647 5e-05 328000
1695733057710 5e-05 332000
1695733127162 5e-05 336000
1695733197142 5e-05 340000
1695733266861 5e-05 344000
1695733337673 5e-05 348000
1695733406209 5e-05 352000
1695733475044 5e-05 356000
1695733547108 5e-05 360000
1695733617676 5e-05 364000
1695733686167 5e-05 368000
1695733756150 5e-05 372000
1695733824386 5e-05 376000
1695733894890 5e-05 380000
1695733964222 5e-05 384000
1695734035224 5e-05 388000
1695734104200 5e-05 392000
1695734175629 5e-05 396000
1695734244673 5e-05 400000
1695734315697 5e-05 404000
1695734384609 5e-05 408000
1695734453390 5e-05 412000
1695734520676 5e-05 416000
1695734588383 5e-05 420000
1695734658335 5e-05 424000
1695734728001 5e-05 428000
1695734796889 5e-05 432000
1695734870233 5e-05 436000
1695734945765 5e-05 440000
1695735017078 5e-05 444000
1695735086368 5e-05 448000
1695735161691 5e-05 452000
1695735231933 5e-05 456000
1695735305876 5e-05 460000
1695735382127 5e-05 464000
1695735453131 5e-05 468000
1695735524359 5e-05 472000
1695735599136 5e-05 476000
1695735678638 5e-05 480000
1695735759759 5e-05 484000
1695735842324 5e-05 488000
1695735925750 5e-05 492000
1695736013426 5e-05 496000
1695736097272 5e-05 500000
1695736173598 5e-05 504000
1695736248853 5e-05 508000
1695736320566 5e-05 512000
1695736388148 5e-05 516000
1695736454283 5e-05 520000
1695736520615 5e-05 524000
1695736587045 5e-05 528000
1695736651676 5e-05 532000
1695736716112 5e-05 536000
1695736779461 5e-05 540000
1695736842177 5e-05 544000
1695736905375 5e-05 548000
1695736968441 5e-05 552000
1695737032139 5e-05 556000
1695737094051 5e-05 560000
1695737157959 5e-05 564000
1695737219625 5e-05 568000
1695737281940 5e-05 572000
1695737344623 5e-05 576000
1695737411953 5e-05 580000
1695737478237 5e-05 584000
1695737541906 5e-05 588000
1695737604343 5e-05 592000
1695737666426 5e-05 596000
1695737728635 5e-05 600000
1695737791561 5e-05 604000
1695737853519 5e-05 608000
1695737916208 5e-05 612000
1695737978577 5e-05 616000
1695738041221 5e-05 620000
1695738103472 5e-05 624000
1695738167309 5e-05 628000
1695738229980 5e-05 632000
1695738292537 5e-05 636000
1695738355026 5e-05 640000
1695738417888 5e-05 644000
1695738479840 5e-05 648000
1695738542430 5e-05 652000
1695738605866 5e-05 656000
1695738668138 5e-05 660000
1695738731691 5e-05 664000
1695738794159 5e-05 668000
1695738858502 5e-05 672000
1695738921242 5e-05 676000
1695738984442 5e-05 680000
1695739046703 5e-05 684000
1695739110077 5e-05 688000
1695739171950 5e-05 692000
1695739235478 5e-05 696000
1695739297726 5e-05 700000
1695739360535 5e-05 704000
1695739423220 5e-05 708000
1695739488013 5e-05 712000
1695739550666 5e-05 716000
1695739613294 5e-05 720000
1695739675996 5e-05 724000
1695739737786 5e-05 728000
1695739800468 5e-05 732000
1695739862705 5e-05 736000
1695739925849 5e-05 740000
1695739987692 5e-05 744000
1695740051594 5e-05 748000
1695740114405 5e-05 752000
1695740177627 5e-05 756000
1695740240099 5e-05 760000
1695740301964 5e-05 764000
1695740363548 5e-05 768000
1695740426038 5e-05 772000
1695740488868 5e-05 776000
1695740550707 5e-05 780000
1695740613408 5e-05 784000
1695740676033 5e-05 788000
1695740739790 5e-05 792000
1695740801695 5e-05 796000
1695740864959 5e-05 800000
1695740927164 5e-05 804000
1695740989410 5e-05 808000
1695741052742 5e-05 812000
1695741116392 5e-05 816000
1695741179126 5e-05 820000
1695741242034 5e-05 824000
1695741305141 5e-05 828000
1695741368463 5e-05 832000
1695741432701 5e-05 836000
1695741500734 5e-05 840000
1695741566775 5e-05 844000
1695741631724 5e-05 848000
1695741707364 5e-05 852000
1695741770192 5e-05 856000
1695741834268 5e-05 860000
1695741896244 5e-05 864000
1695741958416 5e-05 868000
1695742020663 5e-05 872000
1695742083810 5e-05 876000
1695742146477 5e-05 880000
1695742211595 5e-05 884000
1695742275836 5e-05 888000
1695742341577 5e-05 892000
1695742413575 5e-05 896000
1695742481909 5e-05 900000
1695742548226 5e-05 904000
1695742610694 5e-05 908000
1695742672804 5e-05 912000
1695742735090 5e-05 916000
1695742798394 5e-05 920000
1695742861494 5e-05 924000
1695742924078 5e-05 928000
1695742986318 5e-05 932000
1695743049625 5e-05 936000
1695743111904 5e-05 940000
1695743175875 5e-05 944000
1695743237838 5e-05 948000
1695743299746 5e-05 952000
1695743361940 5e-05 956000
1695743425238 5e-05 960000
1695743487717 5e-05 964000
1695743552100 5e-05 968000
1695743614253 5e-05 972000
1695743677442 5e-05 976000
1695743740487 5e-05 980000
1695743804762 5e-05 984000
1695743866939 5e-05 988000
1695743930060 5e-05 992000
1695743991690 5e-05 996000
1695744055030 5e-05 1000000
