1695731491918 2.0 244000
1695731555289 2.0 248000
1695731626932 2.0 252000
1695731693930 2.0 256000
1695731770370 2.0 260000
1695731847809 2.0 264000
1695731929247 2.0 268000
1695732007481 2.0 272000
1695732085543 2.0 276000
1695732161551 2.0 280000
1695732229781 2.0 284000
1695732296211 2.0 288000
1695732365322 2.0 292000
1695732431667 2.0 296000
1695732499238 2.0 300000
1695732565124 2.0 304000
1695732635394 2.0 308000
1695732703011 2.0 312000
1695732772334 2.0 316000
1695732841524 2.0 320000
1695732910185 2.0 324000
1695732988649 2.0 328000
1695733057712 2.0 332000
1695733127164 2.0 336000
1695733197144 2.0 340000
1695733266862 2.0 344000
1695733337675 2.0 348000
1695733406211 2.0 352000
1695733475045 2.0 356000
1695733547110 2.0 360000
1695733617678 2.0 364000
1695733686168 2.0 368000
1695733756151 2.0 372000
1695733824388 2.0 376000
1695733894891 2.0 380000
1695733964224 2.0 384000
1695734035225 2.0 388000
1695734104202 2.0 392000
1695734175630 2.0 396000
1695734244674 2.0 400000
1695734315699 2.0 404000
1695734384610 2.0 408000
1695734453391 2.0 412000
1695734520678 2.0 416000
1695734588385 2.0 420000
1695734658337 2.0 424000
1695734728003 2.0 428000
1695734796891 2.0 432000
1695734870235 2.0 436000
1695734945767 2.0 440000
1695735017080 2.0 444000
1695735086369 2.0 448000
1695735161693 2.0 452000
1695735231935 2.0 456000
1695735305878 2.0 460000
1695735382129 2.0 464000
1695735453132 2.0 468000
1695735524360 2.0 472000
1695735599137 2.0 476000
1695735678640 2.0 480000
1695735759761 2.0 484000
1695735842326 2.0 488000
1695735925752 2.0 492000
1695736013428 2.0 496000
1695736097274 2.0 500000
1695736173601 2.0 504000
1695736248856 2.0 508000
1695736320568 2.0 512000
1695736388149 2.0 516000
1695736454285 2.0 520000
1695736520617 2.0 524000
1695736587046 2.0 528000
1695736651678 2.0 532000
1695736716113 2.0 536000
1695736779463 2.0 540000
1695736842179 2.0 544000
1695736905376 2.0 548000
1695736968442 2.0 552000
1695737032141 2.0 556000
1695737094053 2.0 560000
1695737157961 2.0 564000
1695737219627 2.0 568000
1695737281941 2.0 572000
1695737344624 2.0 576000
1695737411955 2.0 580000
1695737478239 2.0 584000
1695737541907 2.0 588000
1695737604345 2.0 592000
1695737666428 2.0 596000
1695737728637 2.0 600000
1695737791562 2.0 604000
1695737853521 2.0 608000
1695737916209 2.0 612000
1695737978578 2.0 616000
1695738041223 2.0 620000
1695738103474 2.0 624000
1695738167311 2.0 628000
1695738229981 2.0 632000
1695738292539 2.0 636000
1695738355028 2.0 640000
1695738417889 2.0 644000
1695738479841 2.0 648000
1695738542431 2.0 652000
1695738605867 2.0 656000
1695738668139 2.0 660000
1695738731692 2.0 664000
1695738794161 2.0 668000
1695738858504 2.0 672000
1695738921243 2.0 676000
1695738984444 2.0 680000
1695739046704 2.0 684000
1695739110078 2.0 688000
1695739171952 2.0 692000
1695739235479 2.0 696000
1695739297728 2.0 700000
1695739360537 2.0 704000
1695739423222 2.0 708000
1695739488015 2.0 712000
1695739550668 2.0 716000
1695739613295 2.0 720000
1695739675998 2.0 724000
1695739737787 2.0 728000
1695739800470 2.0 732000
1695739862707 2.0 736000
1695739925850 2.0 740000
1695739987693 2.0 744000
1695740051595 2.0 748000
1695740114407 2.0 752000
1695740177628 2.0 756000
1695740240100 2.0 760000
1695740301965 2.0 764000
1695740363550 2.0 768000
1695740426039 2.0 772000
1695740488870 2.0 776000
1695740550708 2.0 780000
1695740613410 2.0 784000
1695740676034 2.0 788000
1695740739792 2.0 792000
1695740801697 2.0 796000
1695740864960 2.0 800000
1695740927165 2.0 804000
1695740989412 2.0 808000
1695741052744 2.0 812000
1695741116394 2.0 816000
1695741179128 2.0 820000
1695741242036 2.0 824000
1695741305142 2.0 828000
1695741368465 2.0 832000
1695741432702 2.0 836000
1695741500735 2.0 840000
1695741566776 2.0 844000
1695741631726 2.0 848000
1695741707367 2.0 852000
1695741770194 2.0 856000
1695741834269 2.0 860000
1695741896247 2.0 864000
1695741958418 2.0 868000
1695742020665 2.0 872000
1695742083811 2.0 876000
1695742146479 2.0 880000
1695742211596 2.0 884000
1695742275838 2.0 888000
1695742341579 2.0 892000
1695742413577 2.0 896000
1695742481910 2.0 900000
1695742548227 2.0 904000
1695742610695 2.0 908000
1695742672805 2.0 912000
1695742735091 2.0 916000
1695742798396 2.0 920000
1695742861496 2.0 924000
1695742924079 2.0 928000
1695742986319 2.0 932000
1695743049627 2.0 936000
1695743111905 2.0 940000
1695743175877 2.0 944000
1695743237839 2.0 948000
1695743299748 2.0 952000
1695743361941 2.0 956000
1695743425239 2.0 960000
1695743487718 2.0 964000
1695743552101 2.0 968000
1695743614255 2.0 972000
1695743677444 2.0 976000
1695743740488 2.0 980000
1695743804764 2.0 984000
1695743866940 2.0 988000
1695743930062 2.0 992000
1695743991691 2.0 996000
1695744055032 2.0 1000000
