1695731491947 1000.0 244000
1695731555316 1000.0 248000
1695731626955 1000.0 252000
1695731693956 1000.0 256000
1695731770398 1000.0 260000
1695731847842 1000.0 264000
1695731929276 1000.0 268000
1695732007509 1000.0 272000
1695732085571 1000.0 276000
1695732161574 1000.0 280000
1695732229805 1000.0 284000
1695732296237 1000.0 288000
1695732365347 1000.0 292000
1695732431690 1000.0 296000
1695732499262 1000.0 300000
1695732565153 1000.0 304000
1695732635422 1000.0 308000
1695732703037 1000.0 312000
1695732772358 1000.0 316000
1695732841548 1000.0 320000
1695732910208 1000.0 324000
1695732988672 1000.0 328000
1695733057739 1000.0 332000
1695733127188 1000.0 336000
1695733197169 1000.0 340000
1695733266889 1000.0 344000
1695733337704 1000.0 348000
1695733406234 1000.0 352000
1695733475070 1000.0 356000
1695733547136 1000.0 360000
1695733617703 1000.0 364000
1695733686195 1000.0 368000
1695733756175 1000.0 372000
1695733824410 1000.0 376000
1695733894916 1000.0 380000
1695733964246 1000.0 384000
1695734035252 1000.0 388000
1695734104225 1000.0 392000
1695734175654 1000.0 396000
1695734244699 1000.0 400000
1695734315723 1000.0 404000
1695734384637 1000.0 408000
1695734453414 1000.0 412000
1695734520703 1000.0 416000
1695734588409 1000.0 420000
1695734658361 1000.0 424000
1695734728027 1000.0 428000
1695734796914 1000.0 432000
1695734870270 1000.0 436000
1695734945792 1000.0 440000
1695735017107 1000.0 444000
1695735086393 1000.0 448000
1695735161716 1000.0 452000
1695735231959 1000.0 456000
1695735305905 1000.0 460000
1695735382158 1000.0 464000
1695735453157 1000.0 468000
1695735524384 1000.0 472000
1695735599163 1000.0 476000
1695735678668 1000.0 480000
1695735759788 1000.0 484000
1695735842354 1000.0 488000
1695735925784 1000.0 492000
1695736013455 1000.0 496000
1695736097302 1000.0 500000
1695736173627 1000.0 504000
1695736248890 1000.0 508000
1695736320596 1000.0 512000
1695736388171 1000.0 516000
1695736454308 1000.0 520000
1695736520640 1000.0 524000
1695736587068 1000.0 528000
1695736651703 1000.0 532000
1695736716136 1000.0 536000
1695736779484 1000.0 540000
1695736842201 1000.0 544000
1695736905400 1000.0 548000
1695736968463 1000.0 552000
1695737032163 1000.0 556000
1695737094074 1000.0 560000
1695737157982 1000.0 564000
1695737219650 1000.0 568000
1695737281964 1000.0 572000
1695737344648 1000.0 576000
1695737411980 1000.0 580000
1695737478262 1000.0 584000
1695737541929 1000.0 588000
1695737604368 1000.0 592000
1695737666452 1000.0 596000
1695737728658 1000.0 600000
1695737791584 1000.0 604000
1695737853544 1000.0 608000
1695737916231 1000.0 612000
1695737978602 1000.0 616000
1695738041244 1000.0 620000
1695738103498 1000.0 624000
1695738167333 1000.0 628000
1695738230004 1000.0 632000
1695738292560 1000.0 636000
1695738355050 1000.0 640000
1695738417911 1000.0 644000
1695738479864 1000.0 648000
1695738542453 1000.0 652000
1695738605891 1000.0 656000
1695738668162 1000.0 660000
1695738731714 1000.0 664000
1695738794183 1000.0 668000
1695738858526 1000.0 672000
1695738921267 1000.0 676000
1695738984471 1000.0 680000
1695739046726 1000.0 684000
1695739110100 1000.0 688000
1695739171973 1000.0 692000
1695739235501 1000.0 696000
1695739297749 1000.0 700000
1695739360560 1000.0 704000
1695739423245 1000.0 708000
1695739488037 1000.0 712000
1695739550690 1000.0 716000
1695739613317 1000.0 720000
1695739676020 1000.0 724000
1695739737810 1000.0 728000
1695739800493 1000.0 732000
1695739862731 1000.0 736000
1695739925872 1000.0 740000
1695739987715 1000.0 744000
1695740051617 1000.0 748000
1695740114431 1000.0 752000
1695740177650 1000.0 756000
1695740240122 1000.0 760000
1695740301988 1000.0 764000
1695740363572 1000.0 768000
1695740426060 1000.0 772000
1695740488894 1000.0 776000
1695740550730 1000.0 780000
1695740613432 1000.0 784000
1695740676055 1000.0 788000
1695740739813 1000.0 792000
1695740801718 1000.0 796000
1695740864982 1000.0 800000
1695740927189 1000.0 804000
1695740989434 1000.0 808000
1695741052768 1000.0 812000
1695741116417 1000.0 816000
1695741179151 1000.0 820000
1695741242058 1000.0 824000
1695741305165 1000.0 828000
1695741368487 1000.0 832000
1695741432725 1000.0 836000
1695741500760 1000.0 840000
1695741566799 1000.0 844000
1695741631749 1000.0 848000
1695741707390 1000.0 852000
1695741770217 1000.0 856000
1695741834292 1000.0 860000
1695741896275 1000.0 864000
1695741958439 1000.0 868000
1695742020688 1000.0 872000
1695742083836 1000.0 876000
1695742146503 1000.0 880000
1695742211620 1000.0 884000
1695742275860 1000.0 888000
1695742341602 1000.0 892000
1695742413614 1000.0 896000
1695742481934 1000.0 900000
1695742548249 1000.0 904000
1695742610716 1000.0 908000
1695742672827 1000.0 912000
1695742735114 1000.0 916000
1695742798420 1000.0 920000
1695742861518 1000.0 924000
1695742924105 1000.0 928000
1695742986340 1000.0 932000
1695743049650 1000.0 936000
1695743111928 1000.0 940000
1695743175899 1000.0 944000
1695743237862 1000.0 948000
1695743299771 1000.0 952000
1695743361965 1000.0 956000
1695743425262 1000.0 960000
1695743487740 1000.0 964000
1695743552123 1000.0 968000
1695743614277 1000.0 972000
1695743677464 1000.0 976000
1695743740510 1000.0 980000
1695743804786 1000.0 984000
1695743866964 1000.0 988000
1695743930083 1000.0 992000
1695743991715 1000.0 996000
1695744055052 1000.0 1000000
