1695731491937 100.0 244000
1695731555307 100.0 248000
1695731626947 100.0 252000
1695731693947 100.0 256000
1695731770388 100.0 260000
1695731847833 100.0 264000
1695731929267 100.0 268000
1695732007499 100.0 272000
1695732085562 100.0 276000
1695732161566 100.0 280000
1695732229797 100.0 284000
1695732296228 100.0 288000
1695732365339 100.0 292000
1695732431683 100.0 296000
1695732499254 100.0 300000
1695732565141 100.0 304000
1695732635412 100.0 308000
1695732703028 100.0 312000
1695732772350 100.0 316000
1695732841540 100.0 320000
1695732910200 100.0 324000
1695732988664 100.0 328000
1695733057730 100.0 332000
1695733127180 100.0 336000
1695733197160 100.0 340000
1695733266880 100.0 344000
1695733337694 100.0 348000
1695733406226 100.0 352000
1695733475062 100.0 356000
1695733547128 100.0 360000
1695733617694 100.0 364000
1695733686186 100.0 368000
1695733756167 100.0 372000
1695733824403 100.0 376000
1695733894907 100.0 380000
1695733964239 100.0 384000
1695734035243 100.0 388000
1695734104217 100.0 392000
1695734175646 100.0 396000
1695734244690 100.0 400000
1695734315715 100.0 404000
1695734384629 100.0 408000
1695734453407 100.0 412000
1695734520694 100.0 416000
1695734588401 100.0 420000
1695734658353 100.0 424000
1695734728019 100.0 428000
1695734796906 100.0 432000
1695734870255 100.0 436000
1695734945784 100.0 440000
1695735017098 100.0 444000
1695735086385 100.0 448000
1695735161708 100.0 452000
1695735231951 100.0 456000
1695735305896 100.0 460000
1695735382149 100.0 464000
1695735453149 100.0 468000
1695735524376 100.0 472000
1695735599154 100.0 476000
1695735678659 100.0 480000
1695735759779 100.0 484000
1695735842344 100.0 488000
1695735925772 100.0 492000
1695736013445 100.0 496000
1695736097293 100.0 500000
1695736173618 100.0 504000
1695736248880 100.0 508000
1695736320587 100.0 512000
1695736388164 100.0 516000
1695736454300 100.0 520000
1695736520632 100.0 524000
1695736587061 100.0 528000
1695736651694 100.0 532000
1695736716129 100.0 536000
1695736779477 100.0 540000
1695736842194 100.0 544000
1695736905392 100.0 548000
1695736968457 100.0 552000
1695737032156 100.0 556000
1695737094066 100.0 560000
1695737157975 100.0 564000
1695737219642 100.0 568000
1695737281957 100.0 572000
1695737344641 100.0 576000
1695737411971 100.0 580000
1695737478254 100.0 584000
1695737541922 100.0 588000
1695737604360 100.0 592000
1695737666444 100.0 596000
1695737728651 100.0 600000
1695737791577 100.0 604000
1695737853536 100.0 608000
1695737916223 100.0 612000
1695737978594 100.0 616000
1695738041237 100.0 620000
1695738103489 100.0 624000
1695738167326 100.0 628000
1695738229996 100.0 632000
1695738292553 100.0 636000
1695738355043 100.0 640000
1695738417903 100.0 644000
1695738479856 100.0 648000
1695738542446 100.0 652000
1695738605883 100.0 656000
1695738668154 100.0 660000
1695738731707 100.0 664000
1695738794176 100.0 668000
1695738858519 100.0 672000
1695738921259 100.0 676000
1695738984463 100.0 680000
1695739046719 100.0 684000
1695739110093 100.0 688000
1695739171966 100.0 692000
1695739235494 100.0 696000
1695739297742 100.0 700000
1695739360552 100.0 704000
1695739423237 100.0 708000
1695739488029 100.0 712000
1695739550682 100.0 716000
1695739613309 100.0 720000
1695739676013 100.0 724000
1695739737802 100.0 728000
1695739800485 100.0 732000
1695739862723 100.0 736000
1695739925865 100.0 740000
1695739987707 100.0 744000
1695740051610 100.0 748000
1695740114423 100.0 752000
1695740177643 100.0 756000
1695740240114 100.0 760000
1695740301980 100.0 764000
1695740363564 100.0 768000
1695740426053 100.0 772000
1695740488886 100.0 776000
1695740550722 100.0 780000
1695740613424 100.0 784000
1695740676048 100.0 788000
1695740739806 100.0 792000
1695740801711 100.0 796000
1695740864974 100.0 800000
1695740927181 100.0 804000
1695740989426 100.0 808000
1695741052759 100.0 812000
1695741116409 100.0 816000
1695741179144 100.0 820000
1695741242050 100.0 824000
1695741305158 100.0 828000
1695741368479 100.0 832000
1695741432717 100.0 836000
1695741500752 100.0 840000
1695741566792 100.0 844000
1695741631740 100.0 848000
1695741707382 100.0 852000
1695741770209 100.0 856000
1695741834285 100.0 860000
1695741896265 100.0 864000
1695741958432 100.0 868000
1695742020680 100.0 872000
1695742083828 100.0 876000
1695742146494 100.0 880000
1695742211612 100.0 884000
1695742275853 100.0 888000
1695742341594 100.0 892000
1695742413601 100.0 896000
1695742481926 100.0 900000
1695742548242 100.0 904000
1695742610709 100.0 908000
1695742672820 100.0 912000
1695742735106 100.0 916000
1695742798412 100.0 920000
1695742861510 100.0 924000
1695742924097 100.0 928000
1695742986333 100.0 932000
1695743049643 100.0 936000
1695743111920 100.0 940000
1695743175891 100.0 944000
1695743237854 100.0 948000
1695743299763 100.0 952000
1695743361957 100.0 956000
1695743425254 100.0 960000
1695743487733 100.0 964000
1695743552116 100.0 968000
1695743614270 100.0 972000
1695743677457 100.0 976000
1695743740503 100.0 980000
1695743804779 100.0 984000
1695743866956 100.0 988000
1695743930075 100.0 992000
1695743991707 100.0 996000
1695744055046 100.0 1000000
