1695731491937 60.0 244000
1695731555306 60.0 248000
1695731626946 60.0 252000
1695731693946 60.0 256000
1695731770387 60.0 260000
1695731847831 60.0 264000
1695731929266 60.0 268000
1695732007499 60.0 272000
1695732085561 60.0 276000
1695732161565 60.0 280000
1695732229796 60.0 284000
1695732296227 60.0 288000
1695732365338 60.0 292000
1695732431682 60.0 296000
1695732499253 60.0 300000
1695732565140 60.0 304000
1695732635412 60.0 308000
1695732703027 60.0 312000
1695732772349 60.0 316000
1695732841539 60.0 320000
1695732910200 60.0 324000
1695732988663 60.0 328000
1695733057729 60.0 332000
1695733127179 60.0 336000
1695733197160 60.0 340000
1695733266879 60.0 344000
1695733337694 60.0 348000
1695733406226 60.0 352000
1695733475061 60.0 356000
1695733547127 60.0 360000
1695733617693 60.0 364000
1695733686185 60.0 368000
1695733756166 60.0 372000
1695733824402 60.0 376000
1695733894906 60.0 380000
1695733964239 60.0 384000
1695734035242 60.0 388000
1695734104217 60.0 392000
1695734175646 60.0 396000
1695734244690 60.0 400000
1695734315714 60.0 404000
1695734384628 60.0 408000
1695734453406 60.0 412000
1695734520693 60.0 416000
1695734588401 60.0 420000
1695734658352 60.0 424000
1695734728018 60.0 428000
1695734796905 60.0 432000
1695734870254 60.0 436000
1695734945783 60.0 440000
1695735017097 60.0 444000
1695735086384 60.0 448000
1695735161708 60.0 452000
1695735231951 60.0 456000
1695735305895 60.0 460000
1695735382148 60.0 464000
1695735453148 60.0 468000
1695735524375 60.0 472000
1695735599154 60.0 476000
1695735678658 60.0 480000
1695735759779 60.0 484000
1695735842344 60.0 488000
1695735925771 60.0 492000
1695736013445 60.0 496000
1695736097292 60.0 500000
1695736173617 60.0 504000
1695736248879 60.0 508000
1695736320586 60.0 512000
1695736388163 60.0 516000
1695736454299 60.0 520000
1695736520632 60.0 524000
1695736587060 60.0 528000
1695736651694 60.0 532000
1695736716128 60.0 536000
1695736779476 60.0 540000
1695736842193 60.0 544000
1695736905391 60.0 548000
1695736968456 60.0 552000
1695737032155 60.0 556000
1695737094066 60.0 560000
1695737157974 60.0 564000
1695737219641 60.0 568000
1695737281956 60.0 572000
1695737344640 60.0 576000
1695737411971 60.0 580000
1695737478253 60.0 584000
1695737541921 60.0 588000
1695737604359 60.0 592000
1695737666443 60.0 596000
1695737728650 60.0 600000
1695737791576 60.0 604000
1695737853535 60.0 608000
1695737916223 60.0 612000
1695737978593 60.0 616000
1695738041236 60.0 620000
1695738103488 60.0 624000
1695738167325 60.0 628000
1695738229995 60.0 632000
1695738292552 60.0 636000
1695738355042 60.0 640000
1695738417903 60.0 644000
1695738479855 60.0 648000
1695738542445 60.0 652000
1695738605882 60.0 656000
1695738668153 60.0 660000
1695738731706 60.0 664000
1695738794176 60.0 668000
1695738858518 60.0 672000
1695738921258 60.0 676000
1695738984462 60.0 680000
1695739046718 60.0 684000
1695739110092 60.0 688000
1695739171965 60.0 692000
1695739235494 60.0 696000
1695739297742 60.0 700000
1695739360551 60.0 704000
1695739423236 60.0 708000
1695739488029 60.0 712000
1695739550682 60.0 716000
1695739613309 60.0 720000
1695739676012 60.0 724000
1695739737801 60.0 728000
1695739800484 60.0 732000
1695739862722 60.0 736000
1695739925864 60.0 740000
1695739987707 60.0 744000
1695740051609 60.0 748000
1695740114422 60.0 752000
1695740177642 60.0 756000
1695740240114 60.0 760000
1695740301979 60.0 764000
1695740363563 60.0 768000
1695740426053 60.0 772000
1695740488885 60.0 776000
1695740550722 60.0 780000
1695740613423 60.0 784000
1695740676047 60.0 788000
1695740739806 60.0 792000
1695740801710 60.0 796000
1695740864974 60.0 800000
1695740927180 60.0 804000
1695740989425 60.0 808000
1695741052759 60.0 812000
1695741116408 60.0 816000
1695741179143 60.0 820000
1695741242050 60.0 824000
1695741305157 60.0 828000
1695741368478 60.0 832000
1695741432716 60.0 836000
1695741500751 60.0 840000
1695741566791 60.0 844000
1695741631740 60.0 848000
1695741707381 60.0 852000
1695741770209 60.0 856000
1695741834284 60.0 860000
1695741896264 60.0 864000
1695741958431 60.0 868000
1695742020680 60.0 872000
1695742083827 60.0 876000
1695742146494 60.0 880000
1695742211611 60.0 884000
1695742275852 60.0 888000
1695742341593 60.0 892000
1695742413599 60.0 896000
1695742481925 60.0 900000
1695742548242 60.0 904000
1695742610709 60.0 908000
1695742672819 60.0 912000
1695742735105 60.0 916000
1695742798411 60.0 920000
1695742861510 60.0 924000
1695742924096 60.0 928000
1695742986333 60.0 932000
1695743049642 60.0 936000
1695743111919 60.0 940000
1695743175891 60.0 944000
1695743237854 60.0 948000
1695743299763 60.0 952000
1695743361956 60.0 956000
1695743425253 60.0 960000
1695743487732 60.0 964000
1695743552115 60.0 968000
1695743614269 60.0 972000
1695743677457 60.0 976000
1695743740502 60.0 980000
1695743804778 60.0 984000
1695743866956 60.0 988000
1695743930075 60.0 992000
1695743991706 60.0 996000
1695744055045 60.0 1000000
