1695731491938 0.0 244000
1695731555308 0.0 248000
1695731626948 0.0 252000
1695731693948 0.0 256000
1695731770389 0.0 260000
1695731847834 0.0 264000
1695731929268 0.0 268000
1695732007500 0.0 272000
1695732085563 0.0 276000
1695732161567 0.0 280000
1695732229798 0.0 284000
1695732296229 0.0 288000
1695732365340 0.0 292000
1695732431684 0.0 296000
1695732499254 0.0 300000
1695732565142 0.0 304000
1695732635413 0.0 308000
1695732703029 0.0 312000
1695732772351 0.0 316000
1695732841540 0.0 320000
1695732910201 0.0 324000
1695732988665 0.0 328000
1695733057731 0.0 332000
1695733127181 0.0 336000
1695733197161 0.0 340000
1695733266881 0.0 344000
1695733337695 0.0 348000
1695733406227 0.0 352000
1695733475063 0.0 356000
1695733547129 0.0 360000
1695733617695 0.0 364000
1695733686187 0.0 368000
1695733756168 0.0 372000
1695733824404 0.0 376000
1695733894908 0.0 380000
1695733964240 0.0 384000
1695734035244 0.0 388000
1695734104218 0.0 392000
1695734175647 0.0 396000
1695734244691 0.0 400000
1695734315715 0.0 404000
1695734384630 0.0 408000
1695734453407 0.0 412000
1695734520695 0.0 416000
1695734588402 0.0 420000
1695734658354 0.0 424000
1695734728020 0.0 428000
1695734796907 0.0 432000
1695734870257 0.0 436000
1695734945784 0.0 440000
1695735017099 0.0 444000
1695735086386 0.0 448000
1695735161709 0.0 452000
1695735231952 0.0 456000
1695735305897 0.0 460000
1695735382150 0.0 464000
1695735453149 0.0 468000
1695735524377 0.0 472000
1695735599155 0.0 476000
1695735678660 0.0 480000
1695735759780 0.0 484000
1695735842345 0.0 488000
1695735925773 0.0 492000
1695736013446 0.0 496000
1695736097294 0.0 500000
1695736173619 0.0 504000
1695736248881 0.0 508000
1695736320588 0.0 512000
1695736388165 0.0 516000
1695736454301 0.0 520000
1695736520633 0.0 524000
1695736587062 0.0 528000
1695736651695 0.0 532000
1695736716130 0.0 536000
1695736779477 0.0 540000
1695736842194 0.0 544000
1695736905393 0.0 548000
1695736968457 0.0 552000
1695737032156 0.0 556000
1695737094067 0.0 560000
1695737157976 0.0 564000
1695737219643 0.0 568000
1695737281957 0.0 572000
1695737344641 0.0 576000
1695737411972 0.0 580000
1695737478254 0.0 584000
1695737541922 0.0 588000
1695737604361 0.0 592000
1695737666445 0.0 596000
1695737728651 0.0 600000
1695737791578 0.0 604000
1695737853537 0.0 608000
1695737916224 0.0 612000
1695737978595 0.0 616000
1695738041237 0.0 620000
1695738103490 0.0 624000
1695738167326 0.0 628000
1695738229997 0.0 632000
1695738292554 0.0 636000
1695738355043 0.0 640000
1695738417904 0.0 644000
1695738479857 0.0 648000
1695738542446 0.0 652000
1695738605883 0.0 656000
1695738668155 0.0 660000
1695738731708 0.0 664000
1695738794177 0.0 668000
1695738858520 0.0 672000
1695738921260 0.0 676000
1695738984463 0.0 680000
1695739046720 0.0 684000
1695739110093 0.0 688000
1695739171967 0.0 692000
1695739235495 0.0 696000
1695739297743 0.0 700000
1695739360553 0.0 704000
1695739423238 0.0 708000
1695739488030 0.0 712000
1695739550683 0.0 716000
1695739613310 0.0 720000
1695739676014 0.0 724000
1695739737803 0.0 728000
1695739800486 0.0 732000
1695739862724 0.0 736000
1695739925865 0.0 740000
1695739987708 0.0 744000
1695740051611 0.0 748000
1695740114424 0.0 752000
1695740177644 0.0 756000
1695740240115 0.0 760000
1695740301980 0.0 764000
1695740363565 0.0 768000
1695740426054 0.0 772000
1695740488887 0.0 776000
1695740550723 0.0 780000
1695740613425 0.0 784000
1695740676048 0.0 788000
1695740739807 0.0 792000
1695740801712 0.0 796000
1695740864975 0.0 800000
1695740927182 0.0 804000
1695740989427 0.0 808000
1695741052760 0.0 812000
1695741116410 0.0 816000
1695741179145 0.0 820000
1695741242051 0.0 824000
1695741305158 0.0 828000
1695741368480 0.0 832000
1695741432718 0.0 836000
1695741500753 0.0 840000
1695741566793 0.0 844000
1695741631741 0.0 848000
1695741707383 0.0 852000
1695741770210 0.0 856000
1695741834286 0.0 860000
1695741896266 0.0 864000
1695741958432 0.0 868000
1695742020681 0.0 872000
1695742083828 0.0 876000
1695742146495 0.0 880000
1695742211613 0.0 884000
1695742275853 0.0 888000
1695742341595 0.0 892000
1695742413602 0.0 896000
1695742481927 0.0 900000
1695742548243 0.0 904000
1695742610710 0.0 908000
1695742672821 0.0 912000
1695742735107 0.0 916000
1695742798412 0.0 920000
1695742861511 0.0 924000
1695742924098 0.0 928000
1695742986334 0.0 932000
1695743049643 0.0 936000
1695743111921 0.0 940000
1695743175892 0.0 944000
1695743237855 0.0 948000
1695743299764 0.0 952000
1695743361958 0.0 956000
1695743425255 0.0 960000
1695743487733 0.0 964000
1695743552116 0.0 968000
1695743614271 0.0 972000
1695743677458 0.0 976000
1695743740504 0.0 980000
1695743804780 0.0 984000
1695743866957 0.0 988000
1695743930076 0.0 992000
1695743991707 0.0 996000
1695744055046 0.0 1000000
