1695731491939 0.0 244000
1695731555309 0.0 248000
1695731626949 0.0 252000
1695731693949 0.0 256000
1695731770390 0.0 260000
1695731847835 0.0 264000
1695731929268 0.0 268000
1695732007501 0.0 272000
1695732085564 0.0 276000
1695732161568 0.0 280000
1695732229798 0.0 284000
1695732296230 0.0 288000
1695732365341 0.0 292000
1695732431685 0.0 296000
1695732499255 0.0 300000
1695732565144 0.0 304000
1695732635414 0.0 308000
1695732703030 0.0 312000
1695732772352 0.0 316000
1695732841541 0.0 320000
1695732910202 0.0 324000
1695732988666 0.0 328000
1695733057731 0.0 332000
1695733127182 0.0 336000
1695733197162 0.0 340000
1695733266882 0.0 344000
1695733337696 0.0 348000
1695733406228 0.0 352000
1695733475063 0.0 356000
1695733547129 0.0 360000
1695733617696 0.0 364000
1695733686188 0.0 368000
1695733756169 0.0 372000
1695733824404 0.0 376000
1695733894909 0.0 380000
1695733964241 0.0 384000
1695734035245 0.0 388000
1695734104219 0.0 392000
1695734175648 0.0 396000
1695734244692 0.0 400000
1695734315716 0.0 404000
1695734384631 0.0 408000
1695734453408 0.0 412000
1695734520696 0.0 416000
1695734588403 0.0 420000
1695734658355 0.0 424000
1695734728020 0.0 428000
1695734796908 0.0 432000
1695734870258 0.0 436000
1695734945785 0.0 440000
1695735017100 0.0 444000
1695735086387 0.0 448000
1695735161710 0.0 452000
1695735231953 0.0 456000
1695735305898 0.0 460000
1695735382151 0.0 464000
1695735453150 0.0 468000
1695735524377 0.0 472000
1695735599156 0.0 476000
1695735678661 0.0 480000
1695735759781 0.0 484000
1695735842346 0.0 488000
1695735925774 0.0 492000
1695736013447 0.0 496000
1695736097294 0.0 500000
1695736173620 0.0 504000
1695736248882 0.0 508000
1695736320588 0.0 512000
1695736388165 0.0 516000
1695736454302 0.0 520000
1695736520634 0.0 524000
1695736587062 0.0 528000
1695736651696 0.0 532000
1695736716131 0.0 536000
1695736779478 0.0 540000
1695736842195 0.0 544000
1695736905394 0.0 548000
1695736968458 0.0 552000
1695737032157 0.0 556000
1695737094068 0.0 560000
1695737157976 0.0 564000
1695737219644 0.0 568000
1695737281958 0.0 572000
1695737344642 0.0 576000
1695737411973 0.0 580000
1695737478255 0.0 584000
1695737541923 0.0 588000
1695737604361 0.0 592000
1695737666446 0.0 596000
1695737728652 0.0 600000
1695737791579 0.0 604000
1695737853538 0.0 608000
1695737916225 0.0 612000
1695737978596 0.0 616000
1695738041238 0.0 620000
1695738103491 0.0 624000
1695738167327 0.0 628000
1695738229998 0.0 632000
1695738292554 0.0 636000
1695738355044 0.0 640000
1695738417905 0.0 644000
1695738479858 0.0 648000
1695738542447 0.0 652000
1695738605884 0.0 656000
1695738668156 0.0 660000
1695738731708 0.0 664000
1695738794178 0.0 668000
1695738858520 0.0 672000
1695738921261 0.0 676000
1695738984464 0.0 680000
1695739046720 0.0 684000
1695739110094 0.0 688000
1695739171967 0.0 692000
1695739235496 0.0 696000
1695739297744 0.0 700000
1695739360554 0.0 704000
1695739423239 0.0 708000
1695739488031 0.0 712000
1695739550684 0.0 716000
1695739613311 0.0 720000
1695739676014 0.0 724000
1695739737804 0.0 728000
1695739800487 0.0 732000
1695739862725 0.0 736000
1695739925866 0.0 740000
1695739987709 0.0 744000
1695740051611 0.0 748000
1695740114425 0.0 752000
1695740177644 0.0 756000
1695740240116 0.0 760000
1695740301981 0.0 764000
1695740363565 0.0 768000
1695740426055 0.0 772000
1695740488888 0.0 776000
1695740550724 0.0 780000
1695740613426 0.0 784000
1695740676049 0.0 788000
1695740739808 0.0 792000
1695740801712 0.0 796000
1695740864976 0.0 800000
1695740927182 0.0 804000
1695740989428 0.0 808000
1695741052761 0.0 812000
1695741116411 0.0 816000
1695741179145 0.0 820000
1695741242052 0.0 824000
1695741305159 0.0 828000
1695741368481 0.0 832000
1695741432719 0.0 836000
1695741500753 0.0 840000
1695741566793 0.0 844000
1695741631742 0.0 848000
1695741707383 0.0 852000
1695741770211 0.0 856000
1695741834286 0.0 860000
1695741896268 0.0 864000
1695741958433 0.0 868000
1695742020682 0.0 872000
1695742083829 0.0 876000
1695742146496 0.0 880000
1695742211614 0.0 884000
1695742275854 0.0 888000
1695742341596 0.0 892000
1695742413604 0.0 896000
1695742481928 0.0 900000
1695742548244 0.0 904000
1695742610711 0.0 908000
1695742672821 0.0 912000
1695742735108 0.0 916000
1695742798413 0.0 920000
1695742861512 0.0 924000
1695742924098 0.0 928000
1695742986335 0.0 932000
1695743049644 0.0 936000
1695743111921 0.0 940000
1695743175893 0.0 944000
1695743237856 0.0 948000
1695743299765 0.0 952000
1695743361959 0.0 956000
1695743425255 0.0 960000
1695743487734 0.0 964000
1695743552117 0.0 968000
1695743614271 0.0 972000
1695743677459 0.0 976000
1695743740504 0.0 980000
1695743804780 0.0 984000
1695743866958 0.0 988000
1695743930077 0.0 992000
1695743991708 0.0 996000
1695744055047 0.0 1000000
