1695731491958 -1.0 244000
1695731555330 -1.0 248000
1695731626966 -1.0 252000
1695731693968 -1.0 256000
1695731770411 -1.0 260000
1695731847856 -1.0 264000
1695731929290 -1.0 268000
1695732007522 -1.0 272000
1695732085585 -1.0 276000
1695732161585 -1.0 280000
1695732229817 -1.0 284000
1695732296250 -1.0 288000
1695732365360 -1.0 292000
1695732431701 -1.0 296000
1695732499273 -1.0 300000
1695732565166 -1.0 304000
1695732635435 -1.0 308000
1695732703050 -1.0 312000
1695732772371 -1.0 316000
1695732841560 -1.0 320000
1695732910219 -1.0 324000
1695732988684 -1.0 328000
1695733057752 -1.0 332000
1695733127200 -1.0 336000
1695733197181 -1.0 340000
1695733266902 -1.0 344000
1695733337724 -1.0 348000
1695733406246 -1.0 352000
1695733475083 -1.0 356000
1695733547149 -1.0 360000
1695733617715 -1.0 364000
1695733686208 -1.0 368000
1695733756187 -1.0 372000
1695733824422 -1.0 376000
1695733894928 -1.0 380000
1695733964257 -1.0 384000
1695734035266 -1.0 388000
1695734104237 -1.0 392000
1695734175666 -1.0 396000
1695734244710 -1.0 400000
1695734315735 -1.0 404000
1695734384650 -1.0 408000
1695734453426 -1.0 412000
1695734520716 -1.0 416000
1695734588422 -1.0 420000
1695734658373 -1.0 424000
1695734728040 -1.0 428000
1695734796925 -1.0 432000
1695734870287 -1.0 436000
1695734945805 -1.0 440000
1695735017120 -1.0 444000
1695735086405 -1.0 448000
1695735161729 -1.0 452000
1695735231971 -1.0 456000
1695735305919 -1.0 460000
1695735382172 -1.0 464000
1695735453170 -1.0 468000
1695735524395 -1.0 472000
1695735599176 -1.0 476000
1695735678681 -1.0 480000
1695735759801 -1.0 484000
1695735842368 -1.0 488000
1695735925799 -1.0 492000
1695736013469 -1.0 496000
1695736097319 -1.0 500000
1695736173641 -1.0 504000
1695736248907 -1.0 508000
1695736320613 -1.0 512000
1695736388182 -1.0 516000
1695736454320 -1.0 520000
1695736520651 -1.0 524000
1695736587079 -1.0 528000
1695736651715 -1.0 532000
1695736716148 -1.0 536000
1695736779494 -1.0 540000
1695736842213 -1.0 544000
1695736905412 -1.0 548000
1695736968474 -1.0 552000
1695737032175 -1.0 556000
1695737094085 -1.0 560000
1695737157993 -1.0 564000
1695737219662 -1.0 568000
1695737281976 -1.0 572000
1695737344659 -1.0 576000
1695737411992 -1.0 580000
1695737478273 -1.0 584000
1695737541940 -1.0 588000
1695737604380 -1.0 592000
1695737666465 -1.0 596000
1695737728669 -1.0 600000
1695737791596 -1.0 604000
1695737853555 -1.0 608000
1695737916241 -1.0 612000
1695737978614 -1.0 616000
1695738041254 -1.0 620000
1695738103511 -1.0 624000
1695738167343 -1.0 628000
1695738230016 -1.0 632000
1695738292571 -1.0 636000
1695738355061 -1.0 640000
1695738417921 -1.0 644000
1695738479876 -1.0 648000
1695738542464 -1.0 652000
1695738605901 -1.0 656000
1695738668174 -1.0 660000
1695738731726 -1.0 664000
1695738794194 -1.0 668000
1695738858537 -1.0 672000
1695738921280 -1.0 676000
1695738984484 -1.0 680000
1695739046736 -1.0 684000
1695739110110 -1.0 688000
1695739171985 -1.0 692000
1695739235512 -1.0 696000
1695739297760 -1.0 700000
1695739360572 -1.0 704000
1695739423257 -1.0 708000
1695739488049 -1.0 712000
1695739550701 -1.0 716000
1695739613329 -1.0 720000
1695739676031 -1.0 724000
1695739737821 -1.0 728000
1695739800505 -1.0 732000
1695739862743 -1.0 736000
1695739925884 -1.0 740000
1695739987727 -1.0 744000
1695740051629 -1.0 748000
1695740114444 -1.0 752000
1695740177661 -1.0 756000
1695740240132 -1.0 760000
1695740301998 -1.0 764000
1695740363584 -1.0 768000
1695740426071 -1.0 772000
1695740488906 -1.0 776000
1695740550741 -1.0 780000
1695740613443 -1.0 784000
1695740676067 -1.0 788000
1695740739824 -1.0 792000
1695740801729 -1.0 796000
1695740864992 -1.0 800000
1695740927203 -1.0 804000
1695740989444 -1.0 808000
1695741052780 -1.0 812000
1695741116428 -1.0 816000
1695741179162 -1.0 820000
1695741242070 -1.0 824000
1695741305176 -1.0 828000
1695741368498 -1.0 832000
1695741432737 -1.0 836000
1695741500771 -1.0 840000
1695741566812 -1.0 844000
1695741631761 -1.0 848000
1695741707402 -1.0 852000
1695741770227 -1.0 856000
1695741834303 -1.0 860000
1695741896290 -1.0 864000
1695741958451 -1.0 868000
1695742020700 -1.0 872000
1695742083846 -1.0 876000
1695742146514 -1.0 880000
1695742211631 -1.0 884000
1695742275871 -1.0 888000
1695742341614 -1.0 892000
1695742413629 -1.0 896000
1695742481946 -1.0 900000
1695742548260 -1.0 904000
1695742610727 -1.0 908000
1695742672838 -1.0 912000
1695742735126 -1.0 916000
1695742798432 -1.0 920000
1695742861529 -1.0 924000
1695742924118 -1.0 928000
1695742986351 -1.0 932000
1695743049661 -1.0 936000
1695743111940 -1.0 940000
1695743175910 -1.0 944000
1695743237872 -1.0 948000
1695743299783 -1.0 952000
1695743361976 -1.0 956000
1695743425273 -1.0 960000
1695743487751 -1.0 964000
1695743552135 -1.0 968000
1695743614288 -1.0 972000
1695743677474 -1.0 976000
1695743740522 -1.0 980000
1695743804797 -1.0 984000
1695743866976 -1.0 988000
1695743930093 -1.0 992000
1695743991726 -1.0 996000
1695744055063 -1.0 1000000
