1695731491902 1.0 244000
1695731555274 1.0 248000
1695731626918 1.0 252000
1695731693916 1.0 256000
1695731770354 1.0 260000
1695731847790 1.0 264000
1695731929230 1.0 268000
1695732007465 1.0 272000
1695732085527 1.0 276000
1695732161538 1.0 280000
1695732229768 1.0 284000
1695732296196 1.0 288000
1695732365308 1.0 292000
1695732431654 1.0 296000
1695732499225 1.0 300000
1695732565110 1.0 304000
1695732635378 1.0 308000
1695732702996 1.0 312000
1695732772319 1.0 316000
1695732841511 1.0 320000
1695732910172 1.0 324000
1695732988636 1.0 328000
1695733057697 1.0 332000
1695733127151 1.0 336000
1695733197131 1.0 340000
1695733266848 1.0 344000
1695733337658 1.0 348000
1695733406197 1.0 352000
1695733475030 1.0 356000
1695733547095 1.0 360000
1695733617664 1.0 364000
1695733686154 1.0 368000
1695733756138 1.0 372000
1695733824374 1.0 376000
1695733894878 1.0 380000
1695733964210 1.0 384000
1695734035211 1.0 388000
1695734104188 1.0 392000
1695734175617 1.0 396000
1695734244661 1.0 400000
1695734315685 1.0 404000
1695734384597 1.0 408000
1695734453378 1.0 412000
1695734520664 1.0 416000
1695734588371 1.0 420000
1695734658323 1.0 424000
1695734727989 1.0 428000
1695734796878 1.0 432000
1695734870219 1.0 436000
1695734945752 1.0 440000
1695735017064 1.0 444000
1695735086356 1.0 448000
1695735161679 1.0 452000
1695735231922 1.0 456000
1695735305863 1.0 460000
1695735382112 1.0 464000
1695735453118 1.0 468000
1695735524347 1.0 472000
1695735599123 1.0 476000
1695735678624 1.0 480000
1695735759746 1.0 484000
1695735842311 1.0 488000
1695735925737 1.0 492000
1695736013412 1.0 496000
1695736097259 1.0 500000
1695736173585 1.0 504000
1695736248837 1.0 508000
1695736320553 1.0 512000
1695736388136 1.0 516000
1695736454273 1.0 520000
1695736520604 1.0 524000
1695736587033 1.0 528000
1695736651664 1.0 532000
1695736716100 1.0 536000
1695736779451 1.0 540000
1695736842165 1.0 544000
1695736905362 1.0 548000
1695736968430 1.0 552000
1695737032128 1.0 556000
1695737094041 1.0 560000
1695737157948 1.0 564000
1695737219615 1.0 568000
1695737281929 1.0 572000
1695737344611 1.0 576000
1695737411941 1.0 580000
1695737478226 1.0 584000
1695737541894 1.0 588000
1695737604332 1.0 592000
1695737666414 1.0 596000
1695737728625 1.0 600000
1695737791549 1.0 604000
1695737853509 1.0 608000
1695737916197 1.0 612000
1695737978566 1.0 616000
1695738041210 1.0 620000
1695738103460 1.0 624000
1695738167299 1.0 628000
1695738229969 1.0 632000
1695738292526 1.0 636000
1695738355014 1.0 640000
1695738417877 1.0 644000
1695738479829 1.0 648000
1695738542418 1.0 652000
1695738605854 1.0 656000
1695738668127 1.0 660000
1695738731679 1.0 664000
1695738794147 1.0 668000
1695738858491 1.0 672000
1695738921229 1.0 676000
1695738984430 1.0 680000
1695739046692 1.0 684000
1695739110066 1.0 688000
1695739171939 1.0 692000
1695739235468 1.0 696000
1695739297716 1.0 700000
1695739360525 1.0 704000
1695739423209 1.0 708000
1695739488002 1.0 712000
1695739550656 1.0 716000
1695739613282 1.0 720000
1695739675984 1.0 724000
1695739737774 1.0 728000
1695739800458 1.0 732000
1695739862693 1.0 736000
1695739925837 1.0 740000
1695739987680 1.0 744000
1695740051582 1.0 748000
1695740114394 1.0 752000
1695740177616 1.0 756000
1695740240088 1.0 760000
1695740301954 1.0 764000
1695740363536 1.0 768000
1695740426027 1.0 772000
1695740488856 1.0 776000
1695740550695 1.0 780000
1695740613397 1.0 784000
1695740676022 1.0 788000
1695740739779 1.0 792000
1695740801685 1.0 796000
1695740864948 1.0 800000
1695740927152 1.0 804000
1695740989400 1.0 808000
1695741052730 1.0 812000
1695741116381 1.0 816000
1695741179114 1.0 820000
1695741242023 1.0 824000
1695741305128 1.0 828000
1695741368453 1.0 832000
1695741432690 1.0 836000
1695741500722 1.0 840000
1695741566763 1.0 844000
1695741631712 1.0 848000
1695741707344 1.0 852000
1695741770182 1.0 856000
1695741834256 1.0 860000
1695741896230 1.0 864000
1695741958406 1.0 868000
1695742020652 1.0 872000
1695742083798 1.0 876000
1695742146466 1.0 880000
1695742211584 1.0 884000
1695742275825 1.0 888000
1695742341566 1.0 892000
1695742413559 1.0 896000
1695742481896 1.0 900000
1695742548215 1.0 904000
1695742610683 1.0 908000
1695742672793 1.0 912000
1695742735078 1.0 916000
1695742798383 1.0 920000
1695742861482 1.0 924000
1695742924065 1.0 928000
1695742986307 1.0 932000
1695743049613 1.0 936000
1695743111893 1.0 940000
1695743175864 1.0 944000
1695743237827 1.0 948000
1695743299735 1.0 952000
1695743361928 1.0 956000
1695743425227 1.0 960000
1695743487706 1.0 964000
1695743552089 1.0 968000
1695743614242 1.0 972000
1695743677432 1.0 976000
1695743740476 1.0 980000
1695743804752 1.0 984000
1695743866927 1.0 988000
1695743930049 1.0 992000
1695743991679 1.0 996000
1695744055019 1.0 1000000
