1695731491895 0.0 244000
1695731555268 0.0 248000
1695731626913 0.0 252000
1695731693911 0.0 256000
1695731770348 0.0 260000
1695731847779 0.0 264000
1695731929223 0.0 268000
1695732007459 0.0 272000
1695732085521 0.0 276000
1695732161533 0.0 280000
1695732229762 0.0 284000
1695732296191 0.0 288000
1695732365302 0.0 292000
1695732431649 0.0 296000
1695732499219 0.0 300000
1695732565105 0.0 304000
1695732635372 0.0 308000
1695732702990 0.0 312000
1695732772313 0.0 316000
1695732841505 0.0 320000
1695732910167 0.0 324000
1695732988630 0.0 328000
1695733057691 0.0 332000
1695733127145 0.0 336000
1695733197125 0.0 340000
1695733266842 0.0 344000
1695733337650 0.0 348000
1695733406192 0.0 352000
1695733475025 0.0 356000
1695733547089 0.0 360000
1695733617659 0.0 364000
1695733686148 0.0 368000
1695733756132 0.0 372000
1695733824369 0.0 376000
1695733894872 0.0 380000
1695733964205 0.0 384000
1695734035204 0.0 388000
1695734104182 0.0 392000
1695734175611 0.0 396000
1695734244655 0.0 400000
1695734315679 0.0 404000
1695734384591 0.0 408000
1695734453372 0.0 412000
1695734520659 0.0 416000
1695734588366 0.0 420000
1695734658317 0.0 424000
1695734727983 0.0 428000
1695734796873 0.0 432000
1695734870212 0.0 436000
1695734945746 0.0 440000
1695735017058 0.0 444000
1695735086350 0.0 448000
1695735161673 0.0 452000
1695735231916 0.0 456000
1695735305856 0.0 460000
1695735382105 0.0 464000
1695735453113 0.0 468000
1695735524342 0.0 472000
1695735599117 0.0 476000
1695735678618 0.0 480000
1695735759740 0.0 484000
1695735842305 0.0 488000
1695735925731 0.0 492000
1695736013406 0.0 496000
1695736097253 0.0 500000
1695736173579 0.0 504000
1695736248829 0.0 508000
1695736320546 0.0 512000
1695736388131 0.0 516000
1695736454268 0.0 520000
1695736520599 0.0 524000
1695736587028 0.0 528000
1695736651658 0.0 532000
1695736716095 0.0 536000
1695736779446 0.0 540000
1695736842160 0.0 544000
1695736905357 0.0 548000
1695736968426 0.0 552000
1695737032123 0.0 556000
1695737094036 0.0 560000
1695737157943 0.0 564000
1695737219609 0.0 568000
1695737281924 0.0 572000
1695737344605 0.0 576000
1695737411935 0.0 580000
1695737478221 0.0 584000
1695737541889 0.0 588000
1695737604327 0.0 592000
1695737666408 0.0 596000
1695737728620 0.0 600000
1695737791544 0.0 604000
1695737853505 0.0 608000
1695737916192 0.0 612000
1695737978561 0.0 616000
1695738041205 0.0 620000
1695738103455 0.0 624000
1695738167294 0.0 628000
1695738229963 0.0 632000
1695738292521 0.0 636000
1695738355009 0.0 640000
1695738417872 0.0 644000
1695738479824 0.0 648000
1695738542412 0.0 652000
1695738605849 0.0 656000
1695738668122 0.0 660000
1695738731674 0.0 664000
1695738794142 0.0 668000
1695738858486 0.0 672000
1695738921224 0.0 676000
1695738984423 0.0 680000
1695739046687 0.0 684000
1695739110061 0.0 688000
1695739171935 0.0 692000
1695739235463 0.0 696000
1695739297711 0.0 700000
1695739360519 0.0 704000
1695739423203 0.0 708000
1695739487997 0.0 712000
1695739550651 0.0 716000
1695739613277 0.0 720000
1695739675979 0.0 724000
1695739737768 0.0 728000
1695739800453 0.0 732000
1695739862687 0.0 736000
1695739925832 0.0 740000
1695739987675 0.0 744000
1695740051576 0.0 748000
1695740114388 0.0 752000
1695740177611 0.0 756000
1695740240083 0.0 760000
1695740301949 0.0 764000
1695740363531 0.0 768000
1695740426022 0.0 772000
1695740488851 0.0 776000
1695740550690 0.0 780000
1695740613392 0.0 784000
1695740676017 0.0 788000
1695740739774 0.0 792000
1695740801680 0.0 796000
1695740864943 0.0 800000
1695740927146 0.0 804000
1695740989395 0.0 808000
1695741052725 0.0 812000
1695741116376 0.0 816000
1695741179109 0.0 820000
1695741242018 0.0 824000
1695741305122 0.0 828000
1695741368448 0.0 832000
1695741432685 0.0 836000
1695741500716 0.0 840000
1695741566758 0.0 844000
1695741631706 0.0 848000
1695741707339 0.0 852000
1695741770177 0.0 856000
1695741834250 0.0 860000
1695741896223 0.0 864000
1695741958401 0.0 868000
1695742020646 0.0 872000
1695742083793 0.0 876000
1695742146461 0.0 880000
1695742211578 0.0 884000
1695742275820 0.0 888000
1695742341561 0.0 892000
1695742413553 0.0 896000
1695742481890 0.0 900000
1695742548210 0.0 904000
1695742610677 0.0 908000
1695742672788 0.0 912000
1695742735073 0.0 916000
1695742798377 0.0 920000
1695742861477 0.0 924000
1695742924060 0.0 928000
1695742986302 0.0 932000
1695743049608 0.0 936000
1695743111888 0.0 940000
1695743175858 0.0 944000
1695743237822 0.0 948000
1695743299729 0.0 952000
1695743361923 0.0 956000
1695743425222 0.0 960000
1695743487701 0.0 964000
1695743552084 0.0 968000
1695743614237 0.0 972000
1695743677427 0.0 976000
1695743740470 0.0 980000
1695743804747 0.0 984000
1695743866922 0.0 988000
1695743930044 0.0 992000
1695743991673 0.0 996000
1695744055013 0.0 1000000
