1695731491897 1.0 244000
1695731555269 1.0 248000
1695731626914 1.0 252000
1695731693912 1.0 256000
1695731770350 1.0 260000
1695731847782 1.0 264000
1695731929225 1.0 268000
1695732007461 1.0 272000
1695732085523 1.0 276000
1695732161534 1.0 280000
1695732229764 1.0 284000
1695732296192 1.0 288000
1695732365304 1.0 292000
1695732431650 1.0 296000
1695732499221 1.0 300000
1695732565106 1.0 304000
1695732635374 1.0 308000
1695732702992 1.0 312000
1695732772315 1.0 316000
1695732841507 1.0 320000
1695732910168 1.0 324000
1695732988632 1.0 328000
1695733057693 1.0 332000
1695733127147 1.0 336000
1695733197127 1.0 340000
1695733266843 1.0 344000
1695733337652 1.0 348000
1695733406193 1.0 352000
1695733475026 1.0 356000
1695733547091 1.0 360000
1695733617660 1.0 364000
1695733686149 1.0 368000
1695733756134 1.0 372000
1695733824371 1.0 376000
1695733894873 1.0 380000
1695733964207 1.0 384000
1695734035206 1.0 388000
1695734104184 1.0 392000
1695734175612 1.0 396000
1695734244656 1.0 400000
1695734315681 1.0 404000
1695734384593 1.0 408000
1695734453374 1.0 412000
1695734520660 1.0 416000
1695734588367 1.0 420000
1695734658319 1.0 424000
1695734727985 1.0 428000
1695734796874 1.0 432000
1695734870214 1.0 436000
1695734945748 1.0 440000
1695735017059 1.0 444000
1695735086352 1.0 448000
1695735161675 1.0 452000
1695735231918 1.0 456000
1695735305858 1.0 460000
1695735382107 1.0 464000
1695735453114 1.0 468000
1695735524343 1.0 472000
1695735599119 1.0 476000
1695735678620 1.0 480000
1695735759741 1.0 484000
1695735842306 1.0 488000
1695735925732 1.0 492000
1695736013408 1.0 496000
1695736097254 1.0 500000
1695736173581 1.0 504000
1695736248832 1.0 508000
1695736320548 1.0 512000
1695736388133 1.0 516000
1695736454269 1.0 520000
1695736520600 1.0 524000
1695736587029 1.0 528000
1695736651660 1.0 532000
1695736716096 1.0 536000
1695736779447 1.0 540000
1695736842162 1.0 544000
1695736905358 1.0 548000
1695736968427 1.0 552000
1695737032124 1.0 556000
1695737094037 1.0 560000
1695737157945 1.0 564000
1695737219611 1.0 568000
1695737281926 1.0 572000
1695737344607 1.0 576000
1695737411937 1.0 580000
1695737478222 1.0 584000
1695737541891 1.0 588000
1695737604329 1.0 592000
1695737666410 1.0 596000
1695737728621 1.0 600000
1695737791546 1.0 604000
1695737853506 1.0 608000
1695737916194 1.0 612000
1695737978562 1.0 616000
1695738041207 1.0 620000
1695738103456 1.0 624000
1695738167295 1.0 628000
1695738229964 1.0 632000
1695738292523 1.0 636000
1695738355010 1.0 640000
1695738417873 1.0 644000
1695738479825 1.0 648000
1695738542414 1.0 652000
1695738605850 1.0 656000
1695738668124 1.0 660000
1695738731676 1.0 664000
1695738794143 1.0 668000
1695738858488 1.0 672000
1695738921225 1.0 676000
1695738984425 1.0 680000
1695739046689 1.0 684000
1695739110063 1.0 688000
1695739171936 1.0 692000
1695739235464 1.0 696000
1695739297712 1.0 700000
1695739360521 1.0 704000
1695739423205 1.0 708000
1695739487998 1.0 712000
1695739550652 1.0 716000
1695739613278 1.0 720000
1695739675980 1.0 724000
1695739737770 1.0 728000
1695739800454 1.0 732000
1695739862689 1.0 736000
1695739925833 1.0 740000
1695739987676 1.0 744000
1695740051577 1.0 748000
1695740114390 1.0 752000
1695740177613 1.0 756000
1695740240085 1.0 760000
1695740301950 1.0 764000
1695740363532 1.0 768000
1695740426023 1.0 772000
1695740488853 1.0 776000
1695740550692 1.0 780000
1695740613393 1.0 784000
1695740676018 1.0 788000
1695740739776 1.0 792000
1695740801681 1.0 796000
1695740864944 1.0 800000
1695740927148 1.0 804000
1695740989396 1.0 808000
1695741052727 1.0 812000
1695741116377 1.0 816000
1695741179111 1.0 820000
1695741242019 1.0 824000
1695741305124 1.0 828000
1695741368449 1.0 832000
1695741432686 1.0 836000
1695741500718 1.0 840000
1695741566760 1.0 844000
1695741631708 1.0 848000
1695741707340 1.0 852000
1695741770178 1.0 856000
1695741834252 1.0 860000
1695741896226 1.0 864000
1695741958403 1.0 868000
1695742020647 1.0 872000
1695742083794 1.0 876000
1695742146462 1.0 880000
1695742211580 1.0 884000
1695742275821 1.0 888000
1695742341562 1.0 892000
1695742413555 1.0 896000
1695742481892 1.0 900000
1695742548212 1.0 904000
1695742610679 1.0 908000
1695742672790 1.0 912000
1695742735075 1.0 916000
1695742798379 1.0 920000
1695742861478 1.0 924000
1695742924061 1.0 928000
1695742986303 1.0 932000
1695743049610 1.0 936000
1695743111889 1.0 940000
1695743175860 1.0 944000
1695743237823 1.0 948000
1695743299731 1.0 952000
1695743361925 1.0 956000
1695743425224 1.0 960000
1695743487702 1.0 964000
1695743552086 1.0 968000
1695743614238 1.0 972000
1695743677428 1.0 976000
1695743740472 1.0 980000
1695743804748 1.0 984000
1695743866923 1.0 988000
1695743930045 1.0 992000
1695743991675 1.0 996000
1695744055015 1.0 1000000
