1695731491949 100.0 244000
1695731555319 100.0 248000
1695731626957 100.0 252000
1695731693958 100.0 256000
1695731770400 100.0 260000
1695731847845 100.0 264000
1695731929279 100.0 268000
1695732007511 100.0 272000
1695732085574 100.0 276000
1695732161576 100.0 280000
1695732229807 100.0 284000
1695732296240 100.0 288000
1695732365350 100.0 292000
1695732431692 100.0 296000
1695732499264 100.0 300000
1695732565156 100.0 304000
1695732635424 100.0 308000
1695732703040 100.0 312000
1695732772361 100.0 316000
1695732841550 100.0 320000
1695732910210 100.0 324000
1695732988674 100.0 328000
1695733057741 100.0 332000
1695733127191 100.0 336000
1695733197171 100.0 340000
1695733266892 100.0 344000
1695733337708 100.0 348000
1695733406237 100.0 352000
1695733475072 100.0 356000
1695733547139 100.0 360000
1695733617705 100.0 364000
1695733686197 100.0 368000
1695733756177 100.0 372000
1695733824413 100.0 376000
1695733894918 100.0 380000
1695733964249 100.0 384000
1695734035255 100.0 388000
1695734104228 100.0 392000
1695734175657 100.0 396000
1695734244701 100.0 400000
1695734315725 100.0 404000
1695734384639 100.0 408000
1695734453417 100.0 412000
1695734520705 100.0 416000
1695734588412 100.0 420000
1695734658364 100.0 424000
1695734728029 100.0 428000
1695734796916 100.0 432000
1695734870274 100.0 436000
1695734945795 100.0 440000
1695735017110 100.0 444000
1695735086396 100.0 448000
1695735161719 100.0 452000
1695735231962 100.0 456000
1695735305908 100.0 460000
1695735382161 100.0 464000
1695735453160 100.0 468000
1695735524386 100.0 472000
1695735599165 100.0 476000
1695735678670 100.0 480000
1695735759791 100.0 484000
1695735842357 100.0 488000
1695735925787 100.0 492000
1695736013457 100.0 496000
1695736097307 100.0 500000
1695736173629 100.0 504000
1695736248894 100.0 508000
1695736320598 100.0 512000
1695736388173 100.0 516000
1695736454310 100.0 520000
1695736520642 100.0 524000
1695736587070 100.0 528000
1695736651705 100.0 532000
1695736716139 100.0 536000
1695736779486 100.0 540000
1695736842203 100.0 544000
1695736905403 100.0 548000
1695736968466 100.0 552000
1695737032165 100.0 556000
1695737094076 100.0 560000
1695737157985 100.0 564000
1695737219652 100.0 568000
1695737281967 100.0 572000
1695737344651 100.0 576000
1695737411982 100.0 580000
1695737478264 100.0 584000
1695737541931 100.0 588000
1695737604370 100.0 592000
1695737666455 100.0 596000
1695737728660 100.0 600000
1695737791587 100.0 604000
1695737853546 100.0 608000
1695737916233 100.0 612000
1695737978605 100.0 616000
1695738041246 100.0 620000
1695738103500 100.0 624000
1695738167335 100.0 628000
1695738230006 100.0 632000
1695738292562 100.0 636000
1695738355052 100.0 640000
1695738417913 100.0 644000
1695738479866 100.0 648000
1695738542455 100.0 652000
1695738605893 100.0 656000
1695738668164 100.0 660000
1695738731717 100.0 664000
1695738794186 100.0 668000
1695738858528 100.0 672000
1695738921270 100.0 676000
1695738984474 100.0 680000
1695739046728 100.0 684000
1695739110102 100.0 688000
1695739171976 100.0 692000
1695739235504 100.0 696000
1695739297751 100.0 700000
1695739360563 100.0 704000
1695739423248 100.0 708000
1695739488039 100.0 712000
1695739550692 100.0 716000
1695739613319 100.0 720000
1695739676022 100.0 724000
1695739737812 100.0 728000
1695739800495 100.0 732000
1695739862734 100.0 736000
1695739925875 100.0 740000
1695739987717 100.0 744000
1695740051620 100.0 748000
1695740114433 100.0 752000
1695740177652 100.0 756000
1695740240124 100.0 760000
1695740301990 100.0 764000
1695740363574 100.0 768000
1695740426062 100.0 772000
1695740488897 100.0 776000
1695740550732 100.0 780000
1695740613434 100.0 784000
1695740676057 100.0 788000
1695740739815 100.0 792000
1695740801721 100.0 796000
1695740864984 100.0 800000
1695740927192 100.0 804000
1695740989436 100.0 808000
1695741052770 100.0 812000
1695741116419 100.0 816000
1695741179153 100.0 820000
1695741242060 100.0 824000
1695741305167 100.0 828000
1695741368489 100.0 832000
1695741432727 100.0 836000
1695741500762 100.0 840000
1695741566802 100.0 844000
1695741631751 100.0 848000
1695741707392 100.0 852000
1695741770219 100.0 856000
1695741834294 100.0 860000
1695741896278 100.0 864000
1695741958442 100.0 868000
1695742020691 100.0 872000
1695742083838 100.0 876000
1695742146505 100.0 880000
1695742211622 100.0 884000
1695742275862 100.0 888000
1695742341605 100.0 892000
1695742413617 100.0 896000
1695742481936 100.0 900000
1695742548252 100.0 904000
1695742610719 100.0 908000
1695742672829 100.0 912000
1695742735116 100.0 916000
1695742798422 100.0 920000
1695742861520 100.0 924000
1695742924108 100.0 928000
1695742986343 100.0 932000
1695743049652 100.0 936000
1695743111930 100.0 940000
1695743175901 100.0 944000
1695743237864 100.0 948000
1695743299773 100.0 952000
1695743361967 100.0 956000
1695743425264 100.0 960000
1695743487742 100.0 964000
1695743552126 100.0 968000
1695743614279 100.0 972000
1695743677466 100.0 976000
1695743740512 100.0 980000
1695743804788 100.0 984000
1695743866967 100.0 988000
1695743930085 100.0 992000
1695743991717 100.0 996000
1695744055054 100.0 1000000
