1695731491963 30.0 244000
1695731555334 30.0 248000
1695731626970 30.0 252000
1695731693972 30.0 256000
1695731770416 30.0 260000
1695731847861 30.0 264000
1695731929295 30.0 268000
1695732007527 30.0 272000
1695732085600 30.0 276000
1695732161589 30.0 280000
1695732229821 30.0 284000
1695732296255 30.0 288000
1695732365365 30.0 292000
1695732431704 30.0 296000
1695732499277 30.0 300000
1695732565170 30.0 304000
1695732635439 30.0 308000
1695732703054 30.0 312000
1695732772375 30.0 316000
1695732841564 30.0 320000
1695732910223 30.0 324000
1695732988688 30.0 328000
1695733057756 30.0 332000
1695733127204 30.0 336000
1695733197185 30.0 340000
1695733266906 30.0 344000
1695733337728 30.0 348000
1695733406250 30.0 352000
1695733475087 30.0 356000
1695733547154 30.0 360000
1695733617720 30.0 364000
1695733686212 30.0 368000
1695733756191 30.0 372000
1695733824426 30.0 376000
1695733894932 30.0 380000
1695733964261 30.0 384000
1695734035270 30.0 388000
1695734104241 30.0 392000
1695734175670 30.0 396000
1695734244714 30.0 400000
1695734315739 30.0 404000
1695734384654 30.0 408000
1695734453430 30.0 412000
1695734520720 30.0 416000
1695734588426 30.0 420000
1695734658377 30.0 424000
1695734728044 30.0 428000
1695734796929 30.0 432000
1695734870292 30.0 436000
1695734945809 30.0 440000
1695735017125 30.0 444000
1695735086409 30.0 448000
1695735161733 30.0 452000
1695735231975 30.0 456000
1695735305923 30.0 460000
1695735382177 30.0 464000
1695735453174 30.0 468000
1695735524399 30.0 472000
1695735599180 30.0 476000
1695735678685 30.0 480000
1695735759807 30.0 484000
1695735842372 30.0 488000
1695735925805 30.0 492000
1695736013473 30.0 496000
1695736097324 30.0 500000
1695736173646 30.0 504000
1695736248912 30.0 508000
1695736320621 30.0 512000
1695736388186 30.0 516000
1695736454324 30.0 520000
1695736520654 30.0 524000
1695736587083 30.0 528000
1695736651720 30.0 532000
1695736716152 30.0 536000
1695736779498 30.0 540000
1695736842216 30.0 544000
1695736905416 30.0 548000
1695736968478 30.0 552000
1695737032178 30.0 556000
1695737094089 30.0 560000
1695737157997 30.0 564000
1695737219665 30.0 568000
1695737281981 30.0 572000
1695737344663 30.0 576000
1695737411996 30.0 580000
1695737478276 30.0 584000
1695737541944 30.0 588000
1695737604384 30.0 592000
1695737666468 30.0 596000
1695737728672 30.0 600000
1695737791600 30.0 604000
1695737853559 30.0 608000
1695737916245 30.0 612000
1695737978618 30.0 616000
1695738041258 30.0 620000
1695738103515 30.0 624000
1695738167347 30.0 628000
1695738230020 30.0 632000
1695738292575 30.0 636000
1695738355065 30.0 640000
1695738417924 30.0 644000
1695738479880 30.0 648000
1695738542467 30.0 652000
1695738605905 30.0 656000
1695738668177 30.0 660000
1695738731730 30.0 664000
1695738794198 30.0 668000
1695738858540 30.0 672000
1695738921283 30.0 676000
1695738984489 30.0 680000
1695739046740 30.0 684000
1695739110114 30.0 688000
1695739171988 30.0 692000
1695739235516 30.0 696000
1695739297763 30.0 700000
1695739360577 30.0 704000
1695739423261 30.0 708000
1695739488053 30.0 712000
1695739550705 30.0 716000
1695739613333 30.0 720000
1695739676034 30.0 724000
1695739737825 30.0 728000
1695739800508 30.0 732000
1695739862747 30.0 736000
1695739925888 30.0 740000
1695739987731 30.0 744000
1695740051633 30.0 748000
1695740114447 30.0 752000
1695740177665 30.0 756000
1695740240136 30.0 760000
1695740302001 30.0 764000
1695740363588 30.0 768000
1695740426074 30.0 772000
1695740488910 30.0 776000
1695740550745 30.0 780000
1695740613447 30.0 784000
1695740676070 30.0 788000
1695740739828 30.0 792000
1695740801733 30.0 796000
1695740864996 30.0 800000
1695740927208 30.0 804000
1695740989448 30.0 808000
1695741052784 30.0 812000
1695741116431 30.0 816000
1695741179165 30.0 820000
1695741242074 30.0 824000
1695741305179 30.0 828000
1695741368502 30.0 832000
1695741432741 30.0 836000
1695741500776 30.0 840000
1695741566815 30.0 844000
1695741631765 30.0 848000
1695741707405 30.0 852000
1695741770231 30.0 856000
1695741834307 30.0 860000
1695741896295 30.0 864000
1695741958454 30.0 868000
1695742020704 30.0 872000
1695742083850 30.0 876000
1695742146517 30.0 880000
1695742211635 30.0 884000
1695742275875 30.0 888000
1695742341617 30.0 892000
1695742413634 30.0 896000
1695742481950 30.0 900000
1695742548264 30.0 904000
1695742610730 30.0 908000
1695742672842 30.0 912000
1695742735130 30.0 916000
1695742798436 30.0 920000
1695742861533 30.0 924000
1695742924122 30.0 928000
1695742986355 30.0 932000
1695743049664 30.0 936000
1695743111943 30.0 940000
1695743175913 30.0 944000
1695743237876 30.0 948000
1695743299786 30.0 952000
1695743361980 30.0 956000
1695743425277 30.0 960000
1695743487755 30.0 964000
1695743552139 30.0 968000
1695743614292 30.0 972000
1695743677478 30.0 976000
1695743740525 30.0 980000
1695743804801 30.0 984000
1695743866980 30.0 988000
1695743930098 30.0 992000
1695743991729 30.0 996000
1695744055067 30.0 1000000
