1695731491973 10.0 244000
1695731555344 10.0 248000
1695731626979 10.0 252000
1695731693981 10.0 256000
1695731770426 10.0 260000
1695731847871 10.0 264000
1695731929305 10.0 268000
1695732007537 10.0 272000
1695732085617 10.0 276000
1695732161597 10.0 280000
1695732229830 10.0 284000
1695732296264 10.0 288000
1695732365374 10.0 292000
1695732431713 10.0 296000
1695732499286 10.0 300000
1695732565179 10.0 304000
1695732635449 10.0 308000
1695732703064 10.0 312000
1695732772383 10.0 316000
1695732841573 10.0 320000
1695732910231 10.0 324000
1695732988697 10.0 328000
1695733057765 10.0 332000
1695733127212 10.0 336000
1695733197194 10.0 340000
1695733266915 10.0 344000
1695733337739 10.0 348000
1695733406259 10.0 352000
1695733475096 10.0 356000
1695733547163 10.0 360000
1695733617729 10.0 364000
1695733686221 10.0 368000
1695733756200 10.0 372000
1695733824434 10.0 376000
1695733894941 10.0 380000
1695733964269 10.0 384000
1695734035279 10.0 388000
1695734104249 10.0 392000
1695734175678 10.0 396000
1695734244723 10.0 400000
1695734315748 10.0 404000
1695734384663 10.0 408000
1695734453439 10.0 412000
1695734520729 10.0 416000
1695734588435 10.0 420000
1695734658387 10.0 424000
1695734728053 10.0 428000
1695734796938 10.0 432000
1695734870303 10.0 436000
1695734945818 10.0 440000
1695735017135 10.0 444000
1695735086418 10.0 448000
1695735161743 10.0 452000
1695735231984 10.0 456000
1695735305933 10.0 460000
1695735382187 10.0 464000
1695735453183 10.0 468000
1695735524407 10.0 472000
1695735599190 10.0 476000
1695735678695 10.0 480000
1695735759818 10.0 484000
1695735842383 10.0 488000
1695735925816 10.0 492000
1695736013483 10.0 496000
1695736097334 10.0 500000
1695736173656 10.0 504000
1695736248924 10.0 508000
1695736320631 10.0 512000
1695736388195 10.0 516000
1695736454332 10.0 520000
1695736520662 10.0 524000
1695736587091 10.0 528000
1695736651728 10.0 532000
1695736716160 10.0 536000
1695736779506 10.0 540000
1695736842223 10.0 544000
1695736905425 10.0 548000
1695736968486 10.0 552000
1695737032187 10.0 556000
1695737094098 10.0 560000
1695737158005 10.0 564000
1695737219674 10.0 568000
1695737281989 10.0 572000
1695737344671 10.0 576000
1695737412005 10.0 580000
1695737478284 10.0 584000
1695737541953 10.0 588000
1695737604393 10.0 592000
1695737666476 10.0 596000
1695737728680 10.0 600000
1695737791609 10.0 604000
1695737853566 10.0 608000
1695737916253 10.0 612000
1695737978626 10.0 616000
1695738041267 10.0 620000
1695738103524 10.0 624000
1695738167354 10.0 628000
1695738230028 10.0 632000
1695738292583 10.0 636000
1695738355074 10.0 640000
1695738417933 10.0 644000
1695738479889 10.0 648000
1695738542475 10.0 652000
1695738605912 10.0 656000
1695738668185 10.0 660000
1695738731738 10.0 664000
1695738794205 10.0 668000
1695738858548 10.0 672000
1695738921291 10.0 676000
1695738984499 10.0 680000
1695739046748 10.0 684000
1695739110122 10.0 688000
1695739171998 10.0 692000
1695739235524 10.0 696000
1695739297772 10.0 700000
1695739360586 10.0 704000
1695739423271 10.0 708000
1695739488062 10.0 712000
1695739550713 10.0 716000
1695739613341 10.0 720000
1695739676042 10.0 724000
1695739737833 10.0 728000
1695739800517 10.0 732000
1695739862756 10.0 736000
1695739925896 10.0 740000
1695739987740 10.0 744000
1695740051641 10.0 748000
1695740114455 10.0 752000
1695740177673 10.0 756000
1695740240144 10.0 760000
1695740302010 10.0 764000
1695740363596 10.0 768000
1695740426083 10.0 772000
1695740488918 10.0 776000
1695740550753 10.0 780000
1695740613456 10.0 784000
1695740676079 10.0 788000
1695740739835 10.0 792000
1695740801741 10.0 796000
1695740865004 10.0 800000
1695740927216 10.0 804000
1695740989456 10.0 808000
1695741052793 10.0 812000
1695741116439 10.0 816000
1695741179173 10.0 820000
1695741242082 10.0 824000
1695741305187 10.0 828000
1695741368510 10.0 832000
1695741432750 10.0 836000
1695741500784 10.0 840000
1695741566824 10.0 844000
1695741631772 10.0 848000
1695741707419 10.0 852000
1695741770239 10.0 856000
1695741834315 10.0 860000
1695741896305 10.0 864000
1695741958463 10.0 868000
1695742020712 10.0 872000
1695742083858 10.0 876000
1695742146526 10.0 880000
1695742211643 10.0 884000
1695742275883 10.0 888000
1695742341626 10.0 892000
1695742413645 10.0 896000
1695742481958 10.0 900000
1695742548272 10.0 904000
1695742610738 10.0 908000
1695742672849 10.0 912000
1695742735138 10.0 916000
1695742798444 10.0 920000
1695742861541 10.0 924000
1695742924131 10.0 928000
1695742986363 10.0 932000
1695743049672 10.0 936000
1695743111953 10.0 940000
1695743175922 10.0 944000
1695743237884 10.0 948000
1695743299794 10.0 952000
1695743361988 10.0 956000
1695743425286 10.0 960000
1695743487763 10.0 964000
1695743552146 10.0 968000
1695743614300 10.0 972000
1695743677487 10.0 976000
1695743740535 10.0 980000
1695743804810 10.0 984000
1695743866989 10.0 988000
1695743930106 10.0 992000
1695743991738 10.0 996000
1695744055076 10.0 1000000
