1695731491892 0.0 244000
1695731555264 0.0 248000
1695731626910 0.0 252000
1695731693907 0.0 256000
1695731770344 0.0 260000
1695731847775 0.0 264000
1695731929219 0.0 268000
1695732007455 0.0 272000
1695732085517 0.0 276000
1695732161530 0.0 280000
1695732229759 0.0 284000
1695732296188 0.0 288000
1695732365299 0.0 292000
1695732431646 0.0 296000
1695732499216 0.0 300000
1695732565101 0.0 304000
1695732635368 0.0 308000
1695732702987 0.0 312000
1695732772310 0.0 316000
1695732841502 0.0 320000
1695732910164 0.0 324000
1695732988627 0.0 328000
1695733057688 0.0 332000
1695733127142 0.0 336000
1695733197122 0.0 340000
1695733266838 0.0 344000
1695733337646 0.0 348000
1695733406188 0.0 352000
1695733475022 0.0 356000
1695733547086 0.0 360000
1695733617655 0.0 364000
1695733686144 0.0 368000
1695733756129 0.0 372000
1695733824366 0.0 376000
1695733894868 0.0 380000
1695733964202 0.0 384000
1695734035201 0.0 388000
1695734104179 0.0 392000
1695734175608 0.0 396000
1695734244652 0.0 400000
1695734315676 0.0 404000
1695734384587 0.0 408000
1695734453369 0.0 412000
1695734520656 0.0 416000
1695734588363 0.0 420000
1695734658314 0.0 424000
1695734727980 0.0 428000
1695734796870 0.0 432000
1695734870209 0.0 436000
1695734945743 0.0 440000
1695735017054 0.0 444000
1695735086347 0.0 448000
1695735161670 0.0 452000
1695735231913 0.0 456000
1695735305852 0.0 460000
1695735382101 0.0 464000
1695735453109 0.0 468000
1695735524339 0.0 472000
1695735599114 0.0 476000
1695735678614 0.0 480000
1695735759736 0.0 484000
1695735842301 0.0 488000
1695735925727 0.0 492000
1695736013402 0.0 496000
1695736097249 0.0 500000
1695736173576 0.0 504000
1695736248823 0.0 508000
1695736320543 0.0 512000
1695736388129 0.0 516000
1695736454265 0.0 520000
1695736520596 0.0 524000
1695736587025 0.0 528000
1695736651655 0.0 532000
1695736716092 0.0 536000
1695736779443 0.0 540000
1695736842157 0.0 544000
1695736905354 0.0 548000
1695736968423 0.0 552000
1695737032120 0.0 556000
1695737094033 0.0 560000
1695737157941 0.0 564000
1695737219607 0.0 568000
1695737281921 0.0 572000
1695737344602 0.0 576000
1695737411932 0.0 580000
1695737478218 0.0 584000
1695737541886 0.0 588000
1695737604325 0.0 592000
1695737666405 0.0 596000
1695737728617 0.0 600000
1695737791541 0.0 604000
1695737853501 0.0 608000
1695737916189 0.0 612000
1695737978558 0.0 616000
1695738041202 0.0 620000
1695738103452 0.0 624000
1695738167290 0.0 628000
1695738229960 0.0 632000
1695738292518 0.0 636000
1695738355006 0.0 640000
1695738417869 0.0 644000
1695738479821 0.0 648000
1695738542409 0.0 652000
1695738605846 0.0 656000
1695738668119 0.0 660000
1695738731671 0.0 664000
1695738794139 0.0 668000
1695738858484 0.0 672000
1695738921221 0.0 676000
1695738984419 0.0 680000
1695739046684 0.0 684000
1695739110058 0.0 688000
1695739171932 0.0 692000
1695739235460 0.0 696000
1695739297708 0.0 700000
1695739360516 0.0 704000
1695739423200 0.0 708000
1695739487994 0.0 712000
1695739550648 0.0 716000
1695739613273 0.0 720000
1695739675976 0.0 724000
1695739737765 0.0 728000
1695739800450 0.0 732000
1695739862684 0.0 736000
1695739925829 0.0 740000
1695739987671 0.0 744000
1695740051572 0.0 748000
1695740114384 0.0 752000
1695740177608 0.0 756000
1695740240080 0.0 760000
1695740301946 0.0 764000
1695740363527 0.0 768000
1695740426019 0.0 772000
1695740488849 0.0 776000
1695740550687 0.0 780000
1695740613389 0.0 784000
1695740676013 0.0 788000
1695740739772 0.0 792000
1695740801677 0.0 796000
1695740864940 0.0 800000
1695740927142 0.0 804000
1695740989392 0.0 808000
1695741052722 0.0 812000
1695741116373 0.0 816000
1695741179106 0.0 820000
1695741242015 0.0 824000
1695741305119 0.0 828000
1695741368445 0.0 832000
1695741432682 0.0 836000
1695741500713 0.0 840000
1695741566756 0.0 844000
1695741631703 0.0 848000
1695741707336 0.0 852000
1695741770174 0.0 856000
1695741834247 0.0 860000
1695741896220 0.0 864000
1695741958398 0.0 868000
1695742020643 0.0 872000
1695742083790 0.0 876000
1695742146458 0.0 880000
1695742211575 0.0 884000
1695742275817 0.0 888000
1695742341558 0.0 892000
1695742413549 0.0 896000
1695742481887 0.0 900000
1695742548207 0.0 904000
1695742610674 0.0 908000
1695742672785 0.0 912000
1695742735070 0.0 916000
1695742798374 0.0 920000
1695742861474 0.0 924000
1695742924057 0.0 928000
1695742986299 0.0 932000
1695743049605 0.0 936000
1695743111884 0.0 940000
1695743175855 0.0 944000
1695743237819 0.0 948000
1695743299726 0.0 952000
1695743361920 0.0 956000
1695743425220 0.0 960000
1695743487698 0.0 964000
1695743552082 0.0 968000
1695743614234 0.0 972000
1695743677424 0.0 976000
1695743740467 0.0 980000
1695743804744 0.0 984000
1695743866918 0.0 988000
1695743930041 0.0 992000
1695743991670 0.0 996000
1695744055011 0.0 1000000
