1695731491972 1.0 244000
1695731555343 1.0 248000
1695731626978 1.0 252000
1695731693980 1.0 256000
1695731770425 1.0 260000
1695731847870 1.0 264000
1695731929304 1.0 268000
1695732007536 1.0 272000
1695732085615 1.0 276000
1695732161597 1.0 280000
1695732229829 1.0 284000
1695732296263 1.0 288000
1695732365373 1.0 292000
1695732431712 1.0 296000
1695732499285 1.0 300000
1695732565178 1.0 304000
1695732635448 1.0 308000
1695732703063 1.0 312000
1695732772383 1.0 316000
1695732841572 1.0 320000
1695732910230 1.0 324000
1695732988696 1.0 328000
1695733057764 1.0 332000
1695733127211 1.0 336000
1695733197193 1.0 340000
1695733266914 1.0 344000
1695733337738 1.0 348000
1695733406258 1.0 352000
1695733475095 1.0 356000
1695733547162 1.0 360000
1695733617728 1.0 364000
1695733686220 1.0 368000
1695733756199 1.0 372000
1695733824433 1.0 376000
1695733894940 1.0 380000
1695733964268 1.0 384000
1695734035279 1.0 388000
1695734104249 1.0 392000
1695734175678 1.0 396000
1695734244722 1.0 400000
1695734315747 1.0 404000
1695734384662 1.0 408000
1695734453438 1.0 412000
1695734520728 1.0 416000
1695734588434 1.0 420000
1695734658386 1.0 424000
1695734728052 1.0 428000
1695734796937 1.0 432000
1695734870302 1.0 436000
1695734945817 1.0 440000
1695735017134 1.0 444000
1695735086417 1.0 448000
1695735161742 1.0 452000
1695735231984 1.0 456000
1695735305932 1.0 460000
1695735382186 1.0 464000
1695735453183 1.0 468000
1695735524406 1.0 472000
1695735599189 1.0 476000
1695735678694 1.0 480000
1695735759817 1.0 484000
1695735842382 1.0 488000
1695735925815 1.0 492000
1695736013482 1.0 496000
1695736097333 1.0 500000
1695736173655 1.0 504000
1695736248922 1.0 508000
1695736320630 1.0 512000
1695736388194 1.0 516000
1695736454331 1.0 520000
1695736520661 1.0 524000
1695736587090 1.0 528000
1695736651727 1.0 532000
1695736716160 1.0 536000
1695736779506 1.0 540000
1695736842223 1.0 544000
1695736905424 1.0 548000
1695736968485 1.0 552000
1695737032186 1.0 556000
1695737094097 1.0 560000
1695737158005 1.0 564000
1695737219673 1.0 568000
1695737281989 1.0 572000
1695737344670 1.0 576000
1695737412004 1.0 580000
1695737478283 1.0 584000
1695737541952 1.0 588000
1695737604392 1.0 592000
1695737666475 1.0 596000
1695737728679 1.0 600000
1695737791608 1.0 604000
1695737853565 1.0 608000
1695737916252 1.0 612000
1695737978625 1.0 616000
1695738041266 1.0 620000
1695738103523 1.0 624000
1695738167354 1.0 628000
1695738230027 1.0 632000
1695738292582 1.0 636000
1695738355073 1.0 640000
1695738417932 1.0 644000
1695738479889 1.0 648000
1695738542474 1.0 652000
1695738605911 1.0 656000
1695738668185 1.0 660000
1695738731737 1.0 664000
1695738794205 1.0 668000
1695738858547 1.0 672000
1695738921290 1.0 676000
1695738984498 1.0 680000
1695739046747 1.0 684000
1695739110121 1.0 688000
1695739171997 1.0 692000
1695739235523 1.0 696000
1695739297770 1.0 700000
1695739360585 1.0 704000
1695739423270 1.0 708000
1695739488061 1.0 712000
1695739550712 1.0 716000
1695739613341 1.0 720000
1695739676041 1.0 724000
1695739737832 1.0 728000
1695739800517 1.0 732000
1695739862755 1.0 736000
1695739925896 1.0 740000
1695739987739 1.0 744000
1695740051640 1.0 748000
1695740114454 1.0 752000
1695740177672 1.0 756000
1695740240143 1.0 760000
1695740302009 1.0 764000
1695740363596 1.0 768000
1695740426082 1.0 772000
1695740488918 1.0 776000
1695740550753 1.0 780000
1695740613455 1.0 784000
1695740676079 1.0 788000
1695740739835 1.0 792000
1695740801740 1.0 796000
1695740865003 1.0 800000
1695740927216 1.0 804000
1695740989455 1.0 808000
1695741052792 1.0 812000
1695741116438 1.0 816000
1695741179172 1.0 820000
1695741242082 1.0 824000
1695741305186 1.0 828000
1695741368509 1.0 832000
1695741432749 1.0 836000
1695741500783 1.0 840000
1695741566823 1.0 844000
1695741631772 1.0 848000
1695741707418 1.0 852000
1695741770238 1.0 856000
1695741834314 1.0 860000
1695741896304 1.0 864000
1695741958462 1.0 868000
1695742020711 1.0 872000
1695742083857 1.0 876000
1695742146525 1.0 880000
1695742211642 1.0 884000
1695742275882 1.0 888000
1695742341626 1.0 892000
1695742413644 1.0 896000
1695742481957 1.0 900000
1695742548271 1.0 904000
1695742610737 1.0 908000
1695742672848 1.0 912000
1695742735137 1.0 916000
1695742798443 1.0 920000
1695742861540 1.0 924000
1695742924130 1.0 928000
1695742986362 1.0 932000
1695743049671 1.0 936000
1695743111952 1.0 940000
1695743175921 1.0 944000
1695743237883 1.0 948000
1695743299794 1.0 952000
1695743361988 1.0 956000
1695743425285 1.0 960000
1695743487762 1.0 964000
1695743552146 1.0 968000
1695743614299 1.0 972000
1695743677486 1.0 976000
1695743740533 1.0 980000
1695743804809 1.0 984000
1695743866988 1.0 988000
1695743930105 1.0 992000
1695743991737 1.0 996000
1695744055075 1.0 1000000
