1695731491893 1.0 244000
1695731555265 1.0 248000
1695731626910 1.0 252000
1695731693908 1.0 256000
1695731770345 1.0 260000
1695731847776 1.0 264000
1695731929220 1.0 268000
1695732007456 1.0 272000
1695732085518 1.0 276000
1695732161531 1.0 280000
1695732229760 1.0 284000
1695732296189 1.0 288000
1695732365300 1.0 292000
1695732431647 1.0 296000
1695732499217 1.0 300000
1695732565102 1.0 304000
1695732635369 1.0 308000
1695732702987 1.0 312000
1695732772311 1.0 316000
1695732841503 1.0 320000
1695732910165 1.0 324000
1695732988628 1.0 328000
1695733057689 1.0 332000
1695733127143 1.0 336000
1695733197123 1.0 340000
1695733266839 1.0 344000
1695733337647 1.0 348000
1695733406189 1.0 352000
1695733475022 1.0 356000
1695733547086 1.0 360000
1695733617656 1.0 364000
1695733686145 1.0 368000
1695733756130 1.0 372000
1695733824367 1.0 376000
1695733894869 1.0 380000
1695733964203 1.0 384000
1695734035202 1.0 388000
1695734104180 1.0 392000
1695734175609 1.0 396000
1695734244652 1.0 400000
1695734315677 1.0 404000
1695734384588 1.0 408000
1695734453370 1.0 412000
1695734520657 1.0 416000
1695734588363 1.0 420000
1695734658315 1.0 424000
1695734727981 1.0 428000
1695734796870 1.0 432000
1695734870210 1.0 436000
1695734945744 1.0 440000
1695735017055 1.0 444000
1695735086348 1.0 448000
1695735161671 1.0 452000
1695735231913 1.0 456000
1695735305853 1.0 460000
1695735382102 1.0 464000
1695735453110 1.0 468000
1695735524339 1.0 472000
1695735599114 1.0 476000
1695735678615 1.0 480000
1695735759737 1.0 484000
1695735842302 1.0 488000
1695735925728 1.0 492000
1695736013403 1.0 496000
1695736097250 1.0 500000
1695736173577 1.0 504000
1695736248824 1.0 508000
1695736320544 1.0 512000
1695736388129 1.0 516000
1695736454265 1.0 520000
1695736520597 1.0 524000
1695736587026 1.0 528000
1695736651656 1.0 532000
1695736716093 1.0 536000
1695736779444 1.0 540000
1695736842158 1.0 544000
1695736905354 1.0 548000
1695736968424 1.0 552000
1695737032121 1.0 556000
1695737094034 1.0 560000
1695737157941 1.0 564000
1695737219607 1.0 568000
1695737281922 1.0 572000
1695737344603 1.0 576000
1695737411932 1.0 580000
1695737478219 1.0 584000
1695737541887 1.0 588000
1695737604325 1.0 592000
1695737666406 1.0 596000
1695737728618 1.0 600000
1695737791542 1.0 604000
1695737853502 1.0 608000
1695737916190 1.0 612000
1695737978558 1.0 616000
1695738041203 1.0 620000
1695738103453 1.0 624000
1695738167291 1.0 628000
1695738229961 1.0 632000
1695738292519 1.0 636000
1695738355006 1.0 640000
1695738417870 1.0 644000
1695738479822 1.0 648000
1695738542410 1.0 652000
1695738605847 1.0 656000
1695738668120 1.0 660000
1695738731672 1.0 664000
1695738794140 1.0 668000
1695738858484 1.0 672000
1695738921221 1.0 676000
1695738984420 1.0 680000
1695739046685 1.0 684000
1695739110059 1.0 688000
1695739171932 1.0 692000
1695739235461 1.0 696000
1695739297708 1.0 700000
1695739360517 1.0 704000
1695739423201 1.0 708000
1695739487995 1.0 712000
1695739550649 1.0 716000
1695739613274 1.0 720000
1695739675976 1.0 724000
1695739737766 1.0 728000
1695739800451 1.0 732000
1695739862685 1.0 736000
1695739925829 1.0 740000
1695739987672 1.0 744000
1695740051573 1.0 748000
1695740114385 1.0 752000
1695740177609 1.0 756000
1695740240081 1.0 760000
1695740301946 1.0 764000
1695740363528 1.0 768000
1695740426020 1.0 772000
1695740488849 1.0 776000
1695740550688 1.0 780000
1695740613390 1.0 784000
1695740676014 1.0 788000
1695740739772 1.0 792000
1695740801678 1.0 796000
1695740864940 1.0 800000
1695740927143 1.0 804000
1695740989393 1.0 808000
1695741052723 1.0 812000
1695741116374 1.0 816000
1695741179107 1.0 820000
1695741242016 1.0 824000
1695741305120 1.0 828000
1695741368445 1.0 832000
1695741432683 1.0 836000
1695741500714 1.0 840000
1695741566756 1.0 844000
1695741631704 1.0 848000
1695741707337 1.0 852000
1695741770175 1.0 856000
1695741834248 1.0 860000
1695741896220 1.0 864000
1695741958399 1.0 868000
1695742020644 1.0 872000
1695742083791 1.0 876000
1695742146459 1.0 880000
1695742211576 1.0 884000
1695742275818 1.0 888000
1695742341559 1.0 892000
1695742413550 1.0 896000
1695742481888 1.0 900000
1695742548208 1.0 904000
1695742610675 1.0 908000
1695742672786 1.0 912000
1695742735071 1.0 916000
1695742798375 1.0 920000
1695742861474 1.0 924000
1695742924057 1.0 928000
1695742986300 1.0 932000
1695743049606 1.0 936000
1695743111885 1.0 940000
1695743175856 1.0 944000
1695743237820 1.0 948000
1695743299727 1.0 952000
1695743361921 1.0 956000
1695743425220 1.0 960000
1695743487699 1.0 964000
1695743552082 1.0 968000
1695743614235 1.0 972000
1695743677425 1.0 976000
1695743740468 1.0 980000
1695743804744 1.0 984000
1695743866919 1.0 988000
1695743930042 1.0 992000
1695743991671 1.0 996000
1695744055011 1.0 1000000
