1695731491894 0.0 244000
1695731555266 0.0 248000
1695731626911 0.0 252000
1695731693909 0.0 256000
1695731770346 0.0 260000
1695731847777 0.0 264000
1695731929221 0.0 268000
1695732007457 0.0 272000
1695732085519 0.0 276000
1695732161531 0.0 280000
1695732229761 0.0 284000
1695732296189 0.0 288000
1695732365301 0.0 292000
1695732431647 0.0 296000
1695732499218 0.0 300000
1695732565103 0.0 304000
1695732635370 0.0 308000
1695732702988 0.0 312000
1695732772312 0.0 316000
1695732841504 0.0 320000
1695732910165 0.0 324000
1695732988629 0.0 328000
1695733057690 0.0 332000
1695733127144 0.0 336000
1695733197124 0.0 340000
1695733266840 0.0 344000
1695733337648 0.0 348000
1695733406190 0.0 352000
1695733475023 0.0 356000
1695733547087 0.0 360000
1695733617657 0.0 364000
1695733686146 0.0 368000
1695733756130 0.0 372000
1695733824368 0.0 376000
1695733894870 0.0 380000
1695733964204 0.0 384000
1695734035202 0.0 388000
1695734104181 0.0 392000
1695734175609 0.0 396000
1695734244653 0.0 400000
1695734315678 0.0 404000
1695734384589 0.0 408000
1695734453371 0.0 412000
1695734520657 0.0 416000
1695734588364 0.0 420000
1695734658316 0.0 424000
1695734727982 0.0 428000
1695734796871 0.0 432000
1695734870211 0.0 436000
1695734945744 0.0 440000
1695735017056 0.0 444000
1695735086349 0.0 448000
1695735161672 0.0 452000
1695735231914 0.0 456000
1695735305854 0.0 460000
1695735382103 0.0 464000
1695735453111 0.0 468000
1695735524340 0.0 472000
1695735599115 0.0 476000
1695735678616 0.0 480000
1695735759738 0.0 484000
1695735842303 0.0 488000
1695735925729 0.0 492000
1695736013404 0.0 496000
1695736097251 0.0 500000
1695736173578 0.0 504000
1695736248826 0.0 508000
1695736320544 0.0 512000
1695736388130 0.0 516000
1695736454266 0.0 520000
1695736520597 0.0 524000
1695736587026 0.0 528000
1695736651657 0.0 532000
1695736716093 0.0 536000
1695736779444 0.0 540000
1695736842158 0.0 544000
1695736905355 0.0 548000
1695736968424 0.0 552000
1695737032121 0.0 556000
1695737094035 0.0 560000
1695737157942 0.0 564000
1695737219608 0.0 568000
1695737281923 0.0 572000
1695737344604 0.0 576000
1695737411933 0.0 580000
1695737478219 0.0 584000
1695737541888 0.0 588000
1695737604326 0.0 592000
1695737666407 0.0 596000
1695737728618 0.0 600000
1695737791543 0.0 604000
1695737853503 0.0 608000
1695737916191 0.0 612000
1695737978559 0.0 616000
1695738041204 0.0 620000
1695738103453 0.0 624000
1695738167292 0.0 628000
1695738229961 0.0 632000
1695738292520 0.0 636000
1695738355007 0.0 640000
1695738417871 0.0 644000
1695738479823 0.0 648000
1695738542411 0.0 652000
1695738605847 0.0 656000
1695738668121 0.0 660000
1695738731673 0.0 664000
1695738794140 0.0 668000
1695738858485 0.0 672000
1695738921222 0.0 676000
1695738984421 0.0 680000
1695739046686 0.0 684000
1695739110060 0.0 688000
1695739171933 0.0 692000
1695739235461 0.0 696000
1695739297709 0.0 700000
1695739360518 0.0 704000
1695739423202 0.0 708000
1695739487995 0.0 712000
1695739550650 0.0 716000
1695739613275 0.0 720000
1695739675977 0.0 724000
1695739737767 0.0 728000
1695739800452 0.0 732000
1695739862686 0.0 736000
1695739925830 0.0 740000
1695739987673 0.0 744000
1695740051574 0.0 748000
1695740114386 0.0 752000
1695740177610 0.0 756000
1695740240082 0.0 760000
1695740301947 0.0 764000
1695740363529 0.0 768000
1695740426021 0.0 772000
1695740488850 0.0 776000
1695740550689 0.0 780000
1695740613391 0.0 784000
1695740676015 0.0 788000
1695740739773 0.0 792000
1695740801678 0.0 796000
1695740864941 0.0 800000
1695740927144 0.0 804000
1695740989393 0.0 808000
1695741052724 0.0 812000
1695741116374 0.0 816000
1695741179108 0.0 820000
1695741242016 0.0 824000
1695741305121 0.0 828000
1695741368446 0.0 832000
1695741432684 0.0 836000
1695741500715 0.0 840000
1695741566757 0.0 844000
1695741631705 0.0 848000
1695741707337 0.0 852000
1695741770176 0.0 856000
1695741834249 0.0 860000
1695741896221 0.0 864000
1695741958400 0.0 868000
1695742020644 0.0 872000
1695742083791 0.0 876000
1695742146460 0.0 880000
1695742211577 0.0 884000
1695742275818 0.0 888000
1695742341559 0.0 892000
1695742413551 0.0 896000
1695742481889 0.0 900000
1695742548208 0.0 904000
1695742610676 0.0 908000
1695742672786 0.0 912000
1695742735072 0.0 916000
1695742798376 0.0 920000
1695742861475 0.0 924000
1695742924058 0.0 928000
1695742986300 0.0 932000
1695743049607 0.0 936000
1695743111886 0.0 940000
1695743175857 0.0 944000
1695743237820 0.0 948000
1695743299728 0.0 952000
1695743361922 0.0 956000
1695743425221 0.0 960000
1695743487700 0.0 964000
1695743552083 0.0 968000
1695743614235 0.0 972000
1695743677425 0.0 976000
1695743740469 0.0 980000
1695743804745 0.0 984000
1695743866920 0.0 988000
1695743930042 0.0 992000
1695743991672 0.0 996000
1695744055012 0.0 1000000
