1695731491907 1.0 244000
1695731555278 1.0 248000
1695731626922 1.0 252000
1695731693920 1.0 256000
1695731770359 1.0 260000
1695731847797 1.0 264000
1695731929235 1.0 268000
1695732007470 1.0 272000
1695732085532 1.0 276000
1695732161542 1.0 280000
1695732229772 1.0 284000
1695732296201 1.0 288000
1695732365312 1.0 292000
1695732431658 1.0 296000
1695732499229 1.0 300000
1695732565115 1.0 304000
1695732635383 1.0 308000
1695732703000 1.0 312000
1695732772324 1.0 316000
1695732841515 1.0 320000
1695732910176 1.0 324000
1695732988639 1.0 328000
1695733057702 1.0 332000
1695733127154 1.0 336000
1695733197135 1.0 340000
1695733266852 1.0 344000
1695733337663 1.0 348000
1695733406201 1.0 352000
1695733475036 1.0 356000
1695733547099 1.0 360000
1695733617668 1.0 364000
1695733686158 1.0 368000
1695733756141 1.0 372000
1695733824378 1.0 376000
1695733894882 1.0 380000
1695733964214 1.0 384000
1695734035215 1.0 388000
1695734104192 1.0 392000
1695734175621 1.0 396000
1695734244665 1.0 400000
1695734315689 1.0 404000
1695734384601 1.0 408000
1695734453382 1.0 412000
1695734520668 1.0 416000
1695734588375 1.0 420000
1695734658327 1.0 424000
1695734727993 1.0 428000
1695734796882 1.0 432000
1695734870223 1.0 436000
1695734945757 1.0 440000
1695735017069 1.0 444000
1695735086360 1.0 448000
1695735161683 1.0 452000
1695735231926 1.0 456000
1695735305867 1.0 460000
1695735382117 1.0 464000
1695735453122 1.0 468000
1695735524351 1.0 472000
1695735599127 1.0 476000
1695735678629 1.0 480000
1695735759750 1.0 484000
1695735842315 1.0 488000
1695735925741 1.0 492000
1695736013417 1.0 496000
1695736097263 1.0 500000
1695736173590 1.0 504000
1695736248842 1.0 508000
1695736320557 1.0 512000
1695736388140 1.0 516000
1695736454276 1.0 520000
1695736520608 1.0 524000
1695736587037 1.0 528000
1695736651668 1.0 532000
1695736716104 1.0 536000
1695736779454 1.0 540000
1695736842170 1.0 544000
1695736905366 1.0 548000
1695736968434 1.0 552000
1695737032132 1.0 556000
1695737094044 1.0 560000
1695737157952 1.0 564000
1695737219618 1.0 568000
1695737281933 1.0 572000
1695737344615 1.0 576000
1695737411945 1.0 580000
1695737478230 1.0 584000
1695737541899 1.0 588000
1695737604336 1.0 592000
1695737666418 1.0 596000
1695737728628 1.0 600000
1695737791553 1.0 604000
1695737853513 1.0 608000
1695737916201 1.0 612000
1695737978569 1.0 616000
1695738041214 1.0 620000
1695738103464 1.0 624000
1695738167302 1.0 628000
1695738229972 1.0 632000
1695738292530 1.0 636000
1695738355018 1.0 640000
1695738417880 1.0 644000
1695738479833 1.0 648000
1695738542421 1.0 652000
1695738605858 1.0 656000
1695738668131 1.0 660000
1695738731683 1.0 664000
1695738794151 1.0 668000
1695738858495 1.0 672000
1695738921233 1.0 676000
1695738984433 1.0 680000
1695739046695 1.0 684000
1695739110070 1.0 688000
1695739171943 1.0 692000
1695739235471 1.0 696000
1695739297719 1.0 700000
1695739360528 1.0 704000
1695739423213 1.0 708000
1695739488006 1.0 712000
1695739550659 1.0 716000
1695739613286 1.0 720000
1695739675988 1.0 724000
1695739737778 1.0 728000
1695739800462 1.0 732000
1695739862697 1.0 736000
1695739925841 1.0 740000
1695739987684 1.0 744000
1695740051586 1.0 748000
1695740114398 1.0 752000
1695740177620 1.0 756000
1695740240092 1.0 760000
1695740301957 1.0 764000
1695740363540 1.0 768000
1695740426030 1.0 772000
1695740488860 1.0 776000
1695740550699 1.0 780000
1695740613400 1.0 784000
1695740676025 1.0 788000
1695740739783 1.0 792000
1695740801689 1.0 796000
1695740864951 1.0 800000
1695740927156 1.0 804000
1695740989403 1.0 808000
1695741052734 1.0 812000
1695741116385 1.0 816000
1695741179118 1.0 820000
1695741242027 1.0 824000
1695741305132 1.0 828000
1695741368456 1.0 832000
1695741432694 1.0 836000
1695741500726 1.0 840000
1695741566767 1.0 844000
1695741631716 1.0 848000
1695741707350 1.0 852000
1695741770185 1.0 856000
1695741834260 1.0 860000
1695741896234 1.0 864000
1695741958409 1.0 868000
1695742020656 1.0 872000
1695742083802 1.0 876000
1695742146469 1.0 880000
1695742211587 1.0 884000
1695742275829 1.0 888000
1695742341570 1.0 892000
1695742413564 1.0 896000
1695742481899 1.0 900000
1695742548219 1.0 904000
1695742610687 1.0 908000
1695742672797 1.0 912000
1695742735083 1.0 916000
1695742798387 1.0 920000
1695742861486 1.0 924000
1695742924069 1.0 928000
1695742986310 1.0 932000
1695743049617 1.0 936000
1695743111897 1.0 940000
1695743175868 1.0 944000
1695743237830 1.0 948000
1695743299739 1.0 952000
1695743361932 1.0 956000
1695743425231 1.0 960000
1695743487709 1.0 964000
1695743552093 1.0 968000
1695743614246 1.0 972000
1695743677435 1.0 976000
1695743740480 1.0 980000
1695743804755 1.0 984000
1695743866931 1.0 988000
1695743930053 1.0 992000
1695743991683 1.0 996000
1695744055022 1.0 1000000
