1695731491896 0.0 244000
1695731555268 0.0 248000
1695731626914 0.0 252000
1695731693911 0.0 256000
1695731770349 0.0 260000
1695731847780 0.0 264000
1695731929224 0.0 268000
1695732007460 0.0 272000
1695732085522 0.0 276000
1695732161534 0.0 280000
1695732229763 0.0 284000
1695732296192 0.0 288000
1695732365303 0.0 292000
1695732431649 0.0 296000
1695732499220 0.0 300000
1695732565106 0.0 304000
1695732635373 0.0 308000
1695732702991 0.0 312000
1695732772314 0.0 316000
1695732841506 0.0 320000
1695732910168 0.0 324000
1695732988631 0.0 328000
1695733057692 0.0 332000
1695733127146 0.0 336000
1695733197126 0.0 340000
1695733266843 0.0 344000
1695733337651 0.0 348000
1695733406192 0.0 352000
1695733475026 0.0 356000
1695733547090 0.0 360000
1695733617659 0.0 364000
1695733686149 0.0 368000
1695733756133 0.0 372000
1695733824370 0.0 376000
1695733894872 0.0 380000
1695733964206 0.0 384000
1695734035205 0.0 388000
1695734104183 0.0 392000
1695734175612 0.0 396000
1695734244656 0.0 400000
1695734315680 0.0 404000
1695734384592 0.0 408000
1695734453373 0.0 412000
1695734520660 0.0 416000
1695734588367 0.0 420000
1695734658318 0.0 424000
1695734727984 0.0 428000
1695734796873 0.0 432000
1695734870213 0.0 436000
1695734945747 0.0 440000
1695735017059 0.0 444000
1695735086351 0.0 448000
1695735161674 0.0 452000
1695735231917 0.0 456000
1695735305857 0.0 460000
1695735382106 0.0 464000
1695735453113 0.0 468000
1695735524343 0.0 472000
1695735599118 0.0 476000
1695735678619 0.0 480000
1695735759740 0.0 484000
1695735842305 0.0 488000
1695735925731 0.0 492000
1695736013407 0.0 496000
1695736097253 0.0 500000
1695736173580 0.0 504000
1695736248831 0.0 508000
1695736320547 0.0 512000
1695736388132 0.0 516000
1695736454268 0.0 520000
1695736520599 0.0 524000
1695736587028 0.0 528000
1695736651659 0.0 532000
1695736716096 0.0 536000
1695736779447 0.0 540000
1695736842161 0.0 544000
1695736905358 0.0 548000
1695736968426 0.0 552000
1695737032124 0.0 556000
1695737094037 0.0 560000
1695737157944 0.0 564000
1695737219610 0.0 568000
1695737281925 0.0 572000
1695737344606 0.0 576000
1695737411936 0.0 580000
1695737478221 0.0 584000
1695737541890 0.0 588000
1695737604328 0.0 592000
1695737666409 0.0 596000
1695737728620 0.0 600000
1695737791545 0.0 604000
1695737853505 0.0 608000
1695737916193 0.0 612000
1695737978562 0.0 616000
1695738041206 0.0 620000
1695738103456 0.0 624000
1695738167294 0.0 628000
1695738229964 0.0 632000
1695738292522 0.0 636000
1695738355010 0.0 640000
1695738417873 0.0 644000
1695738479825 0.0 648000
1695738542413 0.0 652000
1695738605850 0.0 656000
1695738668123 0.0 660000
1695738731675 0.0 664000
1695738794143 0.0 668000
1695738858487 0.0 672000
1695738921225 0.0 676000
1695738984424 0.0 680000
1695739046688 0.0 684000
1695739110062 0.0 688000
1695739171935 0.0 692000
1695739235463 0.0 696000
1695739297711 0.0 700000
1695739360520 0.0 704000
1695739423204 0.0 708000
1695739487998 0.0 712000
1695739550652 0.0 716000
1695739613277 0.0 720000
1695739675980 0.0 724000
1695739737769 0.0 728000
1695739800454 0.0 732000
1695739862688 0.0 736000
1695739925832 0.0 740000
1695739987675 0.0 744000
1695740051577 0.0 748000
1695740114389 0.0 752000
1695740177612 0.0 756000
1695740240084 0.0 760000
1695740301949 0.0 764000
1695740363531 0.0 768000
1695740426023 0.0 772000
1695740488852 0.0 776000
1695740550691 0.0 780000
1695740613393 0.0 784000
1695740676017 0.0 788000
1695740739775 0.0 792000
1695740801681 0.0 796000
1695740864944 0.0 800000
1695740927147 0.0 804000
1695740989395 0.0 808000
1695741052726 0.0 812000
1695741116377 0.0 816000
1695741179110 0.0 820000
1695741242019 0.0 824000
1695741305123 0.0 828000
1695741368449 0.0 832000
1695741432686 0.0 836000
1695741500717 0.0 840000
1695741566759 0.0 844000
1695741631707 0.0 848000
1695741707340 0.0 852000
1695741770178 0.0 856000
1695741834251 0.0 860000
1695741896224 0.0 864000
1695741958402 0.0 868000
1695742020647 0.0 872000
1695742083794 0.0 876000
1695742146462 0.0 880000
1695742211579 0.0 884000
1695742275821 0.0 888000
1695742341562 0.0 892000
1695742413554 0.0 896000
1695742481891 0.0 900000
1695742548211 0.0 904000
1695742610678 0.0 908000
1695742672789 0.0 912000
1695742735074 0.0 916000
1695742798378 0.0 920000
1695742861478 0.0 924000
1695742924060 0.0 928000
1695742986302 0.0 932000
1695743049609 0.0 936000
1695743111888 0.0 940000
1695743175859 0.0 944000
1695743237823 0.0 948000
1695743299730 0.0 952000
1695743361924 0.0 956000
1695743425223 0.0 960000
1695743487702 0.0 964000
1695743552085 0.0 968000
1695743614237 0.0 972000
1695743677427 0.0 976000
1695743740471 0.0 980000
1695743804747 0.0 984000
1695743866922 0.0 988000
1695743930045 0.0 992000
1695743991674 0.0 996000
1695744055014 0.0 1000000
