1695731491930 1.0 244000
1695731555299 1.0 248000
1695731626941 1.0 252000
1695731693940 1.0 256000
1695731770381 1.0 260000
1695731847821 1.0 264000
1695731929259 1.0 268000
1695732007492 1.0 272000
1695732085555 1.0 276000
1695732161560 1.0 280000
1695732229791 1.0 284000
1695732296221 1.0 288000
1695732365332 1.0 292000
1695732431677 1.0 296000
1695732499248 1.0 300000
1695732565135 1.0 304000
1695732635405 1.0 308000
1695732703021 1.0 312000
1695732772344 1.0 316000
1695732841533 1.0 320000
1695732910194 1.0 324000
1695732988658 1.0 328000
1695733057723 1.0 332000
1695733127174 1.0 336000
1695733197154 1.0 340000
1695733266873 1.0 344000
1695733337687 1.0 348000
1695733406220 1.0 352000
1695733475055 1.0 356000
1695733547121 1.0 360000
1695733617687 1.0 364000
1695733686179 1.0 368000
1695733756160 1.0 372000
1695733824397 1.0 376000
1695733894901 1.0 380000
1695733964234 1.0 384000
1695734035236 1.0 388000
1695734104211 1.0 392000
1695734175640 1.0 396000
1695734244684 1.0 400000
1695734315708 1.0 404000
1695734384623 1.0 408000
1695734453401 1.0 412000
1695734520688 1.0 416000
1695734588395 1.0 420000
1695734658346 1.0 424000
1695734728012 1.0 428000
1695734796900 1.0 432000
1695734870246 1.0 436000
1695734945777 1.0 440000
1695735017090 1.0 444000
1695735086379 1.0 448000
1695735161702 1.0 452000
1695735231945 1.0 456000
1695735305889 1.0 460000
1695735382141 1.0 464000
1695735453142 1.0 468000
1695735524370 1.0 472000
1695735599148 1.0 476000
1695735678652 1.0 480000
1695735759772 1.0 484000
1695735842337 1.0 488000
1695735925765 1.0 492000
1695736013438 1.0 496000
1695736097285 1.0 500000
1695736173611 1.0 504000
1695736248872 1.0 508000
1695736320579 1.0 512000
1695736388159 1.0 516000
1695736454294 1.0 520000
1695736520626 1.0 524000
1695736587055 1.0 528000
1695736651688 1.0 532000
1695736716123 1.0 536000
1695736779471 1.0 540000
1695736842188 1.0 544000
1695736905386 1.0 548000
1695736968451 1.0 552000
1695737032149 1.0 556000
1695737094061 1.0 560000
1695737157969 1.0 564000
1695737219636 1.0 568000
1695737281950 1.0 572000
1695737344634 1.0 576000
1695737411965 1.0 580000
1695737478248 1.0 584000
1695737541916 1.0 588000
1695737604354 1.0 592000
1695737666437 1.0 596000
1695737728645 1.0 600000
1695737791570 1.0 604000
1695737853530 1.0 608000
1695737916218 1.0 612000
1695737978588 1.0 616000
1695738041231 1.0 620000
1695738103482 1.0 624000
1695738167319 1.0 628000
1695738229990 1.0 632000
1695738292547 1.0 636000
1695738355036 1.0 640000
1695738417898 1.0 644000
1695738479850 1.0 648000
1695738542440 1.0 652000
1695738605876 1.0 656000
1695738668148 1.0 660000
1695738731701 1.0 664000
1695738794170 1.0 668000
1695738858513 1.0 672000
1695738921253 1.0 676000
1695738984456 1.0 680000
1695739046713 1.0 684000
1695739110087 1.0 688000
1695739171960 1.0 692000
1695739235489 1.0 696000
1695739297736 1.0 700000
1695739360546 1.0 704000
1695739423231 1.0 708000
1695739488023 1.0 712000
1695739550676 1.0 716000
1695739613304 1.0 720000
1695739676008 1.0 724000
1695739737796 1.0 728000
1695739800479 1.0 732000
1695739862717 1.0 736000
1695739925859 1.0 740000
1695739987702 1.0 744000
1695740051604 1.0 748000
1695740114416 1.0 752000
1695740177637 1.0 756000
1695740240109 1.0 760000
1695740301974 1.0 764000
1695740363558 1.0 768000
1695740426047 1.0 772000
1695740488880 1.0 776000
1695740550717 1.0 780000
1695740613418 1.0 784000
1695740676042 1.0 788000
1695740739800 1.0 792000
1695740801705 1.0 796000
1695740864969 1.0 800000
1695740927174 1.0 804000
1695740989420 1.0 808000
1695741052753 1.0 812000
1695741116403 1.0 816000
1695741179137 1.0 820000
1695741242044 1.0 824000
1695741305152 1.0 828000
1695741368473 1.0 832000
1695741432711 1.0 836000
1695741500745 1.0 840000
1695741566786 1.0 844000
1695741631734 1.0 848000
1695741707376 1.0 852000
1695741770203 1.0 856000
1695741834279 1.0 860000
1695741896259 1.0 864000
1695741958426 1.0 868000
1695742020674 1.0 872000
1695742083821 1.0 876000
1695742146488 1.0 880000
1695742211606 1.0 884000
1695742275846 1.0 888000
1695742341588 1.0 892000
1695742413588 1.0 896000
1695742481920 1.0 900000
1695742548236 1.0 904000
1695742610703 1.0 908000
1695742672814 1.0 912000
1695742735100 1.0 916000
1695742798405 1.0 920000
1695742861505 1.0 924000
1695742924090 1.0 928000
1695742986328 1.0 932000
1695743049636 1.0 936000
1695743111914 1.0 940000
1695743175885 1.0 944000
1695743237849 1.0 948000
1695743299757 1.0 952000
1695743361951 1.0 956000
1695743425248 1.0 960000
1695743487726 1.0 964000
1695743552109 1.0 968000
1695743614264 1.0 972000
1695743677452 1.0 976000
1695743740497 1.0 980000
1695743804773 1.0 984000
1695743866950 1.0 988000
1695743930070 1.0 992000
1695743991700 1.0 996000
1695744055040 1.0 1000000
