1695731491925 67108864.0 244000
1695731555295 67108864.0 248000
1695731626937 67108864.0 252000
1695731693936 67108864.0 256000
1695731770376 67108864.0 260000
1695731847816 67108864.0 264000
1695731929254 67108864.0 268000
1695732007488 67108864.0 272000
1695732085550 67108864.0 276000
1695732161556 67108864.0 280000
1695732229787 67108864.0 284000
1695732296217 67108864.0 288000
1695732365328 67108864.0 292000
1695732431673 67108864.0 296000
1695732499244 67108864.0 300000
1695732565130 67108864.0 304000
1695732635401 67108864.0 308000
1695732703017 67108864.0 312000
1695732772340 67108864.0 316000
1695732841530 67108864.0 320000
1695732910190 67108864.0 324000
1695732988654 67108864.0 328000
1695733057718 67108864.0 332000
1695733127170 67108864.0 336000
1695733197150 67108864.0 340000
1695733266869 67108864.0 344000
1695733337681 67108864.0 348000
1695733406216 67108864.0 352000
1695733475051 67108864.0 356000
1695733547115 67108864.0 360000
1695733617683 67108864.0 364000
1695733686175 67108864.0 368000
1695733756157 67108864.0 372000
1695733824393 67108864.0 376000
1695733894897 67108864.0 380000
1695733964230 67108864.0 384000
1695734035232 67108864.0 388000
1695734104207 67108864.0 392000
1695734175636 67108864.0 396000
1695734244680 67108864.0 400000
1695734315704 67108864.0 404000
1695734384619 67108864.0 408000
1695734453397 67108864.0 412000
1695734520684 67108864.0 416000
1695734588390 67108864.0 420000
1695734658342 67108864.0 424000
1695734728008 67108864.0 428000
1695734796896 67108864.0 432000
1695734870241 67108864.0 436000
1695734945773 67108864.0 440000
1695735017086 67108864.0 444000
1695735086375 67108864.0 448000
1695735161698 67108864.0 452000
1695735231941 67108864.0 456000
1695735305884 67108864.0 460000
1695735382136 67108864.0 464000
1695735453138 67108864.0 468000
1695735524366 67108864.0 472000
1695735599143 67108864.0 476000
1695735678647 67108864.0 480000
1695735759767 67108864.0 484000
1695735842333 67108864.0 488000
1695735925759 67108864.0 492000
1695736013434 67108864.0 496000
1695736097280 67108864.0 500000
1695736173607 67108864.0 504000
1695736248867 67108864.0 508000
1695736320575 67108864.0 512000
1695736388154 67108864.0 516000
1695736454290 67108864.0 520000
1695736520622 67108864.0 524000
1695736587051 67108864.0 528000
1695736651684 67108864.0 532000
1695736716119 67108864.0 536000
1695736779468 67108864.0 540000
1695736842185 67108864.0 544000
1695736905382 67108864.0 548000
1695736968447 67108864.0 552000
1695737032146 67108864.0 556000
1695737094057 67108864.0 560000
1695737157966 67108864.0 564000
1695737219632 67108864.0 568000
1695737281947 67108864.0 572000
1695737344630 67108864.0 576000
1695737411961 67108864.0 580000
1695737478244 67108864.0 584000
1695737541913 67108864.0 588000
1695737604350 67108864.0 592000
1695737666433 67108864.0 596000
1695737728641 67108864.0 600000
1695737791567 67108864.0 604000
1695737853526 67108864.0 608000
1695737916214 67108864.0 612000
1695737978584 67108864.0 616000
1695738041227 67108864.0 620000
1695738103479 67108864.0 624000
1695738167316 67108864.0 628000
1695738229986 67108864.0 632000
1695738292544 67108864.0 636000
1695738355032 67108864.0 640000
1695738417894 67108864.0 644000
1695738479846 67108864.0 648000
1695738542436 67108864.0 652000
1695738605872 67108864.0 656000
1695738668144 67108864.0 660000
1695738731698 67108864.0 664000
1695738794167 67108864.0 668000
1695738858509 67108864.0 672000
1695738921249 67108864.0 676000
1695738984450 67108864.0 680000
1695739046709 67108864.0 684000
1695739110083 67108864.0 688000
1695739171956 67108864.0 692000
1695739235485 67108864.0 696000
1695739297733 67108864.0 700000
1695739360542 67108864.0 704000
1695739423227 67108864.0 708000
1695739488020 67108864.0 712000
1695739550673 67108864.0 716000
1695739613300 67108864.0 720000
1695739676003 67108864.0 724000
1695739737792 67108864.0 728000
1695739800475 67108864.0 732000
1695739862712 67108864.0 736000
1695739925855 67108864.0 740000
1695739987698 67108864.0 744000
1695740051600 67108864.0 748000
1695740114412 67108864.0 752000
1695740177634 67108864.0 756000
1695740240105 67108864.0 760000
1695740301970 67108864.0 764000
1695740363555 67108864.0 768000
1695740426044 67108864.0 772000
1695740488875 67108864.0 776000
1695740550713 67108864.0 780000
1695740613414 67108864.0 784000
1695740676039 67108864.0 788000
1695740739797 67108864.0 792000
1695740801702 67108864.0 796000
1695740864965 67108864.0 800000
1695740927171 67108864.0 804000
1695740989417 67108864.0 808000
1695741052749 67108864.0 812000
1695741116399 67108864.0 816000
1695741179133 67108864.0 820000
1695741242041 67108864.0 824000
1695741305148 67108864.0 828000
1695741368470 67108864.0 832000
1695741432708 67108864.0 836000
1695741500741 67108864.0 840000
1695741566781 67108864.0 844000
1695741631731 67108864.0 848000
1695741707372 67108864.0 852000
1695741770199 67108864.0 856000
1695741834275 67108864.0 860000
1695741896253 67108864.0 864000
1695741958423 67108864.0 868000
1695742020670 67108864.0 872000
1695742083817 67108864.0 876000
1695742146484 67108864.0 880000
1695742211602 67108864.0 884000
1695742275843 67108864.0 888000
1695742341584 67108864.0 892000
1695742413583 67108864.0 896000
1695742481916 67108864.0 900000
1695742548232 67108864.0 904000
1695742610700 67108864.0 908000
1695742672810 67108864.0 912000
1695742735096 67108864.0 916000
1695742798401 67108864.0 920000
1695742861501 67108864.0 924000
1695742924085 67108864.0 928000
1695742986324 67108864.0 932000
1695743049632 67108864.0 936000
1695743111910 67108864.0 940000
1695743175882 67108864.0 944000
1695743237845 67108864.0 948000
1695743299753 67108864.0 952000
1695743361947 67108864.0 956000
1695743425244 67108864.0 960000
1695743487723 67108864.0 964000
1695743552106 67108864.0 968000
1695743614260 67108864.0 972000
1695743677448 67108864.0 976000
1695743740493 67108864.0 980000
1695743804769 67108864.0 984000
1695743866946 67108864.0 988000
1695743930066 67108864.0 992000
1695743991696 67108864.0 996000
1695744055036 67108864.0 1000000
