1695731491921 0.0 244000
1695731555291 0.0 248000
1695731626934 0.0 252000
1695731693933 0.0 256000
1695731770372 0.0 260000
1695731847812 0.0 264000
1695731929250 0.0 268000
1695732007484 0.0 272000
1695732085546 0.0 276000
1695732161553 0.0 280000
1695732229784 0.0 284000
1695732296213 0.0 288000
1695732365325 0.0 292000
1695732431670 0.0 296000
1695732499241 0.0 300000
1695732565127 0.0 304000
1695732635397 0.0 308000
1695732703013 0.0 312000
1695732772336 0.0 316000
1695732841526 0.0 320000
1695732910187 0.0 324000
1695732988651 0.0 328000
1695733057715 0.0 332000
1695733127166 0.0 336000
1695733197146 0.0 340000
1695733266865 0.0 344000
1695733337678 0.0 348000
1695733406213 0.0 352000
1695733475048 0.0 356000
1695733547112 0.0 360000
1695733617680 0.0 364000
1695733686171 0.0 368000
1695733756153 0.0 372000
1695733824390 0.0 376000
1695733894894 0.0 380000
1695733964226 0.0 384000
1695734035228 0.0 388000
1695734104204 0.0 392000
1695734175633 0.0 396000
1695734244677 0.0 400000
1695734315701 0.0 404000
1695734384615 0.0 408000
1695734453393 0.0 412000
1695734520680 0.0 416000
1695734588387 0.0 420000
1695734658339 0.0 424000
1695734728005 0.0 428000
1695734796893 0.0 432000
1695734870238 0.0 436000
1695734945769 0.0 440000
1695735017082 0.0 444000
1695735086372 0.0 448000
1695735161695 0.0 452000
1695735231938 0.0 456000
1695735305881 0.0 460000
1695735382133 0.0 464000
1695735453135 0.0 468000
1695735524363 0.0 472000
1695735599140 0.0 476000
1695735678644 0.0 480000
1695735759764 0.0 484000
1695735842329 0.0 488000
1695735925755 0.0 492000
1695736013430 0.0 496000
1695736097276 0.0 500000
1695736173603 0.0 504000
1695736248861 0.0 508000
1695736320571 0.0 512000
1695736388151 0.0 516000
1695736454287 0.0 520000
1695736520619 0.0 524000
1695736587048 0.0 528000
1695736651680 0.0 532000
1695736716116 0.0 536000
1695736779465 0.0 540000
1695736842181 0.0 544000
1695736905379 0.0 548000
1695736968445 0.0 552000
1695737032143 0.0 556000
1695737094055 0.0 560000
1695737157963 0.0 564000
1695737219629 0.0 568000
1695737281944 0.0 572000
1695737344627 0.0 576000
1695737411958 0.0 580000
1695737478241 0.0 584000
1695737541910 0.0 588000
1695737604347 0.0 592000
1695737666430 0.0 596000
1695737728639 0.0 600000
1695737791564 0.0 604000
1695737853523 0.0 608000
1695737916211 0.0 612000
1695737978580 0.0 616000
1695738041225 0.0 620000
1695738103476 0.0 624000
1695738167313 0.0 628000
1695738229983 0.0 632000
1695738292541 0.0 636000
1695738355030 0.0 640000
1695738417891 0.0 644000
1695738479843 0.0 648000
1695738542433 0.0 652000
1695738605869 0.0 656000
1695738668141 0.0 660000
1695738731695 0.0 664000
1695738794163 0.0 668000
1695738858506 0.0 672000
1695738921246 0.0 676000
1695738984447 0.0 680000
1695739046706 0.0 684000
1695739110081 0.0 688000
1695739171954 0.0 692000
1695739235482 0.0 696000
1695739297730 0.0 700000
1695739360539 0.0 704000
1695739423224 0.0 708000
1695739488017 0.0 712000
1695739550670 0.0 716000
1695739613297 0.0 720000
1695739676000 0.0 724000
1695739737789 0.0 728000
1695739800472 0.0 732000
1695739862709 0.0 736000
1695739925853 0.0 740000
1695739987695 0.0 744000
1695740051597 0.0 748000
1695740114409 0.0 752000
1695740177631 0.0 756000
1695740240103 0.0 760000
1695740301968 0.0 764000
1695740363552 0.0 768000
1695740426041 0.0 772000
1695740488872 0.0 776000
1695740550711 0.0 780000
1695740613412 0.0 784000
1695740676036 0.0 788000
1695740739794 0.0 792000
1695740801699 0.0 796000
1695740864962 0.0 800000
1695740927167 0.0 804000
1695740989414 0.0 808000
1695741052746 0.0 812000
1695741116396 0.0 816000
1695741179130 0.0 820000
1695741242038 0.0 824000
1695741305145 0.0 828000
1695741368467 0.0 832000
1695741432705 0.0 836000
1695741500738 0.0 840000
1695741566778 0.0 844000
1695741631728 0.0 848000
1695741707369 0.0 852000
1695741770196 0.0 856000
1695741834272 0.0 860000
1695741896250 0.0 864000
1695741958420 0.0 868000
1695742020667 0.0 872000
1695742083814 0.0 876000
1695742146481 0.0 880000
1695742211598 0.0 884000
1695742275840 0.0 888000
1695742341581 0.0 892000
1695742413580 0.0 896000
1695742481913 0.0 900000
1695742548229 0.0 904000
1695742610697 0.0 908000
1695742672807 0.0 912000
1695742735093 0.0 916000
1695742798398 0.0 920000
1695742861498 0.0 924000
1695742924082 0.0 928000
1695742986321 0.0 932000
1695743049629 0.0 936000
1695743111907 0.0 940000
1695743175879 0.0 944000
1695743237842 0.0 948000
1695743299750 0.0 952000
1695743361944 0.0 956000
1695743425241 0.0 960000
1695743487720 0.0 964000
1695743552103 0.0 968000
1695743614257 0.0 972000
1695743677446 0.0 976000
1695743740490 0.0 980000
1695743804766 0.0 984000
1695743866943 0.0 988000
1695743930064 0.0 992000
1695743991693 0.0 996000
1695744055034 0.0 1000000
