1695731491946 0.0 244000
1695731555315 0.0 248000
1695731626954 0.0 252000
1695731693955 0.0 256000
1695731770397 0.0 260000
1695731847841 0.0 264000
1695731929275 0.0 268000
1695732007508 0.0 272000
1695732085570 0.0 276000
1695732161573 0.0 280000
1695732229804 0.0 284000
1695732296236 0.0 288000
1695732365347 0.0 292000
1695732431690 0.0 296000
1695732499261 0.0 300000
1695732565152 0.0 304000
1695732635421 0.0 308000
1695732703036 0.0 312000
1695732772357 0.0 316000
1695732841547 0.0 320000
1695732910207 0.0 324000
1695732988671 0.0 328000
1695733057738 0.0 332000
1695733127187 0.0 336000
1695733197168 0.0 340000
1695733266889 0.0 344000
1695733337703 0.0 348000
1695733406234 0.0 352000
1695733475069 0.0 356000
1695733547136 0.0 360000
1695733617702 0.0 364000
1695733686194 0.0 368000
1695733756174 0.0 372000
1695733824410 0.0 376000
1695733894915 0.0 380000
1695733964246 0.0 384000
1695734035251 0.0 388000
1695734104225 0.0 392000
1695734175654 0.0 396000
1695734244698 0.0 400000
1695734315722 0.0 404000
1695734384636 0.0 408000
1695734453414 0.0 412000
1695734520702 0.0 416000
1695734588408 0.0 420000
1695734658360 0.0 424000
1695734728026 0.0 428000
1695734796913 0.0 432000
1695734870268 0.0 436000
1695734945791 0.0 440000
1695735017106 0.0 444000
1695735086392 0.0 448000
1695735161716 0.0 452000
1695735231959 0.0 456000
1695735305904 0.0 460000
1695735382157 0.0 464000
1695735453156 0.0 468000
1695735524383 0.0 472000
1695735599162 0.0 476000
1695735678667 0.0 480000
1695735759787 0.0 484000
1695735842353 0.0 488000
1695735925783 0.0 492000
1695736013454 0.0 496000
1695736097301 0.0 500000
1695736173626 0.0 504000
1695736248889 0.0 508000
1695736320595 0.0 512000
1695736388171 0.0 516000
1695736454307 0.0 520000
1695736520639 0.0 524000
1695736587067 0.0 528000
1695736651702 0.0 532000
1695736716136 0.0 536000
1695736779483 0.0 540000
1695736842200 0.0 544000
1695736905400 0.0 548000
1695736968463 0.0 552000
1695737032162 0.0 556000
1695737094073 0.0 560000
1695737157981 0.0 564000
1695737219649 0.0 568000
1695737281964 0.0 572000
1695737344648 0.0 576000
1695737411979 0.0 580000
1695737478261 0.0 584000
1695737541928 0.0 588000
1695737604367 0.0 592000
1695737666452 0.0 596000
1695737728657 0.0 600000
1695737791584 0.0 604000
1695737853543 0.0 608000
1695737916230 0.0 612000
1695737978601 0.0 616000
1695738041243 0.0 620000
1695738103497 0.0 624000
1695738167332 0.0 628000
1695738230003 0.0 632000
1695738292559 0.0 636000
1695738355049 0.0 640000
1695738417910 0.0 644000
1695738479863 0.0 648000
1695738542452 0.0 652000
1695738605890 0.0 656000
1695738668161 0.0 660000
1695738731713 0.0 664000
1695738794183 0.0 668000
1695738858525 0.0 672000
1695738921267 0.0 676000
1695738984471 0.0 680000
1695739046725 0.0 684000
1695739110099 0.0 688000
1695739171973 0.0 692000
1695739235501 0.0 696000
1695739297748 0.0 700000
1695739360559 0.0 704000
1695739423244 0.0 708000
1695739488036 0.0 712000
1695739550690 0.0 716000
1695739613316 0.0 720000
1695739676019 0.0 724000
1695739737809 0.0 728000
1695739800492 0.0 732000
1695739862730 0.0 736000
1695739925872 0.0 740000
1695739987714 0.0 744000
1695740051617 0.0 748000
1695740114430 0.0 752000
1695740177649 0.0 756000
1695740240121 0.0 760000
1695740301987 0.0 764000
1695740363571 0.0 768000
1695740426060 0.0 772000
1695740488893 0.0 776000
1695740550729 0.0 780000
1695740613431 0.0 784000
1695740676054 0.0 788000
1695740739813 0.0 792000
1695740801718 0.0 796000
1695740864981 0.0 800000
1695740927188 0.0 804000
1695740989433 0.0 808000
1695741052767 0.0 812000
1695741116416 0.0 816000
1695741179151 0.0 820000
1695741242057 0.0 824000
1695741305164 0.0 828000
1695741368486 0.0 832000
1695741432724 0.0 836000
1695741500759 0.0 840000
1695741566799 0.0 844000
1695741631748 0.0 848000
1695741707389 0.0 852000
1695741770216 0.0 856000
1695741834291 0.0 860000
1695741896274 0.0 864000
1695741958439 0.0 868000
1695742020688 0.0 872000
1695742083835 0.0 876000
1695742146502 0.0 880000
1695742211619 0.0 884000
1695742275859 0.0 888000
1695742341601 0.0 892000
1695742413613 0.0 896000
1695742481933 0.0 900000
1695742548249 0.0 904000
1695742610716 0.0 908000
1695742672826 0.0 912000
1695742735113 0.0 916000
1695742798419 0.0 920000
1695742861517 0.0 924000
1695742924104 0.0 928000
1695742986340 0.0 932000
1695743049649 0.0 936000
1695743111927 0.0 940000
1695743175898 0.0 944000
1695743237861 0.0 948000
1695743299770 0.0 952000
1695743361964 0.0 956000
1695743425261 0.0 960000
1695743487739 0.0 964000
1695743552123 0.0 968000
1695743614276 0.0 972000
1695743677464 0.0 976000
1695743740509 0.0 980000
1695743804785 0.0 984000
1695743866964 0.0 988000
1695743930082 0.0 992000
1695743991714 0.0 996000
1695744055052 0.0 1000000
