1695731491911 0.0 244000
1695731555281 0.0 248000
1695731626925 0.0 252000
1695731693923 0.0 256000
1695731770362 0.0 260000
1695731847801 0.0 264000
1695731929240 0.0 268000
1695732007474 0.0 272000
1695732085536 0.0 276000
1695732161545 0.0 280000
1695732229775 0.0 284000
1695732296204 0.0 288000
1695732365315 0.0 292000
1695732431661 0.0 296000
1695732499232 0.0 300000
1695732565118 0.0 304000
1695732635386 0.0 308000
1695732703004 0.0 312000
1695732772327 0.0 316000
1695732841518 0.0 320000
1695732910179 0.0 324000
1695732988643 0.0 328000
1695733057705 0.0 332000
1695733127158 0.0 336000
1695733197138 0.0 340000
1695733266855 0.0 344000
1695733337667 0.0 348000
1695733406204 0.0 352000
1695733475039 0.0 356000
1695733547103 0.0 360000
1695733617671 0.0 364000
1695733686162 0.0 368000
1695733756144 0.0 372000
1695733824381 0.0 376000
1695733894885 0.0 380000
1695733964217 0.0 384000
1695734035219 0.0 388000
1695734104195 0.0 392000
1695734175624 0.0 396000
1695734244668 0.0 400000
1695734315692 0.0 404000
1695734384604 0.0 408000
1695734453385 0.0 412000
1695734520672 0.0 416000
1695734588379 0.0 420000
1695734658330 0.0 424000
1695734727996 0.0 428000
1695734796885 0.0 432000
1695734870228 0.0 436000
1695734945760 0.0 440000
1695735017072 0.0 444000
1695735086363 0.0 448000
1695735161686 0.0 452000
1695735231929 0.0 456000
1695735305871 0.0 460000
1695735382121 0.0 464000
1695735453126 0.0 468000
1695735524354 0.0 472000
1695735599130 0.0 476000
1695735678632 0.0 480000
1695735759754 0.0 484000
1695735842319 0.0 488000
1695735925745 0.0 492000
1695736013420 0.0 496000
1695736097267 0.0 500000
1695736173593 0.0 504000
1695736248845 0.0 508000
1695736320561 0.0 512000
1695736388143 0.0 516000
1695736454279 0.0 520000
1695736520611 0.0 524000
1695736587040 0.0 528000
1695736651671 0.0 532000
1695736716107 0.0 536000
1695736779457 0.0 540000
1695736842173 0.0 544000
1695736905370 0.0 548000
1695736968437 0.0 552000
1695737032135 0.0 556000
1695737094047 0.0 560000
1695737157955 0.0 564000
1695737219621 0.0 568000
1695737281936 0.0 572000
1695737344618 0.0 576000
1695737411948 0.0 580000
1695737478233 0.0 584000
1695737541902 0.0 588000
1695737604339 0.0 592000
1695737666421 0.0 596000
1695737728631 0.0 600000
1695737791556 0.0 604000
1695737853515 0.0 608000
1695737916204 0.0 612000
1695737978572 0.0 616000
1695738041217 0.0 620000
1695738103467 0.0 624000
1695738167305 0.0 628000
1695738229975 0.0 632000
1695738292533 0.0 636000
1695738355022 0.0 640000
1695738417883 0.0 644000
1695738479836 0.0 648000
1695738542425 0.0 652000
1695738605861 0.0 656000
1695738668133 0.0 660000
1695738731686 0.0 664000
1695738794155 0.0 668000
1695738858498 0.0 672000
1695738921237 0.0 676000
1695738984438 0.0 680000
1695739046699 0.0 684000
1695739110073 0.0 688000
1695739171946 0.0 692000
1695739235474 0.0 696000
1695739297722 0.0 700000
1695739360531 0.0 704000
1695739423216 0.0 708000
1695739488009 0.0 712000
1695739550662 0.0 716000
1695739613289 0.0 720000
1695739675992 0.0 724000
1695739737781 0.0 728000
1695739800464 0.0 732000
1695739862700 0.0 736000
1695739925844 0.0 740000
1695739987687 0.0 744000
1695740051589 0.0 748000
1695740114401 0.0 752000
1695740177623 0.0 756000
1695740240094 0.0 760000
1695740301960 0.0 764000
1695740363543 0.0 768000
1695740426034 0.0 772000
1695740488863 0.0 776000
1695740550702 0.0 780000
1695740613403 0.0 784000
1695740676028 0.0 788000
1695740739786 0.0 792000
1695740801691 0.0 796000
1695740864954 0.0 800000
1695740927159 0.0 804000
1695740989406 0.0 808000
1695741052737 0.0 812000
1695741116387 0.0 816000
1695741179121 0.0 820000
1695741242030 0.0 824000
1695741305136 0.0 828000
1695741368459 0.0 832000
1695741432696 0.0 836000
1695741500729 0.0 840000
1695741566770 0.0 844000
1695741631719 0.0 848000
1695741707356 0.0 852000
1695741770188 0.0 856000
1695741834263 0.0 860000
1695741896240 0.0 864000
1695741958412 0.0 868000
1695742020659 0.0 872000
1695742083805 0.0 876000
1695742146472 0.0 880000
1695742211590 0.0 884000
1695742275831 0.0 888000
1695742341573 0.0 892000
1695742413568 0.0 896000
1695742481903 0.0 900000
1695742548222 0.0 904000
1695742610690 0.0 908000
1695742672800 0.0 912000
1695742735086 0.0 916000
1695742798390 0.0 920000
1695742861490 0.0 924000
1695742924073 0.0 928000
1695742986313 0.0 932000
1695743049620 0.0 936000
1695743111900 0.0 940000
1695743175871 0.0 944000
1695743237833 0.0 948000
1695743299742 0.0 952000
1695743361935 0.0 956000
1695743425233 0.0 960000
1695743487713 0.0 964000
1695743552095 0.0 968000
1695743614249 0.0 972000
1695743677438 0.0 976000
1695743740483 0.0 980000
1695743804758 0.0 984000
1695743866934 0.0 988000
1695743930056 0.0 992000
1695743991686 0.0 996000
1695744055026 0.0 1000000
