1695731491910 0.0 244000
1695731555281 0.0 248000
1695731626925 0.0 252000
1695731693922 0.0 256000
1695731770361 0.0 260000
1695731847800 0.0 264000
1695731929238 0.0 268000
1695732007473 0.0 272000
1695732085535 0.0 276000
1695732161544 0.0 280000
1695732229774 0.0 284000
1695732296203 0.0 288000
1695732365315 0.0 292000
1695732431660 0.0 296000
1695732499231 0.0 300000
1695732565117 0.0 304000
1695732635386 0.0 308000
1695732703003 0.0 312000
1695732772326 0.0 316000
1695732841517 0.0 320000
1695732910178 0.0 324000
1695732988642 0.0 328000
1695733057704 0.0 332000
1695733127157 0.0 336000
1695733197137 0.0 340000
1695733266855 0.0 344000
1695733337666 0.0 348000
1695733406203 0.0 352000
1695733475038 0.0 356000
1695733547102 0.0 360000
1695733617670 0.0 364000
1695733686161 0.0 368000
1695733756144 0.0 372000
1695733824380 0.0 376000
1695733894884 0.0 380000
1695733964217 0.0 384000
1695734035218 0.0 388000
1695734104194 0.0 392000
1695734175623 0.0 396000
1695734244667 0.0 400000
1695734315692 0.0 404000
1695734384603 0.0 408000
1695734453384 0.0 412000
1695734520671 0.0 416000
1695734588377 0.0 420000
1695734658329 0.0 424000
1695734727996 0.0 428000
1695734796884 0.0 432000
1695734870227 0.0 436000
1695734945759 0.0 440000
1695735017072 0.0 444000
1695735086362 0.0 448000
1695735161685 0.0 452000
1695735231928 0.0 456000
1695735305870 0.0 460000
1695735382120 0.0 464000
1695735453125 0.0 468000
1695735524353 0.0 472000
1695735599130 0.0 476000
1695735678631 0.0 480000
1695735759753 0.0 484000
1695735842318 0.0 488000
1695735925744 0.0 492000
1695736013419 0.0 496000
1695736097266 0.0 500000
1695736173592 0.0 504000
1695736248844 0.0 508000
1695736320560 0.0 512000
1695736388142 0.0 516000
1695736454278 0.0 520000
1695736520610 0.0 524000
1695736587039 0.0 528000
1695736651671 0.0 532000
1695736716106 0.0 536000
1695736779457 0.0 540000
1695736842173 0.0 544000
1695736905369 0.0 548000
1695736968436 0.0 552000
1695737032134 0.0 556000
1695737094046 0.0 560000
1695737157954 0.0 564000
1695737219620 0.0 568000
1695737281935 0.0 572000
1695737344617 0.0 576000
1695737411948 0.0 580000
1695737478232 0.0 584000
1695737541901 0.0 588000
1695737604338 0.0 592000
1695737666420 0.0 596000
1695737728630 0.0 600000
1695737791556 0.0 604000
1695737853515 0.0 608000
1695737916203 0.0 612000
1695737978571 0.0 616000
1695738041216 0.0 620000
1695738103466 0.0 624000
1695738167304 0.0 628000
1695738229974 0.0 632000
1695738292532 0.0 636000
1695738355021 0.0 640000
1695738417882 0.0 644000
1695738479835 0.0 648000
1695738542424 0.0 652000
1695738605860 0.0 656000
1695738668133 0.0 660000
1695738731685 0.0 664000
1695738794154 0.0 668000
1695738858497 0.0 672000
1695738921236 0.0 676000
1695738984437 0.0 680000
1695739046698 0.0 684000
1695739110072 0.0 688000
1695739171945 0.0 692000
1695739235473 0.0 696000
1695739297722 0.0 700000
1695739360530 0.0 704000
1695739423215 0.0 708000
1695739488009 0.0 712000
1695739550661 0.0 716000
1695739613289 0.0 720000
1695739675991 0.0 724000
1695739737780 0.0 728000
1695739800464 0.0 732000
1695739862699 0.0 736000
1695739925844 0.0 740000
1695739987686 0.0 744000
1695740051588 0.0 748000
1695740114400 0.0 752000
1695740177622 0.0 756000
1695740240094 0.0 760000
1695740301959 0.0 764000
1695740363542 0.0 768000
1695740426033 0.0 772000
1695740488863 0.0 776000
1695740550701 0.0 780000
1695740613402 0.0 784000
1695740676027 0.0 788000
1695740739785 0.0 792000
1695740801691 0.0 796000
1695740864953 0.0 800000
1695740927158 0.0 804000
1695740989405 0.0 808000
1695741052737 0.0 812000
1695741116387 0.0 816000
1695741179120 0.0 820000
1695741242030 0.0 824000
1695741305135 0.0 828000
1695741368458 0.0 832000
1695741432696 0.0 836000
1695741500728 0.0 840000
1695741566769 0.0 844000
1695741631718 0.0 848000
1695741707354 0.0 852000
1695741770187 0.0 856000
1695741834262 0.0 860000
1695741896239 0.0 864000
1695741958411 0.0 868000
1695742020658 0.0 872000
1695742083804 0.0 876000
1695742146472 0.0 880000
1695742211589 0.0 884000
1695742275831 0.0 888000
1695742341572 0.0 892000
1695742413567 0.0 896000
1695742481901 0.0 900000
1695742548221 0.0 904000
1695742610689 0.0 908000
1695742672799 0.0 912000
1695742735085 0.0 916000
1695742798389 0.0 920000
1695742861489 0.0 924000
1695742924072 0.0 928000
1695742986313 0.0 932000
1695743049620 0.0 936000
1695743111899 0.0 940000
1695743175870 0.0 944000
1695743237833 0.0 948000
1695743299741 0.0 952000
1695743361934 0.0 956000
1695743425233 0.0 960000
1695743487712 0.0 964000
1695743552095 0.0 968000
1695743614248 0.0 972000
1695743677437 0.0 976000
1695743740482 0.0 980000
1695743804757 0.0 984000
1695743866934 0.0 988000
1695743930055 0.0 992000
1695743991685 0.0 996000
1695744055025 0.0 1000000
