1695731491901 0.0 244000
1695731555273 0.0 248000
1695731626918 0.0 252000
1695731693915 0.0 256000
1695731770353 0.0 260000
1695731847789 0.0 264000
1695731929228 0.0 268000
1695732007464 0.0 272000
1695732085526 0.0 276000
1695732161537 0.0 280000
1695732229767 0.0 284000
1695732296196 0.0 288000
1695732365307 0.0 292000
1695732431653 0.0 296000
1695732499224 0.0 300000
1695732565109 0.0 304000
1695732635377 0.0 308000
1695732702995 0.0 312000
1695732772318 0.0 316000
1695732841510 0.0 320000
1695732910171 0.0 324000
1695732988635 0.0 328000
1695733057696 0.0 332000
1695733127150 0.0 336000
1695733197130 0.0 340000
1695733266847 0.0 344000
1695733337657 0.0 348000
1695733406196 0.0 352000
1695733475030 0.0 356000
1695733547094 0.0 360000
1695733617663 0.0 364000
1695733686153 0.0 368000
1695733756137 0.0 372000
1695733824374 0.0 376000
1695733894877 0.0 380000
1695733964210 0.0 384000
1695734035209 0.0 388000
1695734104187 0.0 392000
1695734175616 0.0 396000
1695734244660 0.0 400000
1695734315684 0.0 404000
1695734384596 0.0 408000
1695734453377 0.0 412000
1695734520663 0.0 416000
1695734588370 0.0 420000
1695734658322 0.0 424000
1695734727988 0.0 428000
1695734796878 0.0 432000
1695734870218 0.0 436000
1695734945752 0.0 440000
1695735017063 0.0 444000
1695735086355 0.0 448000
1695735161678 0.0 452000
1695735231921 0.0 456000
1695735305862 0.0 460000
1695735382111 0.0 464000
1695735453118 0.0 468000
1695735524346 0.0 472000
1695735599122 0.0 476000
1695735678623 0.0 480000
1695735759745 0.0 484000
1695735842310 0.0 488000
1695735925736 0.0 492000
1695736013411 0.0 496000
1695736097258 0.0 500000
1695736173585 0.0 504000
1695736248836 0.0 508000
1695736320552 0.0 512000
1695736388135 0.0 516000
1695736454272 0.0 520000
1695736520603 0.0 524000
1695736587032 0.0 528000
1695736651663 0.0 532000
1695736716099 0.0 536000
1695736779450 0.0 540000
1695736842165 0.0 544000
1695736905362 0.0 548000
1695736968430 0.0 552000
1695737032127 0.0 556000
1695737094040 0.0 560000
1695737157948 0.0 564000
1695737219614 0.0 568000
1695737281929 0.0 572000
1695737344610 0.0 576000
1695737411940 0.0 580000
1695737478225 0.0 584000
1695737541893 0.0 588000
1695737604331 0.0 592000
1695737666413 0.0 596000
1695737728624 0.0 600000
1695737791549 0.0 604000
1695737853509 0.0 608000
1695737916197 0.0 612000
1695737978565 0.0 616000
1695738041210 0.0 620000
1695738103459 0.0 624000
1695738167298 0.0 628000
1695738229968 0.0 632000
1695738292526 0.0 636000
1695738355014 0.0 640000
1695738417876 0.0 644000
1695738479828 0.0 648000
1695738542417 0.0 652000
1695738605853 0.0 656000
1695738668127 0.0 660000
1695738731679 0.0 664000
1695738794147 0.0 668000
1695738858490 0.0 672000
1695738921229 0.0 676000
1695738984429 0.0 680000
1695739046691 0.0 684000
1695739110066 0.0 688000
1695739171939 0.0 692000
1695739235467 0.0 696000
1695739297715 0.0 700000
1695739360524 0.0 704000
1695739423208 0.0 708000
1695739488001 0.0 712000
1695739550655 0.0 716000
1695739613281 0.0 720000
1695739675984 0.0 724000
1695739737773 0.0 728000
1695739800457 0.0 732000
1695739862692 0.0 736000
1695739925836 0.0 740000
1695739987679 0.0 744000
1695740051581 0.0 748000
1695740114393 0.0 752000
1695740177615 0.0 756000
1695740240087 0.0 760000
1695740301953 0.0 764000
1695740363535 0.0 768000
1695740426026 0.0 772000
1695740488856 0.0 776000
1695740550694 0.0 780000
1695740613396 0.0 784000
1695740676021 0.0 788000
1695740739778 0.0 792000
1695740801684 0.0 796000
1695740864947 0.0 800000
1695740927151 0.0 804000
1695740989399 0.0 808000
1695741052730 0.0 812000
1695741116380 0.0 816000
1695741179114 0.0 820000
1695741242023 0.0 824000
1695741305127 0.0 828000
1695741368452 0.0 832000
1695741432689 0.0 836000
1695741500721 0.0 840000
1695741566762 0.0 844000
1695741631711 0.0 848000
1695741707343 0.0 852000
1695741770181 0.0 856000
1695741834255 0.0 860000
1695741896229 0.0 864000
1695741958405 0.0 868000
1695742020651 0.0 872000
1695742083797 0.0 876000
1695742146465 0.0 880000
1695742211583 0.0 884000
1695742275824 0.0 888000
1695742341565 0.0 892000
1695742413558 0.0 896000
1695742481895 0.0 900000
1695742548214 0.0 904000
1695742610682 0.0 908000
1695742672793 0.0 912000
1695742735078 0.0 916000
1695742798382 0.0 920000
1695742861482 0.0 924000
1695742924064 0.0 928000
1695742986306 0.0 932000
1695743049613 0.0 936000
1695743111893 0.0 940000
1695743175863 0.0 944000
1695743237826 0.0 948000
1695743299734 0.0 952000
1695743361928 0.0 956000
1695743425226 0.0 960000
1695743487705 0.0 964000
1695743552088 0.0 968000
1695743614241 0.0 972000
1695743677431 0.0 976000
1695743740475 0.0 980000
1695743804751 0.0 984000
1695743866926 0.0 988000
1695743930048 0.0 992000
1695743991678 0.0 996000
1695744055018 0.0 1000000
