1695731491949 0.0 244000
1695731555318 0.0 248000
1695731626956 0.0 252000
1695731693957 0.0 256000
1695731770399 0.0 260000
1695731847844 0.0 264000
1695731929278 0.0 268000
1695732007510 0.0 272000
1695732085573 0.0 276000
1695732161575 0.0 280000
1695732229806 0.0 284000
1695732296239 0.0 288000
1695732365349 0.0 292000
1695732431692 0.0 296000
1695732499263 0.0 300000
1695732565155 0.0 304000
1695732635423 0.0 308000
1695732703039 0.0 312000
1695732772360 0.0 316000
1695732841549 0.0 320000
1695732910209 0.0 324000
1695732988674 0.0 328000
1695733057740 0.0 332000
1695733127190 0.0 336000
1695733197170 0.0 340000
1695733266891 0.0 344000
1695733337706 0.0 348000
1695733406236 0.0 352000
1695733475071 0.0 356000
1695733547138 0.0 360000
1695733617704 0.0 364000
1695733686196 0.0 368000
1695733756176 0.0 372000
1695733824412 0.0 376000
1695733894917 0.0 380000
1695733964248 0.0 384000
1695734035254 0.0 388000
1695734104227 0.0 392000
1695734175656 0.0 396000
1695734244700 0.0 400000
1695734315725 0.0 404000
1695734384638 0.0 408000
1695734453416 0.0 412000
1695734520704 0.0 416000
1695734588411 0.0 420000
1695734658363 0.0 424000
1695734728028 0.0 428000
1695734796915 0.0 432000
1695734870272 0.0 436000
1695734945794 0.0 440000
1695735017109 0.0 444000
1695735086395 0.0 448000
1695735161718 0.0 452000
1695735231961 0.0 456000
1695735305907 0.0 460000
1695735382160 0.0 464000
1695735453159 0.0 468000
1695735524385 0.0 472000
1695735599165 0.0 476000
1695735678670 0.0 480000
1695735759790 0.0 484000
1695735842356 0.0 488000
1695735925786 0.0 492000
1695736013457 0.0 496000
1695736097305 0.0 500000
1695736173628 0.0 504000
1695736248893 0.0 508000
1695736320598 0.0 512000
1695736388173 0.0 516000
1695736454310 0.0 520000
1695736520641 0.0 524000
1695736587069 0.0 528000
1695736651705 0.0 532000
1695736716138 0.0 536000
1695736779485 0.0 540000
1695736842203 0.0 544000
1695736905402 0.0 548000
1695736968465 0.0 552000
1695737032164 0.0 556000
1695737094075 0.0 560000
1695737157984 0.0 564000
1695737219651 0.0 568000
1695737281966 0.0 572000
1695737344650 0.0 576000
1695737411981 0.0 580000
1695737478263 0.0 584000
1695737541931 0.0 588000
1695737604369 0.0 592000
1695737666454 0.0 596000
1695737728659 0.0 600000
1695737791586 0.0 604000
1695737853545 0.0 608000
1695737916233 0.0 612000
1695737978604 0.0 616000
1695738041245 0.0 620000
1695738103499 0.0 624000
1695738167335 0.0 628000
1695738230005 0.0 632000
1695738292562 0.0 636000
1695738355051 0.0 640000
1695738417912 0.0 644000
1695738479866 0.0 648000
1695738542454 0.0 652000
1695738605892 0.0 656000
1695738668164 0.0 660000
1695738731716 0.0 664000
1695738794185 0.0 668000
1695738858527 0.0 672000
1695738921269 0.0 676000
1695738984473 0.0 680000
1695739046727 0.0 684000
1695739110101 0.0 688000
1695739171975 0.0 692000
1695739235503 0.0 696000
1695739297751 0.0 700000
1695739360562 0.0 704000
1695739423247 0.0 708000
1695739488038 0.0 712000
1695739550692 0.0 716000
1695739613318 0.0 720000
1695739676021 0.0 724000
1695739737811 0.0 728000
1695739800494 0.0 732000
1695739862733 0.0 736000
1695739925874 0.0 740000
1695739987717 0.0 744000
1695740051619 0.0 748000
1695740114433 0.0 752000
1695740177652 0.0 756000
1695740240123 0.0 760000
1695740301989 0.0 764000
1695740363573 0.0 768000
1695740426062 0.0 772000
1695740488896 0.0 776000
1695740550731 0.0 780000
1695740613433 0.0 784000
1695740676057 0.0 788000
1695740739815 0.0 792000
1695740801720 0.0 796000
1695740864983 0.0 800000
1695740927191 0.0 804000
1695740989435 0.0 808000
1695741052769 0.0 812000
1695741116418 0.0 816000
1695741179153 0.0 820000
1695741242059 0.0 824000
1695741305166 0.0 828000
1695741368488 0.0 832000
1695741432727 0.0 836000
1695741500761 0.0 840000
1695741566801 0.0 844000
1695741631750 0.0 848000
1695741707392 0.0 852000
1695741770219 0.0 856000
1695741834294 0.0 860000
1695741896277 0.0 864000
1695741958441 0.0 868000
1695742020690 0.0 872000
1695742083837 0.0 876000
1695742146504 0.0 880000
1695742211622 0.0 884000
1695742275861 0.0 888000
1695742341603 0.0 892000
1695742413616 0.0 896000
1695742481935 0.0 900000
1695742548251 0.0 904000
1695742610718 0.0 908000
1695742672828 0.0 912000
1695742735115 0.0 916000
1695742798421 0.0 920000
1695742861519 0.0 924000
1695742924107 0.0 928000
1695742986342 0.0 932000
1695743049652 0.0 936000
1695743111929 0.0 940000
1695743175900 0.0 944000
1695743237864 0.0 948000
1695743299772 0.0 952000
1695743361966 0.0 956000
1695743425263 0.0 960000
1695743487741 0.0 964000
1695743552125 0.0 968000
1695743614278 0.0 972000
1695743677466 0.0 976000
1695743740511 0.0 980000
1695743804788 0.0 984000
1695743866966 0.0 988000
1695743930084 0.0 992000
1695743991716 0.0 996000
1695744055054 0.0 1000000
