1695731491908 0.0 244000
1695731555279 0.0 248000
1695731626923 0.0 252000
1695731693921 0.0 256000
1695731770360 0.0 260000
1695731847798 0.0 264000
1695731929236 0.0 268000
1695732007471 0.0 272000
1695732085533 0.0 276000
1695732161543 0.0 280000
1695732229773 0.0 284000
1695732296201 0.0 288000
1695732365313 0.0 292000
1695732431659 0.0 296000
1695732499230 0.0 300000
1695732565115 0.0 304000
1695732635384 0.0 308000
1695732703001 0.0 312000
1695732772325 0.0 316000
1695732841515 0.0 320000
1695732910177 0.0 324000
1695732988640 0.0 328000
1695733057702 0.0 332000
1695733127155 0.0 336000
1695733197135 0.0 340000
1695733266853 0.0 344000
1695733337664 0.0 348000
1695733406202 0.0 352000
1695733475036 0.0 356000
1695733547100 0.0 360000
1695733617669 0.0 364000
1695733686159 0.0 368000
1695733756142 0.0 372000
1695733824379 0.0 376000
1695733894883 0.0 380000
1695733964215 0.0 384000
1695734035216 0.0 388000
1695734104193 0.0 392000
1695734175621 0.0 396000
1695734244666 0.0 400000
1695734315690 0.0 404000
1695734384602 0.0 408000
1695734453383 0.0 412000
1695734520669 0.0 416000
1695734588376 0.0 420000
1695734658328 0.0 424000
1695734727994 0.0 428000
1695734796883 0.0 432000
1695734870225 0.0 436000
1695734945758 0.0 440000
1695735017070 0.0 444000
1695735086360 0.0 448000
1695735161684 0.0 452000
1695735231926 0.0 456000
1695735305868 0.0 460000
1695735382118 0.0 464000
1695735453123 0.0 468000
1695735524352 0.0 472000
1695735599128 0.0 476000
1695735678629 0.0 480000
1695735759751 0.0 484000
1695735842316 0.0 488000
1695735925742 0.0 492000
1695736013418 0.0 496000
1695736097264 0.0 500000
1695736173590 0.0 504000
1695736248843 0.0 508000
1695736320558 0.0 512000
1695736388141 0.0 516000
1695736454277 0.0 520000
1695736520608 0.0 524000
1695736587038 0.0 528000
1695736651669 0.0 532000
1695736716105 0.0 536000
1695736779455 0.0 540000
1695736842170 0.0 544000
1695736905367 0.0 548000
1695736968435 0.0 552000
1695737032132 0.0 556000
1695737094045 0.0 560000
1695737157953 0.0 564000
1695737219619 0.0 568000
1695737281933 0.0 572000
1695737344616 0.0 576000
1695737411946 0.0 580000
1695737478231 0.0 584000
1695737541900 0.0 588000
1695737604337 0.0 592000
1695737666419 0.0 596000
1695737728629 0.0 600000
1695737791554 0.0 604000
1695737853513 0.0 608000
1695737916202 0.0 612000
1695737978570 0.0 616000
1695738041214 0.0 620000
1695738103465 0.0 624000
1695738167303 0.0 628000
1695738229973 0.0 632000
1695738292531 0.0 636000
1695738355019 0.0 640000
1695738417881 0.0 644000
1695738479834 0.0 648000
1695738542422 0.0 652000
1695738605859 0.0 656000
1695738668131 0.0 660000
1695738731684 0.0 664000
1695738794152 0.0 668000
1695738858495 0.0 672000
1695738921234 0.0 676000
1695738984434 0.0 680000
1695739046696 0.0 684000
1695739110071 0.0 688000
1695739171944 0.0 692000
1695739235472 0.0 696000
1695739297720 0.0 700000
1695739360529 0.0 704000
1695739423213 0.0 708000
1695739488007 0.0 712000
1695739550660 0.0 716000
1695739613287 0.0 720000
1695739675989 0.0 724000
1695739737779 0.0 728000
1695739800462 0.0 732000
1695739862698 0.0 736000
1695739925842 0.0 740000
1695739987684 0.0 744000
1695740051587 0.0 748000
1695740114399 0.0 752000
1695740177621 0.0 756000
1695740240092 0.0 760000
1695740301958 0.0 764000
1695740363541 0.0 768000
1695740426031 0.0 772000
1695740488861 0.0 776000
1695740550700 0.0 780000
1695740613401 0.0 784000
1695740676026 0.0 788000
1695740739784 0.0 792000
1695740801689 0.0 796000
1695740864952 0.0 800000
1695740927156 0.0 804000
1695740989404 0.0 808000
1695741052735 0.0 812000
1695741116385 0.0 816000
1695741179119 0.0 820000
1695741242028 0.0 824000
1695741305133 0.0 828000
1695741368457 0.0 832000
1695741432694 0.0 836000
1695741500727 0.0 840000
1695741566768 0.0 844000
1695741631717 0.0 848000
1695741707351 0.0 852000
1695741770186 0.0 856000
1695741834261 0.0 860000
1695741896237 0.0 864000
1695741958410 0.0 868000
1695742020656 0.0 872000
1695742083803 0.0 876000
1695742146470 0.0 880000
1695742211588 0.0 884000
1695742275829 0.0 888000
1695742341571 0.0 892000
1695742413565 0.0 896000
1695742481900 0.0 900000
1695742548219 0.0 904000
1695742610688 0.0 908000
1695742672798 0.0 912000
1695742735083 0.0 916000
1695742798387 0.0 920000
1695742861487 0.0 924000
1695742924070 0.0 928000
1695742986311 0.0 932000
1695743049618 0.0 936000
1695743111897 0.0 940000
1695743175869 0.0 944000
1695743237831 0.0 948000
1695743299740 0.0 952000
1695743361933 0.0 956000
1695743425231 0.0 960000
1695743487710 0.0 964000
1695743552093 0.0 968000
1695743614246 0.0 972000
1695743677436 0.0 976000
1695743740480 0.0 980000
1695743804756 0.0 984000
1695743866932 0.0 988000
1695743930054 0.0 992000
1695743991683 0.0 996000
1695744055023 0.0 1000000
