1695731491944 0.0 244000
1695731555314 0.0 248000
1695731626952 0.0 252000
1695731693953 0.0 256000
1695731770395 0.0 260000
1695731847839 0.0 264000
1695731929273 0.0 268000
1695732007506 0.0 272000
1695732085569 0.0 276000
1695732161572 0.0 280000
1695732229802 0.0 284000
1695732296234 0.0 288000
1695732365345 0.0 292000
1695732431688 0.0 296000
1695732499259 0.0 300000
1695732565151 0.0 304000
1695732635419 0.0 308000
1695732703034 0.0 312000
1695732772356 0.0 316000
1695732841546 0.0 320000
1695732910206 0.0 324000
1695732988670 0.0 328000
1695733057736 0.0 332000
1695733127186 0.0 336000
1695733197166 0.0 340000
1695733266887 0.0 344000
1695733337701 0.0 348000
1695733406232 0.0 352000
1695733475067 0.0 356000
1695733547134 0.0 360000
1695733617700 0.0 364000
1695733686192 0.0 368000
1695733756172 0.0 372000
1695733824408 0.0 376000
1695733894913 0.0 380000
1695733964244 0.0 384000
1695734035250 0.0 388000
1695734104223 0.0 392000
1695734175652 0.0 396000
1695734244696 0.0 400000
1695734315720 0.0 404000
1695734384634 0.0 408000
1695734453412 0.0 412000
1695734520700 0.0 416000
1695734588407 0.0 420000
1695734658359 0.0 424000
1695734728024 0.0 428000
1695734796911 0.0 432000
1695734870265 0.0 436000
1695734945789 0.0 440000
1695735017104 0.0 444000
1695735086391 0.0 448000
1695735161714 0.0 452000
1695735231957 0.0 456000
1695735305903 0.0 460000
1695735382155 0.0 464000
1695735453155 0.0 468000
1695735524381 0.0 472000
1695735599160 0.0 476000
1695735678665 0.0 480000
1695735759786 0.0 484000
1695735842351 0.0 488000
1695735925781 0.0 492000
1695736013452 0.0 496000
1695736097299 0.0 500000
1695736173624 0.0 504000
1695736248887 0.0 508000
1695736320593 0.0 512000
1695736388169 0.0 516000
1695736454306 0.0 520000
1695736520638 0.0 524000
1695736587066 0.0 528000
1695736651700 0.0 532000
1695736716134 0.0 536000
1695736779482 0.0 540000
1695736842199 0.0 544000
1695736905398 0.0 548000
1695736968461 0.0 552000
1695737032161 0.0 556000
1695737094072 0.0 560000
1695737157980 0.0 564000
1695737219647 0.0 568000
1695737281962 0.0 572000
1695737344646 0.0 576000
1695737411977 0.0 580000
1695737478259 0.0 584000
1695737541927 0.0 588000
1695737604365 0.0 592000
1695737666450 0.0 596000
1695737728656 0.0 600000
1695737791582 0.0 604000
1695737853542 0.0 608000
1695737916229 0.0 612000
1695737978600 0.0 616000
1695738041241 0.0 620000
1695738103495 0.0 624000
1695738167331 0.0 628000
1695738230002 0.0 632000
1695738292558 0.0 636000
1695738355048 0.0 640000
1695738417909 0.0 644000
1695738479862 0.0 648000
1695738542451 0.0 652000
1695738605888 0.0 656000
1695738668160 0.0 660000
1695738731712 0.0 664000
1695738794181 0.0 668000
1695738858524 0.0 672000
1695738921265 0.0 676000
1695738984469 0.0 680000
1695739046724 0.0 684000
1695739110097 0.0 688000
1695739171971 0.0 692000
1695739235499 0.0 696000
1695739297747 0.0 700000
1695739360558 0.0 704000
1695739423243 0.0 708000
1695739488035 0.0 712000
1695739550688 0.0 716000
1695739613314 0.0 720000
1695739676018 0.0 724000
1695739737807 0.0 728000
1695739800490 0.0 732000
1695739862729 0.0 736000
1695739925870 0.0 740000
1695739987713 0.0 744000
1695740051615 0.0 748000
1695740114429 0.0 752000
1695740177648 0.0 756000
1695740240119 0.0 760000
1695740301985 0.0 764000
1695740363569 0.0 768000
1695740426058 0.0 772000
1695740488892 0.0 776000
1695740550728 0.0 780000
1695740613429 0.0 784000
1695740676053 0.0 788000
1695740739811 0.0 792000
1695740801716 0.0 796000
1695740864979 0.0 800000
1695740927187 0.0 804000
1695740989431 0.0 808000
1695741052765 0.0 812000
1695741116415 0.0 816000
1695741179149 0.0 820000
1695741242056 0.0 824000
1695741305163 0.0 828000
1695741368484 0.0 832000
1695741432722 0.0 836000
1695741500757 0.0 840000
1695741566797 0.0 844000
1695741631746 0.0 848000
1695741707387 0.0 852000
1695741770215 0.0 856000
1695741834290 0.0 860000
1695741896273 0.0 864000
1695741958437 0.0 868000
1695742020686 0.0 872000
1695742083833 0.0 876000
1695742146500 0.0 880000
1695742211618 0.0 884000
1695742275858 0.0 888000
1695742341600 0.0 892000
1695742413611 0.0 896000
1695742481932 0.0 900000
1695742548247 0.0 904000
1695742610714 0.0 908000
1695742672825 0.0 912000
1695742735111 0.0 916000
1695742798417 0.0 920000
1695742861516 0.0 924000
1695742924103 0.0 928000
1695742986338 0.0 932000
1695743049648 0.0 936000
1695743111925 0.0 940000
1695743175897 0.0 944000
1695743237860 0.0 948000
1695743299769 0.0 952000
1695743361963 0.0 956000
1695743425259 0.0 960000
1695743487738 0.0 964000
1695743552121 0.0 968000
1695743614275 0.0 972000
1695743677462 0.0 976000
1695743740508 0.0 980000
1695743804784 0.0 984000
1695743866962 0.0 988000
1695743930081 0.0 992000
1695743991712 0.0 996000
1695744055050 0.0 1000000
