1695731491962 128.0 244000
1695731555334 128.0 248000
1695731626969 128.0 252000
1695731693971 128.0 256000
1695731770415 128.0 260000
1695731847860 128.0 264000
1695731929294 128.0 268000
1695732007526 128.0 272000
1695732085599 128.0 276000
1695732161588 128.0 280000
1695732229820 128.0 284000
1695732296254 128.0 288000
1695732365364 128.0 292000
1695732431704 128.0 296000
1695732499276 128.0 300000
1695732565170 128.0 304000
1695732635439 128.0 308000
1695732703053 128.0 312000
1695732772374 128.0 316000
1695732841563 128.0 320000
1695732910222 128.0 324000
1695732988687 128.0 328000
1695733057755 128.0 332000
1695733127203 128.0 336000
1695733197184 128.0 340000
1695733266905 128.0 344000
1695733337727 128.0 348000
1695733406249 128.0 352000
1695733475086 128.0 356000
1695733547153 128.0 360000
1695733617719 128.0 364000
1695733686211 128.0 368000
1695733756190 128.0 372000
1695733824425 128.0 376000
1695733894931 128.0 380000
1695733964260 128.0 384000
1695734035269 128.0 388000
1695734104240 128.0 392000
1695734175669 128.0 396000
1695734244713 128.0 400000
1695734315738 128.0 404000
1695734384653 128.0 408000
1695734453429 128.0 412000
1695734520719 128.0 416000
1695734588425 128.0 420000
1695734658377 128.0 424000
1695734728043 128.0 428000
1695734796928 128.0 432000
1695734870291 128.0 436000
1695734945808 128.0 440000
1695735017124 128.0 444000
1695735086408 128.0 448000
1695735161733 128.0 452000
1695735231975 128.0 456000
1695735305922 128.0 460000
1695735382176 128.0 464000
1695735453173 128.0 468000
1695735524398 128.0 472000
1695735599179 128.0 476000
1695735678684 128.0 480000
1695735759806 128.0 484000
1695735842371 128.0 488000
1695735925803 128.0 492000
1695736013472 128.0 496000
1695736097323 128.0 500000
1695736173645 128.0 504000
1695736248911 128.0 508000
1695736320619 128.0 512000
1695736388186 128.0 516000
1695736454323 128.0 520000
1695736520654 128.0 524000
1695736587082 128.0 528000
1695736651719 128.0 532000
1695736716151 128.0 536000
1695736779497 128.0 540000
1695736842215 128.0 544000
1695736905416 128.0 548000
1695736968477 128.0 552000
1695737032178 128.0 556000
1695737094088 128.0 560000
1695737157996 128.0 564000
1695737219664 128.0 568000
1695737281979 128.0 572000
1695737344662 128.0 576000
1695737411995 128.0 580000
1695737478275 128.0 584000
1695737541943 128.0 588000
1695737604383 128.0 592000
1695737666468 128.0 596000
1695737728671 128.0 600000
1695737791599 128.0 604000
1695737853558 128.0 608000
1695737916244 128.0 612000
1695737978617 128.0 616000
1695738041257 128.0 620000
1695738103514 128.0 624000
1695738167346 128.0 628000
1695738230019 128.0 632000
1695738292575 128.0 636000
1695738355064 128.0 640000
1695738417924 128.0 644000
1695738479879 128.0 648000
1695738542467 128.0 652000
1695738605904 128.0 656000
1695738668176 128.0 660000
1695738731729 128.0 664000
1695738794197 128.0 668000
1695738858539 128.0 672000
1695738921283 128.0 676000
1695738984488 128.0 680000
1695739046739 128.0 684000
1695739110113 128.0 688000
1695739171988 128.0 692000
1695739235515 128.0 696000
1695739297763 128.0 700000
1695739360576 128.0 704000
1695739423260 128.0 708000
1695739488052 128.0 712000
1695739550704 128.0 716000
1695739613332 128.0 720000
1695739676034 128.0 724000
1695739737824 128.0 728000
1695739800508 128.0 732000
1695739862747 128.0 736000
1695739925887 128.0 740000
1695739987730 128.0 744000
1695740051632 128.0 748000
1695740114447 128.0 752000
1695740177664 128.0 756000
1695740240135 128.0 760000
1695740302001 128.0 764000
1695740363587 128.0 768000
1695740426074 128.0 772000
1695740488909 128.0 776000
1695740550744 128.0 780000
1695740613446 128.0 784000
1695740676070 128.0 788000
1695740739827 128.0 792000
1695740801732 128.0 796000
1695740864996 128.0 800000
1695740927207 128.0 804000
1695740989447 128.0 808000
1695741052783 128.0 812000
1695741116430 128.0 816000
1695741179164 128.0 820000
1695741242073 128.0 824000
1695741305178 128.0 828000
1695741368501 128.0 832000
1695741432740 128.0 836000
1695741500775 128.0 840000
1695741566815 128.0 844000
1695741631764 128.0 848000
1695741707405 128.0 852000
1695741770230 128.0 856000
1695741834306 128.0 860000
1695741896294 128.0 864000
1695741958454 128.0 868000
1695742020703 128.0 872000
1695742083849 128.0 876000
1695742146517 128.0 880000
1695742211634 128.0 884000
1695742275874 128.0 888000
1695742341617 128.0 892000
1695742413633 128.0 896000
1695742481949 128.0 900000
1695742548263 128.0 904000
1695742610730 128.0 908000
1695742672841 128.0 912000
1695742735129 128.0 916000
1695742798435 128.0 920000
1695742861532 128.0 924000
1695742924121 128.0 928000
1695742986354 128.0 932000
1695743049664 128.0 936000
1695743111943 128.0 940000
1695743175913 128.0 944000
1695743237875 128.0 948000
1695743299786 128.0 952000
1695743361979 128.0 956000
1695743425277 128.0 960000
1695743487755 128.0 964000
1695743552138 128.0 968000
1695743614291 128.0 972000
1695743677477 128.0 976000
1695743740525 128.0 980000
1695743804800 128.0 984000
1695743866979 128.0 988000
1695743930097 128.0 992000
1695743991729 128.0 996000
1695744055066 128.0 1000000
