1695731491924 0.0 244000
1695731555294 0.0 248000
1695731626936 0.0 252000
1695731693935 0.0 256000
1695731770375 0.0 260000
1695731847815 0.0 264000
1695731929253 0.0 268000
1695732007487 0.0 272000
1695732085549 0.0 276000
1695732161556 0.0 280000
1695732229786 0.0 284000
1695732296216 0.0 288000
1695732365327 0.0 292000
1695732431672 0.0 296000
1695732499243 0.0 300000
1695732565129 0.0 304000
1695732635400 0.0 308000
1695732703016 0.0 312000
1695732772339 0.0 316000
1695732841529 0.0 320000
1695732910189 0.0 324000
1695732988653 0.0 328000
1695733057717 0.0 332000
1695733127169 0.0 336000
1695733197149 0.0 340000
1695733266868 0.0 344000
1695733337680 0.0 348000
1695733406216 0.0 352000
1695733475050 0.0 356000
1695733547115 0.0 360000
1695733617682 0.0 364000
1695733686174 0.0 368000
1695733756156 0.0 372000
1695733824392 0.0 376000
1695733894896 0.0 380000
1695733964229 0.0 384000
1695734035231 0.0 388000
1695734104206 0.0 392000
1695734175636 0.0 396000
1695734244680 0.0 400000
1695734315703 0.0 404000
1695734384618 0.0 408000
1695734453396 0.0 412000
1695734520683 0.0 416000
1695734588390 0.0 420000
1695734658342 0.0 424000
1695734728007 0.0 428000
1695734796896 0.0 432000
1695734870241 0.0 436000
1695734945772 0.0 440000
1695735017085 0.0 444000
1695735086374 0.0 448000
1695735161697 0.0 452000
1695735231940 0.0 456000
1695735305883 0.0 460000
1695735382135 0.0 464000
1695735453137 0.0 468000
1695735524366 0.0 472000
1695735599142 0.0 476000
1695735678646 0.0 480000
1695735759766 0.0 484000
1695735842332 0.0 488000
1695735925758 0.0 492000
1695736013433 0.0 496000
1695736097279 0.0 500000
1695736173606 0.0 504000
1695736248866 0.0 508000
1695736320574 0.0 512000
1695736388154 0.0 516000
1695736454289 0.0 520000
1695736520622 0.0 524000
1695736587050 0.0 528000
1695736651683 0.0 532000
1695736716118 0.0 536000
1695736779467 0.0 540000
1695736842184 0.0 544000
1695736905381 0.0 548000
1695736968447 0.0 552000
1695737032145 0.0 556000
1695737094057 0.0 560000
1695737157965 0.0 564000
1695737219631 0.0 568000
1695737281946 0.0 572000
1695737344629 0.0 576000
1695737411960 0.0 580000
1695737478243 0.0 584000
1695737541912 0.0 588000
1695737604349 0.0 592000
1695737666432 0.0 596000
1695737728641 0.0 600000
1695737791566 0.0 604000
1695737853525 0.0 608000
1695737916214 0.0 612000
1695737978583 0.0 616000
1695738041227 0.0 620000
1695738103478 0.0 624000
1695738167315 0.0 628000
1695738229986 0.0 632000
1695738292543 0.0 636000
1695738355032 0.0 640000
1695738417893 0.0 644000
1695738479845 0.0 648000
1695738542435 0.0 652000
1695738605872 0.0 656000
1695738668144 0.0 660000
1695738731697 0.0 664000
1695738794166 0.0 668000
1695738858509 0.0 672000
1695738921248 0.0 676000
1695738984450 0.0 680000
1695739046708 0.0 684000
1695739110083 0.0 688000
1695739171956 0.0 692000
1695739235484 0.0 696000
1695739297732 0.0 700000
1695739360541 0.0 704000
1695739423226 0.0 708000
1695739488019 0.0 712000
1695739550672 0.0 716000
1695739613299 0.0 720000
1695739676003 0.0 724000
1695739737791 0.0 728000
1695739800474 0.0 732000
1695739862712 0.0 736000
1695739925855 0.0 740000
1695739987697 0.0 744000
1695740051600 0.0 748000
1695740114412 0.0 752000
1695740177633 0.0 756000
1695740240105 0.0 760000
1695740301970 0.0 764000
1695740363554 0.0 768000
1695740426043 0.0 772000
1695740488875 0.0 776000
1695740550713 0.0 780000
1695740613414 0.0 784000
1695740676038 0.0 788000
1695740739796 0.0 792000
1695740801701 0.0 796000
1695740864964 0.0 800000
1695740927170 0.0 804000
1695740989416 0.0 808000
1695741052749 0.0 812000
1695741116398 0.0 816000
1695741179132 0.0 820000
1695741242040 0.0 824000
1695741305147 0.0 828000
1695741368469 0.0 832000
1695741432707 0.0 836000
1695741500740 0.0 840000
1695741566781 0.0 844000
1695741631730 0.0 848000
1695741707372 0.0 852000
1695741770198 0.0 856000
1695741834274 0.0 860000
1695741896252 0.0 864000
1695741958422 0.0 868000
1695742020669 0.0 872000
1695742083816 0.0 876000
1695742146483 0.0 880000
1695742211601 0.0 884000
1695742275842 0.0 888000
1695742341583 0.0 892000
1695742413582 0.0 896000
1695742481915 0.0 900000
1695742548232 0.0 904000
1695742610699 0.0 908000
1695742672810 0.0 912000
1695742735095 0.0 916000
1695742798401 0.0 920000
1695742861501 0.0 924000
1695742924084 0.0 928000
1695742986323 0.0 932000
1695743049631 0.0 936000
1695743111909 0.0 940000
1695743175881 0.0 944000
1695743237844 0.0 948000
1695743299753 0.0 952000
1695743361946 0.0 956000
1695743425243 0.0 960000
1695743487722 0.0 964000
1695743552105 0.0 968000
1695743614260 0.0 972000
1695743677448 0.0 976000
1695743740493 0.0 980000
1695743804769 0.0 984000
1695743866945 0.0 988000
1695743930066 0.0 992000
1695743991696 0.0 996000
1695744055036 0.0 1000000
