1695731491964 1.0 244000
1695731555335 1.0 248000
1695731626971 1.0 252000
1695731693973 1.0 256000
1695731770417 1.0 260000
1695731847862 1.0 264000
1695731929296 1.0 268000
1695732007528 1.0 272000
1695732085602 1.0 276000
1695732161590 1.0 280000
1695732229822 1.0 284000
1695732296256 1.0 288000
1695732365365 1.0 292000
1695732431705 1.0 296000
1695732499278 1.0 300000
1695732565171 1.0 304000
1695732635440 1.0 308000
1695732703055 1.0 312000
1695732772375 1.0 316000
1695732841565 1.0 320000
1695732910224 1.0 324000
1695732988689 1.0 328000
1695733057757 1.0 332000
1695733127204 1.0 336000
1695733197185 1.0 340000
1695733266907 1.0 344000
1695733337729 1.0 348000
1695733406251 1.0 352000
1695733475088 1.0 356000
1695733547154 1.0 360000
1695733617720 1.0 364000
1695733686213 1.0 368000
1695733756192 1.0 372000
1695733824426 1.0 376000
1695733894933 1.0 380000
1695733964262 1.0 384000
1695734035271 1.0 388000
1695734104242 1.0 392000
1695734175671 1.0 396000
1695734244715 1.0 400000
1695734315740 1.0 404000
1695734384655 1.0 408000
1695734453431 1.0 412000
1695734520721 1.0 416000
1695734588427 1.0 420000
1695734658378 1.0 424000
1695734728045 1.0 428000
1695734796930 1.0 432000
1695734870293 1.0 436000
1695734945810 1.0 440000
1695735017126 1.0 444000
1695735086410 1.0 448000
1695735161734 1.0 452000
1695735231976 1.0 456000
1695735305924 1.0 460000
1695735382178 1.0 464000
1695735453175 1.0 468000
1695735524399 1.0 472000
1695735599181 1.0 476000
1695735678686 1.0 480000
1695735759808 1.0 484000
1695735842373 1.0 488000
1695735925806 1.0 492000
1695736013474 1.0 496000
1695736097325 1.0 500000
1695736173646 1.0 504000
1695736248913 1.0 508000
1695736320622 1.0 512000
1695736388187 1.0 516000
1695736454324 1.0 520000
1695736520655 1.0 524000
1695736587083 1.0 528000
1695736651721 1.0 532000
1695736716153 1.0 536000
1695736779499 1.0 540000
1695736842217 1.0 544000
1695736905417 1.0 548000
1695736968479 1.0 552000
1695737032179 1.0 556000
1695737094090 1.0 560000
1695737157998 1.0 564000
1695737219666 1.0 568000
1695737281981 1.0 572000
1695737344663 1.0 576000
1695737411997 1.0 580000
1695737478277 1.0 584000
1695737541945 1.0 588000
1695737604385 1.0 592000
1695737666469 1.0 596000
1695737728673 1.0 600000
1695737791601 1.0 604000
1695737853559 1.0 608000
1695737916246 1.0 612000
1695737978618 1.0 616000
1695738041259 1.0 620000
1695738103516 1.0 624000
1695738167347 1.0 628000
1695738230021 1.0 632000
1695738292576 1.0 636000
1695738355066 1.0 640000
1695738417925 1.0 644000
1695738479881 1.0 648000
1695738542468 1.0 652000
1695738605905 1.0 656000
1695738668178 1.0 660000
1695738731731 1.0 664000
1695738794198 1.0 668000
1695738858541 1.0 672000
1695738921284 1.0 676000
1695738984490 1.0 680000
1695739046741 1.0 684000
1695739110114 1.0 688000
1695739171989 1.0 692000
1695739235516 1.0 696000
1695739297764 1.0 700000
1695739360578 1.0 704000
1695739423262 1.0 708000
1695739488054 1.0 712000
1695739550705 1.0 716000
1695739613333 1.0 720000
1695739676035 1.0 724000
1695739737825 1.0 728000
1695739800509 1.0 732000
1695739862748 1.0 736000
1695739925889 1.0 740000
1695739987732 1.0 744000
1695740051633 1.0 748000
1695740114448 1.0 752000
1695740177666 1.0 756000
1695740240136 1.0 760000
1695740302002 1.0 764000
1695740363588 1.0 768000
1695740426075 1.0 772000
1695740488911 1.0 776000
1695740550746 1.0 780000
1695740613448 1.0 784000
1695740676071 1.0 788000
1695740739828 1.0 792000
1695740801733 1.0 796000
1695740864997 1.0 800000
1695740927208 1.0 804000
1695740989448 1.0 808000
1695741052785 1.0 812000
1695741116432 1.0 816000
1695741179166 1.0 820000
1695741242074 1.0 824000
1695741305180 1.0 828000
1695741368503 1.0 832000
1695741432742 1.0 836000
1695741500776 1.0 840000
1695741566816 1.0 844000
1695741631765 1.0 848000
1695741707406 1.0 852000
1695741770232 1.0 856000
1695741834307 1.0 860000
1695741896295 1.0 864000
1695741958455 1.0 868000
1695742020705 1.0 872000
1695742083850 1.0 876000
1695742146518 1.0 880000
1695742211635 1.0 884000
1695742275875 1.0 888000
1695742341618 1.0 892000
1695742413635 1.0 896000
1695742481950 1.0 900000
1695742548265 1.0 904000
1695742610731 1.0 908000
1695742672842 1.0 912000
1695742735130 1.0 916000
1695742798437 1.0 920000
1695742861533 1.0 924000
1695742924123 1.0 928000
1695742986355 1.0 932000
1695743049665 1.0 936000
1695743111944 1.0 940000
1695743175914 1.0 944000
1695743237877 1.0 948000
1695743299787 1.0 952000
1695743361981 1.0 956000
1695743425278 1.0 960000
1695743487756 1.0 964000
1695743552139 1.0 968000
1695743614292 1.0 972000
1695743677479 1.0 976000
1695743740526 1.0 980000
1695743804802 1.0 984000
1695743866981 1.0 988000
1695743930098 1.0 992000
1695743991730 1.0 996000
1695744055068 1.0 1000000
