1695731491956 1.0 244000
1695731555328 1.0 248000
1695731626964 1.0 252000
1695731693965 1.0 256000
1695731770409 1.0 260000
1695731847853 1.0 264000
1695731929287 1.0 268000
1695732007520 1.0 272000
1695732085582 1.0 276000
1695732161583 1.0 280000
1695732229814 1.0 284000
1695732296248 1.0 288000
1695732365358 1.0 292000
1695732431699 1.0 296000
1695732499271 1.0 300000
1695732565163 1.0 304000
1695732635432 1.0 308000
1695732703048 1.0 312000
1695732772368 1.0 316000
1695732841558 1.0 320000
1695732910217 1.0 324000
1695732988682 1.0 328000
1695733057749 1.0 332000
1695733127198 1.0 336000
1695733197178 1.0 340000
1695733266900 1.0 344000
1695733337720 1.0 348000
1695733406244 1.0 352000
1695733475081 1.0 356000
1695733547147 1.0 360000
1695733617713 1.0 364000
1695733686205 1.0 368000
1695733756185 1.0 372000
1695733824419 1.0 376000
1695733894925 1.0 380000
1695733964255 1.0 384000
1695734035263 1.0 388000
1695734104235 1.0 392000
1695734175664 1.0 396000
1695734244708 1.0 400000
1695734315733 1.0 404000
1695734384647 1.0 408000
1695734453424 1.0 412000
1695734520713 1.0 416000
1695734588420 1.0 420000
1695734658371 1.0 424000
1695734728037 1.0 428000
1695734796923 1.0 432000
1695734870284 1.0 436000
1695734945802 1.0 440000
1695735017118 1.0 444000
1695735086403 1.0 448000
1695735161727 1.0 452000
1695735231969 1.0 456000
1695735305916 1.0 460000
1695735382170 1.0 464000
1695735453167 1.0 468000
1695735524393 1.0 472000
1695735599173 1.0 476000
1695735678678 1.0 480000
1695735759799 1.0 484000
1695735842365 1.0 488000
1695735925796 1.0 492000
1695736013466 1.0 496000
1695736097316 1.0 500000
1695736173639 1.0 504000
1695736248904 1.0 508000
1695736320608 1.0 512000
1695736388180 1.0 516000
1695736454317 1.0 520000
1695736520648 1.0 524000
1695736587077 1.0 528000
1695736651713 1.0 532000
1695736716146 1.0 536000
1695736779492 1.0 540000
1695736842210 1.0 544000
1695736905410 1.0 548000
1695736968472 1.0 552000
1695737032172 1.0 556000
1695737094083 1.0 560000
1695737157991 1.0 564000
1695737219659 1.0 568000
1695737281974 1.0 572000
1695737344657 1.0 576000
1695737411989 1.0 580000
1695737478271 1.0 584000
1695737541938 1.0 588000
1695737604377 1.0 592000
1695737666462 1.0 596000
1695737728666 1.0 600000
1695737791594 1.0 604000
1695737853553 1.0 608000
1695737916239 1.0 612000
1695737978612 1.0 616000
1695738041252 1.0 620000
1695738103508 1.0 624000
1695738167341 1.0 628000
1695738230013 1.0 632000
1695738292569 1.0 636000
1695738355058 1.0 640000
1695738417919 1.0 644000
1695738479874 1.0 648000
1695738542461 1.0 652000
1695738605899 1.0 656000
1695738668172 1.0 660000
1695738731724 1.0 664000
1695738794192 1.0 668000
1695738858535 1.0 672000
1695738921277 1.0 676000
1695738984482 1.0 680000
1695739046734 1.0 684000
1695739110108 1.0 688000
1695739171982 1.0 692000
1695739235510 1.0 696000
1695739297758 1.0 700000
1695739360570 1.0 704000
1695739423255 1.0 708000
1695739488047 1.0 712000
1695739550699 1.0 716000
1695739613326 1.0 720000
1695739676028 1.0 724000
1695739737819 1.0 728000
1695739800502 1.0 732000
1695739862741 1.0 736000
1695739925882 1.0 740000
1695739987725 1.0 744000
1695740051627 1.0 748000
1695740114441 1.0 752000
1695740177659 1.0 756000
1695740240130 1.0 760000
1695740301996 1.0 764000
1695740363581 1.0 768000
1695740426069 1.0 772000
1695740488904 1.0 776000
1695740550739 1.0 780000
1695740613441 1.0 784000
1695740676064 1.0 788000
1695740739822 1.0 792000
1695740801727 1.0 796000
1695740864990 1.0 800000
1695740927200 1.0 804000
1695740989442 1.0 808000
1695741052778 1.0 812000
1695741116426 1.0 816000
1695741179160 1.0 820000
1695741242067 1.0 824000
1695741305173 1.0 828000
1695741368496 1.0 832000
1695741432734 1.0 836000
1695741500769 1.0 840000
1695741566809 1.0 844000
1695741631759 1.0 848000
1695741707399 1.0 852000
1695741770225 1.0 856000
1695741834301 1.0 860000
1695741896286 1.0 864000
1695741958448 1.0 868000
1695742020698 1.0 872000
1695742083844 1.0 876000
1695742146512 1.0 880000
1695742211629 1.0 884000
1695742275869 1.0 888000
1695742341611 1.0 892000
1695742413626 1.0 896000
1695742481943 1.0 900000
1695742548258 1.0 904000
1695742610725 1.0 908000
1695742672836 1.0 912000
1695742735123 1.0 916000
1695742798429 1.0 920000
1695742861526 1.0 924000
1695742924116 1.0 928000
1695742986349 1.0 932000
1695743049658 1.0 936000
1695743111937 1.0 940000
1695743175908 1.0 944000
1695743237870 1.0 948000
1695743299780 1.0 952000
1695743361974 1.0 956000
1695743425271 1.0 960000
1695743487749 1.0 964000
1695743552133 1.0 968000
1695743614286 1.0 972000
1695743677472 1.0 976000
1695743740519 1.0 980000
1695743804795 1.0 984000
1695743866974 1.0 988000
1695743930091 1.0 992000
1695743991723 1.0 996000
1695744055061 1.0 1000000
