1695731491958 -1.0 244000
1695731555330 -1.0 248000
1695731626965 -1.0 252000
1695731693967 -1.0 256000
1695731770410 -1.0 260000
1695731847855 -1.0 264000
1695731929289 -1.0 268000
1695732007521 -1.0 272000
1695732085584 -1.0 276000
1695732161584 -1.0 280000
1695732229816 -1.0 284000
1695732296249 -1.0 288000
1695732365359 -1.0 292000
1695732431700 -1.0 296000
1695732499272 -1.0 300000
1695732565165 -1.0 304000
1695732635434 -1.0 308000
1695732703049 -1.0 312000
1695732772370 -1.0 316000
1695732841559 -1.0 320000
1695732910218 -1.0 324000
1695732988683 -1.0 328000
1695733057751 -1.0 332000
1695733127199 -1.0 336000
1695733197180 -1.0 340000
1695733266901 -1.0 344000
1695733337722 -1.0 348000
1695733406245 -1.0 352000
1695733475082 -1.0 356000
1695733547148 -1.0 360000
1695733617714 -1.0 364000
1695733686207 -1.0 368000
1695733756186 -1.0 372000
1695733824421 -1.0 376000
1695733894927 -1.0 380000
1695733964257 -1.0 384000
1695734035265 -1.0 388000
1695734104236 -1.0 392000
1695734175665 -1.0 396000
1695734244710 -1.0 400000
1695734315734 -1.0 404000
1695734384649 -1.0 408000
1695734453425 -1.0 412000
1695734520715 -1.0 416000
1695734588422 -1.0 420000
1695734658373 -1.0 424000
1695734728039 -1.0 428000
1695734796924 -1.0 432000
1695734870286 -1.0 436000
1695734945804 -1.0 440000
1695735017120 -1.0 444000
1695735086404 -1.0 448000
1695735161728 -1.0 452000
1695735231971 -1.0 456000
1695735305918 -1.0 460000
1695735382171 -1.0 464000
1695735453169 -1.0 468000
1695735524394 -1.0 472000
1695735599175 -1.0 476000
1695735678680 -1.0 480000
1695735759800 -1.0 484000
1695735842367 -1.0 488000
1695735925798 -1.0 492000
1695736013468 -1.0 496000
1695736097318 -1.0 500000
1695736173640 -1.0 504000
1695736248906 -1.0 508000
1695736320611 -1.0 512000
1695736388182 -1.0 516000
1695736454319 -1.0 520000
1695736520650 -1.0 524000
1695736587078 -1.0 528000
1695736651715 -1.0 532000
1695736716147 -1.0 536000
1695736779494 -1.0 540000
1695736842212 -1.0 544000
1695736905412 -1.0 548000
1695736968474 -1.0 552000
1695737032174 -1.0 556000
1695737094084 -1.0 560000
1695737157992 -1.0 564000
1695737219661 -1.0 568000
1695737281976 -1.0 572000
1695737344659 -1.0 576000
1695737411991 -1.0 580000
1695737478272 -1.0 584000
1695737541940 -1.0 588000
1695737604379 -1.0 592000
1695737666464 -1.0 596000
1695737728668 -1.0 600000
1695737791595 -1.0 604000
1695737853555 -1.0 608000
1695737916241 -1.0 612000
1695737978613 -1.0 616000
1695738041254 -1.0 620000
1695738103510 -1.0 624000
1695738167343 -1.0 628000
1695738230015 -1.0 632000
1695738292571 -1.0 636000
1695738355060 -1.0 640000
1695738417920 -1.0 644000
1695738479875 -1.0 648000
1695738542463 -1.0 652000
1695738605900 -1.0 656000
1695738668173 -1.0 660000
1695738731725 -1.0 664000
1695738794193 -1.0 668000
1695738858536 -1.0 672000
1695738921279 -1.0 676000
1695738984483 -1.0 680000
1695739046735 -1.0 684000
1695739110110 -1.0 688000
1695739171984 -1.0 692000
1695739235512 -1.0 696000
1695739297759 -1.0 700000
1695739360572 -1.0 704000
1695739423256 -1.0 708000
1695739488048 -1.0 712000
1695739550701 -1.0 716000
1695739613328 -1.0 720000
1695739676030 -1.0 724000
1695739737820 -1.0 728000
1695739800504 -1.0 732000
1695739862743 -1.0 736000
1695739925883 -1.0 740000
1695739987726 -1.0 744000
1695740051628 -1.0 748000
1695740114443 -1.0 752000
1695740177660 -1.0 756000
1695740240132 -1.0 760000
1695740301997 -1.0 764000
1695740363583 -1.0 768000
1695740426070 -1.0 772000
1695740488905 -1.0 776000
1695740550740 -1.0 780000
1695740613443 -1.0 784000
1695740676066 -1.0 788000
1695740739823 -1.0 792000
1695740801728 -1.0 796000
1695740864992 -1.0 800000
1695740927202 -1.0 804000
1695740989443 -1.0 808000
1695741052779 -1.0 812000
1695741116427 -1.0 816000
1695741179161 -1.0 820000
1695741242069 -1.0 824000
1695741305175 -1.0 828000
1695741368498 -1.0 832000
1695741432736 -1.0 836000
1695741500770 -1.0 840000
1695741566811 -1.0 844000
1695741631760 -1.0 848000
1695741707401 -1.0 852000
1695741770227 -1.0 856000
1695741834302 -1.0 860000
1695741896288 -1.0 864000
1695741958450 -1.0 868000
1695742020699 -1.0 872000
1695742083845 -1.0 876000
1695742146513 -1.0 880000
1695742211630 -1.0 884000
1695742275870 -1.0 888000
1695742341613 -1.0 892000
1695742413628 -1.0 896000
1695742481945 -1.0 900000
1695742548260 -1.0 904000
1695742610726 -1.0 908000
1695742672837 -1.0 912000
1695742735125 -1.0 916000
1695742798431 -1.0 920000
1695742861528 -1.0 924000
1695742924117 -1.0 928000
1695742986351 -1.0 932000
1695743049660 -1.0 936000
1695743111939 -1.0 940000
1695743175909 -1.0 944000
1695743237872 -1.0 948000
1695743299782 -1.0 952000
1695743361976 -1.0 956000
1695743425273 -1.0 960000
1695743487750 -1.0 964000
1695743552134 -1.0 968000
1695743614287 -1.0 972000
1695743677474 -1.0 976000
1695743740521 -1.0 980000
1695743804797 -1.0 984000
1695743866975 -1.0 988000
1695743930093 -1.0 992000
1695743991725 -1.0 996000
1695744055063 -1.0 1000000
