1695731491913 1.0 244000
1695731555283 1.0 248000
1695731626927 1.0 252000
1695731693925 1.0 256000
1695731770364 1.0 260000
1695731847802 1.0 264000
1695731929242 1.0 268000
1695732007475 1.0 272000
1695732085538 1.0 276000
1695732161547 1.0 280000
1695732229777 1.0 284000
1695732296206 1.0 288000
1695732365317 1.0 292000
1695732431663 1.0 296000
1695732499233 1.0 300000
1695732565119 1.0 304000
1695732635388 1.0 308000
1695732703005 1.0 312000
1695732772329 1.0 316000
1695732841519 1.0 320000
1695732910180 1.0 324000
1695732988644 1.0 328000
1695733057707 1.0 332000
1695733127159 1.0 336000
1695733197139 1.0 340000
1695733266857 1.0 344000
1695733337669 1.0 348000
1695733406206 1.0 352000
1695733475040 1.0 356000
1695733547105 1.0 360000
1695733617673 1.0 364000
1695733686163 1.0 368000
1695733756146 1.0 372000
1695733824383 1.0 376000
1695733894886 1.0 380000
1695733964219 1.0 384000
1695734035220 1.0 388000
1695734104197 1.0 392000
1695734175625 1.0 396000
1695734244670 1.0 400000
1695734315694 1.0 404000
1695734384606 1.0 408000
1695734453387 1.0 412000
1695734520673 1.0 416000
1695734588380 1.0 420000
1695734658332 1.0 424000
1695734727998 1.0 428000
1695734796886 1.0 432000
1695734870230 1.0 436000
1695734945762 1.0 440000
1695735017074 1.0 444000
1695735086365 1.0 448000
1695735161688 1.0 452000
1695735231930 1.0 456000
1695735305872 1.0 460000
1695735382123 1.0 464000
1695735453127 1.0 468000
1695735524356 1.0 472000
1695735599132 1.0 476000
1695735678634 1.0 480000
1695735759756 1.0 484000
1695735842321 1.0 488000
1695735925747 1.0 492000
1695736013422 1.0 496000
1695736097268 1.0 500000
1695736173595 1.0 504000
1695736248847 1.0 508000
1695736320563 1.0 512000
1695736388144 1.0 516000
1695736454280 1.0 520000
1695736520612 1.0 524000
1695736587042 1.0 528000
1695736651673 1.0 532000
1695736716109 1.0 536000
1695736779459 1.0 540000
1695736842175 1.0 544000
1695736905371 1.0 548000
1695736968438 1.0 552000
1695737032136 1.0 556000
1695737094049 1.0 560000
1695737157956 1.0 564000
1695737219623 1.0 568000
1695737281937 1.0 572000
1695737344620 1.0 576000
1695737411950 1.0 580000
1695737478234 1.0 584000
1695737541903 1.0 588000
1695737604340 1.0 592000
1695737666423 1.0 596000
1695737728633 1.0 600000
1695737791558 1.0 604000
1695737853517 1.0 608000
1695737916205 1.0 612000
1695737978574 1.0 616000
1695738041218 1.0 620000
1695738103469 1.0 624000
1695738167306 1.0 628000
1695738229977 1.0 632000
1695738292535 1.0 636000
1695738355023 1.0 640000
1695738417885 1.0 644000
1695738479837 1.0 648000
1695738542427 1.0 652000
1695738605862 1.0 656000
1695738668135 1.0 660000
1695738731688 1.0 664000
1695738794156 1.0 668000
1695738858499 1.0 672000
1695738921238 1.0 676000
1695738984439 1.0 680000
1695739046700 1.0 684000
1695739110074 1.0 688000
1695739171948 1.0 692000
1695739235475 1.0 696000
1695739297724 1.0 700000
1695739360532 1.0 704000
1695739423217 1.0 708000
1695739488011 1.0 712000
1695739550663 1.0 716000
1695739613291 1.0 720000
1695739675993 1.0 724000
1695739737783 1.0 728000
1695739800466 1.0 732000
1695739862702 1.0 736000
1695739925846 1.0 740000
1695739987689 1.0 744000
1695740051591 1.0 748000
1695740114402 1.0 752000
1695740177624 1.0 756000
1695740240096 1.0 760000
1695740301961 1.0 764000
1695740363545 1.0 768000
1695740426035 1.0 772000
1695740488865 1.0 776000
1695740550704 1.0 780000
1695740613405 1.0 784000
1695740676029 1.0 788000
1695740739787 1.0 792000
1695740801693 1.0 796000
1695740864956 1.0 800000
1695740927160 1.0 804000
1695740989407 1.0 808000
1695741052739 1.0 812000
1695741116389 1.0 816000
1695741179123 1.0 820000
1695741242032 1.0 824000
1695741305137 1.0 828000
1695741368460 1.0 832000
1695741432698 1.0 836000
1695741500731 1.0 840000
1695741566772 1.0 844000
1695741631721 1.0 848000
1695741707359 1.0 852000
1695741770189 1.0 856000
1695741834265 1.0 860000
1695741896241 1.0 864000
1695741958413 1.0 868000
1695742020660 1.0 872000
1695742083807 1.0 876000
1695742146474 1.0 880000
1695742211591 1.0 884000
1695742275833 1.0 888000
1695742341574 1.0 892000
1695742413570 1.0 896000
1695742481905 1.0 900000
1695742548223 1.0 904000
1695742610691 1.0 908000
1695742672801 1.0 912000
1695742735087 1.0 916000
1695742798391 1.0 920000
1695742861491 1.0 924000
1695742924074 1.0 928000
1695742986315 1.0 932000
1695743049622 1.0 936000
1695743111901 1.0 940000
1695743175872 1.0 944000
1695743237835 1.0 948000
1695743299743 1.0 952000
1695743361937 1.0 956000
1695743425235 1.0 960000
1695743487714 1.0 964000
1695743552097 1.0 968000
1695743614250 1.0 972000
1695743677439 1.0 976000
1695743740484 1.0 980000
1695743804759 1.0 984000
1695743866936 1.0 988000
1695743930057 1.0 992000
1695743991687 1.0 996000
1695744055027 1.0 1000000
