1695731491917 4000.0 244000
1695731555288 4000.0 248000
1695731626931 4000.0 252000
1695731693929 4000.0 256000
1695731770369 4000.0 260000
1695731847808 4000.0 264000
1695731929246 4000.0 268000
1695732007480 4000.0 272000
1695732085542 4000.0 276000
1695732161550 4000.0 280000
1695732229781 4000.0 284000
1695732296210 4000.0 288000
1695732365321 4000.0 292000
1695732431667 4000.0 296000
1695732499237 4000.0 300000
1695732565123 4000.0 304000
1695732635393 4000.0 308000
1695732703010 4000.0 312000
1695732772333 4000.0 316000
1695732841523 4000.0 320000
1695732910184 4000.0 324000
1695732988648 4000.0 328000
1695733057711 4000.0 332000
1695733127163 4000.0 336000
1695733197143 4000.0 340000
1695733266861 4000.0 344000
1695733337674 4000.0 348000
1695733406210 4000.0 352000
1695733475045 4000.0 356000
1695733547109 4000.0 360000
1695733617677 4000.0 364000
1695733686168 4000.0 368000
1695733756150 4000.0 372000
1695733824387 4000.0 376000
1695733894890 4000.0 380000
1695733964223 4000.0 384000
1695734035224 4000.0 388000
1695734104201 4000.0 392000
1695734175629 4000.0 396000
1695734244674 4000.0 400000
1695734315698 4000.0 404000
1695734384610 4000.0 408000
1695734453390 4000.0 412000
1695734520677 4000.0 416000
1695734588384 4000.0 420000
1695734658336 4000.0 424000
1695734728002 4000.0 428000
1695734796890 4000.0 432000
1695734870234 4000.0 436000
1695734945766 4000.0 440000
1695735017079 4000.0 444000
1695735086369 4000.0 448000
1695735161692 4000.0 452000
1695735231934 4000.0 456000
1695735305877 4000.0 460000
1695735382128 4000.0 464000
1695735453131 4000.0 468000
1695735524360 4000.0 472000
1695735599136 4000.0 476000
1695735678639 4000.0 480000
1695735759760 4000.0 484000
1695735842325 4000.0 488000
1695735925751 4000.0 492000
1695736013427 4000.0 496000
1695736097273 4000.0 500000
1695736173599 4000.0 504000
1695736248855 4000.0 508000
1695736320567 4000.0 512000
1695736388148 4000.0 516000
1695736454284 4000.0 520000
1695736520616 4000.0 524000
1695736587045 4000.0 528000
1695736651677 4000.0 532000
1695736716113 4000.0 536000
1695736779462 4000.0 540000
1695736842178 4000.0 544000
1695736905375 4000.0 548000
1695736968442 4000.0 552000
1695737032140 4000.0 556000
1695737094052 4000.0 560000
1695737157960 4000.0 564000
1695737219626 4000.0 568000
1695737281941 4000.0 572000
1695737344624 4000.0 576000
1695737411954 4000.0 580000
1695737478238 4000.0 584000
1695737541907 4000.0 588000
1695737604344 4000.0 592000
1695737666427 4000.0 596000
1695737728636 4000.0 600000
1695737791561 4000.0 604000
1695737853520 4000.0 608000
1695737916208 4000.0 612000
1695737978577 4000.0 616000
1695738041222 4000.0 620000
1695738103473 4000.0 624000
1695738167310 4000.0 628000
1695738229980 4000.0 632000
1695738292538 4000.0 636000
1695738355027 4000.0 640000
1695738417889 4000.0 644000
1695738479840 4000.0 648000
1695738542430 4000.0 652000
1695738605866 4000.0 656000
1695738668138 4000.0 660000
1695738731692 4000.0 664000
1695738794160 4000.0 668000
1695738858503 4000.0 672000
1695738921242 4000.0 676000
1695738984443 4000.0 680000
1695739046703 4000.0 684000
1695739110078 4000.0 688000
1695739171951 4000.0 692000
1695739235479 4000.0 696000
1695739297727 4000.0 700000
1695739360536 4000.0 704000
1695739423221 4000.0 708000
1695739488014 4000.0 712000
1695739550667 4000.0 716000
1695739613294 4000.0 720000
1695739675997 4000.0 724000
1695739737786 4000.0 728000
1695739800469 4000.0 732000
1695739862706 4000.0 736000
1695739925849 4000.0 740000
1695739987692 4000.0 744000
1695740051594 4000.0 748000
1695740114406 4000.0 752000
1695740177628 4000.0 756000
1695740240100 4000.0 760000
1695740301965 4000.0 764000
1695740363549 4000.0 768000
1695740426038 4000.0 772000
1695740488869 4000.0 776000
1695740550708 4000.0 780000
1695740613409 4000.0 784000
1695740676033 4000.0 788000
1695740739791 4000.0 792000
1695740801696 4000.0 796000
1695740864959 4000.0 800000
1695740927164 4000.0 804000
1695740989411 4000.0 808000
1695741052743 4000.0 812000
1695741116393 4000.0 816000
1695741179127 4000.0 820000
1695741242035 4000.0 824000
1695741305141 4000.0 828000
1695741368464 4000.0 832000
1695741432702 4000.0 836000
1695741500734 4000.0 840000
1695741566775 4000.0 844000
1695741631725 4000.0 848000
1695741707366 4000.0 852000
1695741770193 4000.0 856000
1695741834268 4000.0 860000
1695741896245 4000.0 864000
1695741958417 4000.0 868000
1695742020664 4000.0 872000
1695742083811 4000.0 876000
1695742146478 4000.0 880000
1695742211595 4000.0 884000
1695742275837 4000.0 888000
1695742341578 4000.0 892000
1695742413576 4000.0 896000
1695742481909 4000.0 900000
1695742548226 4000.0 904000
1695742610695 4000.0 908000
1695742672805 4000.0 912000
1695742735090 4000.0 916000
1695742798395 4000.0 920000
1695742861495 4000.0 924000
1695742924078 4000.0 928000
1695742986319 4000.0 932000
1695743049626 4000.0 936000
1695743111904 4000.0 940000
1695743175876 4000.0 944000
1695743237839 4000.0 948000
1695743299747 4000.0 952000
1695743361940 4000.0 956000
1695743425238 4000.0 960000
1695743487717 4000.0 964000
1695743552100 4000.0 968000
1695743614254 4000.0 972000
1695743677443 4000.0 976000
1695743740487 4000.0 980000
1695743804763 4000.0 984000
1695743866940 4000.0 988000
1695743930061 4000.0 992000
1695743991690 4000.0 996000
1695744055031 4000.0 1000000
