1695731491959 1.0 244000
1695731555331 1.0 248000
1695731626967 1.0 252000
1695731693969 1.0 256000
1695731770412 1.0 260000
1695731847857 1.0 264000
1695731929291 1.0 268000
1695732007523 1.0 272000
1695732085587 1.0 276000
1695732161586 1.0 280000
1695732229818 1.0 284000
1695732296251 1.0 288000
1695732365361 1.0 292000
1695732431702 1.0 296000
1695732499274 1.0 300000
1695732565167 1.0 304000
1695732635436 1.0 308000
1695732703051 1.0 312000
1695732772371 1.0 316000
1695732841561 1.0 320000
1695732910220 1.0 324000
1695732988685 1.0 328000
1695733057752 1.0 332000
1695733127201 1.0 336000
1695733197181 1.0 340000
1695733266903 1.0 344000
1695733337724 1.0 348000
1695733406247 1.0 352000
1695733475084 1.0 356000
1695733547150 1.0 360000
1695733617716 1.0 364000
1695733686208 1.0 368000
1695733756188 1.0 372000
1695733824422 1.0 376000
1695733894929 1.0 380000
1695733964258 1.0 384000
1695734035266 1.0 388000
1695734104238 1.0 392000
1695734175667 1.0 396000
1695734244711 1.0 400000
1695734315736 1.0 404000
1695734384650 1.0 408000
1695734453427 1.0 412000
1695734520716 1.0 416000
1695734588423 1.0 420000
1695734658374 1.0 424000
1695734728041 1.0 428000
1695734796926 1.0 432000
1695734870288 1.0 436000
1695734945805 1.0 440000
1695735017121 1.0 444000
1695735086406 1.0 448000
1695735161730 1.0 452000
1695735231972 1.0 456000
1695735305919 1.0 460000
1695735382173 1.0 464000
1695735453171 1.0 468000
1695735524396 1.0 472000
1695735599177 1.0 476000
1695735678682 1.0 480000
1695735759802 1.0 484000
1695735842369 1.0 488000
1695735925800 1.0 492000
1695736013470 1.0 496000
1695736097320 1.0 500000
1695736173642 1.0 504000
1695736248908 1.0 508000
1695736320614 1.0 512000
1695736388183 1.0 516000
1695736454320 1.0 520000
1695736520651 1.0 524000
1695736587080 1.0 528000
1695736651716 1.0 532000
1695736716149 1.0 536000
1695736779495 1.0 540000
1695736842213 1.0 544000
1695736905413 1.0 548000
1695736968475 1.0 552000
1695737032175 1.0 556000
1695737094086 1.0 560000
1695737157994 1.0 564000
1695737219662 1.0 568000
1695737281977 1.0 572000
1695737344660 1.0 576000
1695737411993 1.0 580000
1695737478273 1.0 584000
1695737541941 1.0 588000
1695737604381 1.0 592000
1695737666466 1.0 596000
1695737728669 1.0 600000
1695737791597 1.0 604000
1695737853556 1.0 608000
1695737916242 1.0 612000
1695737978615 1.0 616000
1695738041255 1.0 620000
1695738103512 1.0 624000
1695738167344 1.0 628000
1695738230017 1.0 632000
1695738292573 1.0 636000
1695738355062 1.0 640000
1695738417922 1.0 644000
1695738479877 1.0 648000
1695738542464 1.0 652000
1695738605902 1.0 656000
1695738668174 1.0 660000
1695738731727 1.0 664000
1695738794195 1.0 668000
1695738858537 1.0 672000
1695738921280 1.0 676000
1695738984486 1.0 680000
1695739046737 1.0 684000
1695739110111 1.0 688000
1695739171985 1.0 692000
1695739235513 1.0 696000
1695739297761 1.0 700000
1695739360573 1.0 704000
1695739423258 1.0 708000
1695739488050 1.0 712000
1695739550702 1.0 716000
1695739613329 1.0 720000
1695739676031 1.0 724000
1695739737822 1.0 728000
1695739800505 1.0 732000
1695739862744 1.0 736000
1695739925885 1.0 740000
1695739987728 1.0 744000
1695740051630 1.0 748000
1695740114444 1.0 752000
1695740177662 1.0 756000
1695740240133 1.0 760000
1695740301999 1.0 764000
1695740363584 1.0 768000
1695740426071 1.0 772000
1695740488907 1.0 776000
1695740550742 1.0 780000
1695740613444 1.0 784000
1695740676067 1.0 788000
1695740739825 1.0 792000
1695740801730 1.0 796000
1695740864993 1.0 800000
1695740927204 1.0 804000
1695740989445 1.0 808000
1695741052781 1.0 812000
1695741116428 1.0 816000
1695741179162 1.0 820000
1695741242070 1.0 824000
1695741305176 1.0 828000
1695741368499 1.0 832000
1695741432738 1.0 836000
1695741500772 1.0 840000
1695741566813 1.0 844000
1695741631762 1.0 848000
1695741707402 1.0 852000
1695741770228 1.0 856000
1695741834304 1.0 860000
1695741896291 1.0 864000
1695741958451 1.0 868000
1695742020701 1.0 872000
1695742083847 1.0 876000
1695742146514 1.0 880000
1695742211632 1.0 884000
1695742275872 1.0 888000
1695742341614 1.0 892000
1695742413630 1.0 896000
1695742481946 1.0 900000
1695742548261 1.0 904000
1695742610728 1.0 908000
1695742672839 1.0 912000
1695742735126 1.0 916000
1695742798433 1.0 920000
1695742861529 1.0 924000
1695742924119 1.0 928000
1695742986352 1.0 932000
1695743049662 1.0 936000
1695743111940 1.0 940000
1695743175910 1.0 944000
1695743237873 1.0 948000
1695743299783 1.0 952000
1695743361977 1.0 956000
1695743425274 1.0 960000
1695743487752 1.0 964000
1695743552136 1.0 968000
1695743614289 1.0 972000
1695743677475 1.0 976000
1695743740522 1.0 980000
1695743804798 1.0 984000
1695743866977 1.0 988000
1695743930094 1.0 992000
1695743991726 1.0 996000
1695744055064 1.0 1000000
