1695731491960 1.0 244000
1695731555332 1.0 248000
1695731626968 1.0 252000
1695731693969 1.0 256000
1695731770413 1.0 260000
1695731847858 1.0 264000
1695731929292 1.0 268000
1695732007524 1.0 272000
1695732085594 1.0 276000
1695732161587 1.0 280000
1695732229818 1.0 284000
1695732296252 1.0 288000
1695732365362 1.0 292000
1695732431702 1.0 296000
1695732499275 1.0 300000
1695732565168 1.0 304000
1695732635437 1.0 308000
1695732703052 1.0 312000
1695732772372 1.0 316000
1695732841561 1.0 320000
1695732910221 1.0 324000
1695732988686 1.0 328000
1695733057753 1.0 332000
1695733127202 1.0 336000
1695733197182 1.0 340000
1695733266904 1.0 344000
1695733337725 1.0 348000
1695733406248 1.0 352000
1695733475085 1.0 356000
1695733547151 1.0 360000
1695733617717 1.0 364000
1695733686209 1.0 368000
1695733756189 1.0 372000
1695733824423 1.0 376000
1695733894930 1.0 380000
1695733964259 1.0 384000
1695734035267 1.0 388000
1695734104239 1.0 392000
1695734175667 1.0 396000
1695734244712 1.0 400000
1695734315737 1.0 404000
1695734384651 1.0 408000
1695734453428 1.0 412000
1695734520717 1.0 416000
1695734588424 1.0 420000
1695734658375 1.0 424000
1695734728041 1.0 428000
1695734796927 1.0 432000
1695734870289 1.0 436000
1695734945806 1.0 440000
1695735017122 1.0 444000
1695735086407 1.0 448000
1695735161731 1.0 452000
1695735231973 1.0 456000
1695735305920 1.0 460000
1695735382174 1.0 464000
1695735453172 1.0 468000
1695735524397 1.0 472000
1695735599177 1.0 476000
1695735678683 1.0 480000
1695735759803 1.0 484000
1695735842370 1.0 488000
1695735925801 1.0 492000
1695736013470 1.0 496000
1695736097321 1.0 500000
1695736173643 1.0 504000
1695736248909 1.0 508000
1695736320616 1.0 512000
1695736388184 1.0 516000
1695736454321 1.0 520000
1695736520652 1.0 524000
1695736587081 1.0 528000
1695736651717 1.0 532000
1695736716150 1.0 536000
1695736779496 1.0 540000
1695736842214 1.0 544000
1695736905414 1.0 548000
1695736968476 1.0 552000
1695737032176 1.0 556000
1695737094087 1.0 560000
1695737157995 1.0 564000
1695737219663 1.0 568000
1695737281978 1.0 572000
1695737344661 1.0 576000
1695737411993 1.0 580000
1695737478274 1.0 584000
1695737541942 1.0 588000
1695737604381 1.0 592000
1695737666466 1.0 596000
1695737728670 1.0 600000
1695737791598 1.0 604000
1695737853557 1.0 608000
1695737916243 1.0 612000
1695737978616 1.0 616000
1695738041256 1.0 620000
1695738103513 1.0 624000
1695738167345 1.0 628000
1695738230017 1.0 632000
1695738292573 1.0 636000
1695738355062 1.0 640000
1695738417922 1.0 644000
1695738479878 1.0 648000
1695738542465 1.0 652000
1695738605902 1.0 656000
1695738668175 1.0 660000
1695738731727 1.0 664000
1695738794196 1.0 668000
1695738858538 1.0 672000
1695738921281 1.0 676000
1695738984487 1.0 680000
1695739046738 1.0 684000
1695739110112 1.0 688000
1695739171986 1.0 692000
1695739235514 1.0 696000
1695739297761 1.0 700000
1695739360574 1.0 704000
1695739423259 1.0 708000
1695739488051 1.0 712000
1695739550703 1.0 716000
1695739613330 1.0 720000
1695739676032 1.0 724000
1695739737823 1.0 728000
1695739800506 1.0 732000
1695739862745 1.0 736000
1695739925886 1.0 740000
1695739987729 1.0 744000
1695740051630 1.0 748000
1695740114445 1.0 752000
1695740177663 1.0 756000
1695740240134 1.0 760000
1695740301999 1.0 764000
1695740363585 1.0 768000
1695740426072 1.0 772000
1695740488908 1.0 776000
1695740550742 1.0 780000
1695740613445 1.0 784000
1695740676068 1.0 788000
1695740739825 1.0 792000
1695740801730 1.0 796000
1695740864994 1.0 800000
1695740927205 1.0 804000
1695740989445 1.0 808000
1695741052782 1.0 812000
1695741116429 1.0 816000
1695741179163 1.0 820000
1695741242071 1.0 824000
1695741305177 1.0 828000
1695741368500 1.0 832000
1695741432738 1.0 836000
1695741500773 1.0 840000
1695741566813 1.0 844000
1695741631762 1.0 848000
1695741707403 1.0 852000
1695741770229 1.0 856000
1695741834304 1.0 860000
1695741896292 1.0 864000
1695741958452 1.0 868000
1695742020702 1.0 872000
1695742083847 1.0 876000
1695742146515 1.0 880000
1695742211632 1.0 884000
1695742275872 1.0 888000
1695742341615 1.0 892000
1695742413631 1.0 896000
1695742481947 1.0 900000
1695742548262 1.0 904000
1695742610728 1.0 908000
1695742672840 1.0 912000
1695742735127 1.0 916000
1695742798434 1.0 920000
1695742861530 1.0 924000
1695742924120 1.0 928000
1695742986353 1.0 932000
1695743049662 1.0 936000
1695743111941 1.0 940000
1695743175911 1.0 944000
1695743237874 1.0 948000
1695743299784 1.0 952000
1695743361978 1.0 956000
1695743425275 1.0 960000
1695743487753 1.0 964000
1695743552137 1.0 968000
1695743614289 1.0 972000
1695743677476 1.0 976000
1695743740523 1.0 980000
1695743804799 1.0 984000
1695743866978 1.0 988000
1695743930095 1.0 992000
1695743991727 1.0 996000
1695744055065 1.0 1000000
