1695731491967 10.0 244000
1695731555339 10.0 248000
1695731626974 10.0 252000
1695731693976 10.0 256000
1695731770420 10.0 260000
1695731847866 10.0 264000
1695731929300 10.0 268000
1695732007532 10.0 272000
1695732085609 10.0 276000
1695732161593 10.0 280000
1695732229825 10.0 284000
1695732296259 10.0 288000
1695732365369 10.0 292000
1695732431708 10.0 296000
1695732499281 10.0 300000
1695732565174 10.0 304000
1695732635444 10.0 308000
1695732703059 10.0 312000
1695732772379 10.0 316000
1695732841568 10.0 320000
1695732910227 10.0 324000
1695732988692 10.0 328000
1695733057760 10.0 332000
1695733127207 10.0 336000
1695733197189 10.0 340000
1695733266910 10.0 344000
1695733337733 10.0 348000
1695733406254 10.0 352000
1695733475091 10.0 356000
1695733547158 10.0 360000
1695733617724 10.0 364000
1695733686216 10.0 368000
1695733756195 10.0 372000
1695733824430 10.0 376000
1695733894936 10.0 380000
1695733964265 10.0 384000
1695734035274 10.0 388000
1695734104245 10.0 392000
1695734175674 10.0 396000
1695734244718 10.0 400000
1695734315743 10.0 404000
1695734384658 10.0 408000
1695734453434 10.0 412000
1695734520724 10.0 416000
1695734588430 10.0 420000
1695734658382 10.0 424000
1695734728048 10.0 428000
1695734796933 10.0 432000
1695734870297 10.0 436000
1695734945813 10.0 440000
1695735017129 10.0 444000
1695735086413 10.0 448000
1695735161738 10.0 452000
1695735231980 10.0 456000
1695735305927 10.0 460000
1695735382181 10.0 464000
1695735453178 10.0 468000
1695735524402 10.0 472000
1695735599185 10.0 476000
1695735678689 10.0 480000
1695735759812 10.0 484000
1695735842377 10.0 488000
1695735925810 10.0 492000
1695736013478 10.0 496000
1695736097329 10.0 500000
1695736173650 10.0 504000
1695736248917 10.0 508000
1695736320625 10.0 512000
1695736388190 10.0 516000
1695736454328 10.0 520000
1695736520658 10.0 524000
1695736587086 10.0 528000
1695736651723 10.0 532000
1695736716156 10.0 536000
1695736779502 10.0 540000
1695736842219 10.0 544000
1695736905420 10.0 548000
1695736968481 10.0 552000
1695737032182 10.0 556000
1695737094093 10.0 560000
1695737158001 10.0 564000
1695737219669 10.0 568000
1695737281984 10.0 572000
1695737344666 10.0 576000
1695737412000 10.0 580000
1695737478280 10.0 584000
1695737541948 10.0 588000
1695737604388 10.0 592000
1695737666472 10.0 596000
1695737728676 10.0 600000
1695737791604 10.0 604000
1695737853562 10.0 608000
1695737916249 10.0 612000
1695737978621 10.0 616000
1695738041262 10.0 620000
1695738103519 10.0 624000
1695738167350 10.0 628000
1695738230023 10.0 632000
1695738292579 10.0 636000
1695738355069 10.0 640000
1695738417928 10.0 644000
1695738479884 10.0 648000
1695738542471 10.0 652000
1695738605908 10.0 656000
1695738668181 10.0 660000
1695738731733 10.0 664000
1695738794201 10.0 668000
1695738858543 10.0 672000
1695738921287 10.0 676000
1695738984493 10.0 680000
1695739046744 10.0 684000
1695739110117 10.0 688000
1695739171992 10.0 692000
1695739235519 10.0 696000
1695739297767 10.0 700000
1695739360581 10.0 704000
1695739423266 10.0 708000
1695739488057 10.0 712000
1695739550709 10.0 716000
1695739613337 10.0 720000
1695739676038 10.0 724000
1695739737828 10.0 728000
1695739800512 10.0 732000
1695739862752 10.0 736000
1695739925892 10.0 740000
1695739987735 10.0 744000
1695740051636 10.0 748000
1695740114451 10.0 752000
1695740177669 10.0 756000
1695740240139 10.0 760000
1695740302005 10.0 764000
1695740363592 10.0 768000
1695740426078 10.0 772000
1695740488914 10.0 776000
1695740550749 10.0 780000
1695740613451 10.0 784000
1695740676075 10.0 788000
1695740739831 10.0 792000
1695740801736 10.0 796000
1695740865000 10.0 800000
1695740927212 10.0 804000
1695740989451 10.0 808000
1695741052788 10.0 812000
1695741116435 10.0 816000
1695741179169 10.0 820000
1695741242077 10.0 824000
1695741305182 10.0 828000
1695741368505 10.0 832000
1695741432745 10.0 836000
1695741500780 10.0 840000
1695741566819 10.0 844000
1695741631768 10.0 848000
1695741707411 10.0 852000
1695741770235 10.0 856000
1695741834310 10.0 860000
1695741896299 10.0 864000
1695741958459 10.0 868000
1695742020708 10.0 872000
1695742083854 10.0 876000
1695742146521 10.0 880000
1695742211639 10.0 884000
1695742275878 10.0 888000
1695742341621 10.0 892000
1695742413639 10.0 896000
1695742481953 10.0 900000
1695742548267 10.0 904000
1695742610734 10.0 908000
1695742672845 10.0 912000
1695742735133 10.0 916000
1695742798439 10.0 920000
1695742861536 10.0 924000
1695742924126 10.0 928000
1695742986358 10.0 932000
1695743049668 10.0 936000
1695743111947 10.0 940000
1695743175917 10.0 944000
1695743237880 10.0 948000
1695743299790 10.0 952000
1695743361984 10.0 956000
1695743425281 10.0 960000
1695743487759 10.0 964000
1695743552142 10.0 968000
1695743614295 10.0 972000
1695743677482 10.0 976000
1695743740529 10.0 980000
1695743804805 10.0 984000
1695743866984 10.0 988000
1695743930101 10.0 992000
1695743991733 10.0 996000
1695744055071 10.0 1000000
