1695731491965 1.0 244000
1695731555336 1.0 248000
1695731626972 1.0 252000
1695731693973 1.0 256000
1695731770418 1.0 260000
1695731847863 1.0 264000
1695731929297 1.0 268000
1695732007529 1.0 272000
1695732085604 1.0 276000
1695732161590 1.0 280000
1695732229823 1.0 284000
1695732296257 1.0 288000
1695732365366 1.0 292000
1695732431706 1.0 296000
1695732499279 1.0 300000
1695732565172 1.0 304000
1695732635441 1.0 308000
1695732703056 1.0 312000
1695732772376 1.0 316000
1695732841565 1.0 320000
1695732910224 1.0 324000
1695732988690 1.0 328000
1695733057758 1.0 332000
1695733127205 1.0 336000
1695733197186 1.0 340000
1695733266908 1.0 344000
1695733337730 1.0 348000
1695733406252 1.0 352000
1695733475089 1.0 356000
1695733547155 1.0 360000
1695733617721 1.0 364000
1695733686214 1.0 368000
1695733756193 1.0 372000
1695733824427 1.0 376000
1695733894934 1.0 380000
1695733964263 1.0 384000
1695734035272 1.0 388000
1695734104243 1.0 392000
1695734175671 1.0 396000
1695734244716 1.0 400000
1695734315741 1.0 404000
1695734384655 1.0 408000
1695734453431 1.0 412000
1695734520721 1.0 416000
1695734588428 1.0 420000
1695734658379 1.0 424000
1695734728045 1.0 428000
1695734796931 1.0 432000
1695734870294 1.0 436000
1695734945810 1.0 440000
1695735017127 1.0 444000
1695735086411 1.0 448000
1695735161735 1.0 452000
1695735231977 1.0 456000
1695735305925 1.0 460000
1695735382179 1.0 464000
1695735453176 1.0 468000
1695735524400 1.0 472000
1695735599182 1.0 476000
1695735678687 1.0 480000
1695735759809 1.0 484000
1695735842374 1.0 488000
1695735925807 1.0 492000
1695736013475 1.0 496000
1695736097326 1.0 500000
1695736173647 1.0 504000
1695736248914 1.0 508000
1695736320622 1.0 512000
1695736388188 1.0 516000
1695736454325 1.0 520000
1695736520656 1.0 524000
1695736587084 1.0 528000
1695736651721 1.0 532000
1695736716154 1.0 536000
1695736779500 1.0 540000
1695736842217 1.0 544000
1695736905418 1.0 548000
1695736968479 1.0 552000
1695737032180 1.0 556000
1695737094091 1.0 560000
1695737157999 1.0 564000
1695737219667 1.0 568000
1695737281982 1.0 572000
1695737344664 1.0 576000
1695737411998 1.0 580000
1695737478278 1.0 584000
1695737541946 1.0 588000
1695737604385 1.0 592000
1695737666470 1.0 596000
1695737728674 1.0 600000
1695737791602 1.0 604000
1695737853560 1.0 608000
1695737916247 1.0 612000
1695737978619 1.0 616000
1695738041260 1.0 620000
1695738103516 1.0 624000
1695738167348 1.0 628000
1695738230021 1.0 632000
1695738292577 1.0 636000
1695738355066 1.0 640000
1695738417926 1.0 644000
1695738479882 1.0 648000
1695738542469 1.0 652000
1695738605906 1.0 656000
1695738668179 1.0 660000
1695738731731 1.0 664000
1695738794199 1.0 668000
1695738858541 1.0 672000
1695738921285 1.0 676000
1695738984491 1.0 680000
1695739046741 1.0 684000
1695739110115 1.0 688000
1695739171990 1.0 692000
1695739235517 1.0 696000
1695739297765 1.0 700000
1695739360578 1.0 704000
1695739423263 1.0 708000
1695739488055 1.0 712000
1695739550706 1.0 716000
1695739613334 1.0 720000
1695739676036 1.0 724000
1695739737826 1.0 728000
1695739800510 1.0 732000
1695739862749 1.0 736000
1695739925889 1.0 740000
1695739987733 1.0 744000
1695740051634 1.0 748000
1695740114449 1.0 752000
1695740177666 1.0 756000
1695740240137 1.0 760000
1695740302003 1.0 764000
1695740363589 1.0 768000
1695740426076 1.0 772000
1695740488912 1.0 776000
1695740550746 1.0 780000
1695740613449 1.0 784000
1695740676072 1.0 788000
1695740739829 1.0 792000
1695740801734 1.0 796000
1695740864998 1.0 800000
1695740927209 1.0 804000
1695740989449 1.0 808000
1695741052786 1.0 812000
1695741116433 1.0 816000
1695741179166 1.0 820000
1695741242075 1.0 824000
1695741305180 1.0 828000
1695741368503 1.0 832000
1695741432743 1.0 836000
1695741500777 1.0 840000
1695741566817 1.0 844000
1695741631766 1.0 848000
1695741707407 1.0 852000
1695741770232 1.0 856000
1695741834308 1.0 860000
1695741896296 1.0 864000
1695741958456 1.0 868000
1695742020706 1.0 872000
1695742083851 1.0 876000
1695742146519 1.0 880000
1695742211636 1.0 884000
1695742275876 1.0 888000
1695742341619 1.0 892000
1695742413636 1.0 896000
1695742481951 1.0 900000
1695742548265 1.0 904000
1695742610732 1.0 908000
1695742672843 1.0 912000
1695742735131 1.0 916000
1695742798437 1.0 920000
1695742861534 1.0 924000
1695742924124 1.0 928000
1695742986356 1.0 932000
1695743049666 1.0 936000
1695743111945 1.0 940000
1695743175915 1.0 944000
1695743237878 1.0 948000
1695743299788 1.0 952000
1695743361982 1.0 956000
1695743425279 1.0 960000
1695743487757 1.0 964000
1695743552140 1.0 968000
1695743614293 1.0 972000
1695743677480 1.0 976000
1695743740527 1.0 980000
1695743804803 1.0 984000
1695743866982 1.0 988000
1695743930099 1.0 992000
1695743991731 1.0 996000
1695744055069 1.0 1000000
