1695731491969 -1.0 244000
1695731555341 -1.0 248000
1695731626976 -1.0 252000
1695731693977 -1.0 256000
1695731770422 -1.0 260000
1695731847867 -1.0 264000
1695731929301 -1.0 268000
1695732007533 -1.0 272000
1695732085612 -1.0 276000
1695732161594 -1.0 280000
1695732229827 -1.0 284000
1695732296261 -1.0 288000
1695732365370 -1.0 292000
1695732431710 -1.0 296000
1695732499283 -1.0 300000
1695732565176 -1.0 304000
1695732635446 -1.0 308000
1695732703060 -1.0 312000
1695732772380 -1.0 316000
1695732841569 -1.0 320000
1695732910228 -1.0 324000
1695732988694 -1.0 328000
1695733057762 -1.0 332000
1695733127209 -1.0 336000
1695733197190 -1.0 340000
1695733266912 -1.0 344000
1695733337735 -1.0 348000
1695733406256 -1.0 352000
1695733475093 -1.0 356000
1695733547159 -1.0 360000
1695733617725 -1.0 364000
1695733686218 -1.0 368000
1695733756197 -1.0 372000
1695733824431 -1.0 376000
1695733894938 -1.0 380000
1695733964266 -1.0 384000
1695734035276 -1.0 388000
1695734104246 -1.0 392000
1695734175675 -1.0 396000
1695734244720 -1.0 400000
1695734315745 -1.0 404000
1695734384659 -1.0 408000
1695734453435 -1.0 412000
1695734520726 -1.0 416000
1695734588432 -1.0 420000
1695734658383 -1.0 424000
1695734728049 -1.0 428000
1695734796935 -1.0 432000
1695734870299 -1.0 436000
1695734945815 -1.0 440000
1695735017131 -1.0 444000
1695735086415 -1.0 448000
1695735161739 -1.0 452000
1695735231981 -1.0 456000
1695735305929 -1.0 460000
1695735382183 -1.0 464000
1695735453180 -1.0 468000
1695735524404 -1.0 472000
1695735599187 -1.0 476000
1695735678691 -1.0 480000
1695735759814 -1.0 484000
1695735842379 -1.0 488000
1695735925812 -1.0 492000
1695736013479 -1.0 496000
1695736097331 -1.0 500000
1695736173652 -1.0 504000
1695736248919 -1.0 508000
1695736320627 -1.0 512000
1695736388192 -1.0 516000
1695736454329 -1.0 520000
1695736520659 -1.0 524000
1695736587088 -1.0 528000
1695736651725 -1.0 532000
1695736716157 -1.0 536000
1695736779503 -1.0 540000
1695736842221 -1.0 544000
1695736905422 -1.0 548000
1695736968483 -1.0 552000
1695737032184 -1.0 556000
1695737094095 -1.0 560000
1695737158002 -1.0 564000
1695737219671 -1.0 568000
1695737281986 -1.0 572000
1695737344668 -1.0 576000
1695737412002 -1.0 580000
1695737478281 -1.0 584000
1695737541950 -1.0 588000
1695737604389 -1.0 592000
1695737666473 -1.0 596000
1695737728677 -1.0 600000
1695737791606 -1.0 604000
1695737853563 -1.0 608000
1695737916250 -1.0 612000
1695737978623 -1.0 616000
1695738041264 -1.0 620000
1695738103521 -1.0 624000
1695738167352 -1.0 628000
1695738230025 -1.0 632000
1695738292580 -1.0 636000
1695738355071 -1.0 640000
1695738417930 -1.0 644000
1695738479886 -1.0 648000
1695738542472 -1.0 652000
1695738605909 -1.0 656000
1695738668182 -1.0 660000
1695738731735 -1.0 664000
1695738794203 -1.0 668000
1695738858545 -1.0 672000
1695738921288 -1.0 676000
1695738984496 -1.0 680000
1695739046745 -1.0 684000
1695739110119 -1.0 688000
1695739171994 -1.0 692000
1695739235521 -1.0 696000
1695739297768 -1.0 700000
1695739360582 -1.0 704000
1695739423267 -1.0 708000
1695739488059 -1.0 712000
1695739550710 -1.0 716000
1695739613338 -1.0 720000
1695739676039 -1.0 724000
1695739737830 -1.0 728000
1695739800514 -1.0 732000
1695739862753 -1.0 736000
1695739925893 -1.0 740000
1695739987737 -1.0 744000
1695740051638 -1.0 748000
1695740114452 -1.0 752000
1695740177670 -1.0 756000
1695740240140 -1.0 760000
1695740302006 -1.0 764000
1695740363593 -1.0 768000
1695740426080 -1.0 772000
1695740488916 -1.0 776000
1695740550750 -1.0 780000
1695740613453 -1.0 784000
1695740676076 -1.0 788000
1695740739833 -1.0 792000
1695740801738 -1.0 796000
1695740865001 -1.0 800000
1695740927213 -1.0 804000
1695740989453 -1.0 808000
1695741052790 -1.0 812000
1695741116436 -1.0 816000
1695741179170 -1.0 820000
1695741242079 -1.0 824000
1695741305184 -1.0 828000
1695741368507 -1.0 832000
1695741432747 -1.0 836000
1695741500781 -1.0 840000
1695741566821 -1.0 844000
1695741631770 -1.0 848000
1695741707413 -1.0 852000
1695741770236 -1.0 856000
1695741834312 -1.0 860000
1695741896302 -1.0 864000
1695741958460 -1.0 868000
1695742020709 -1.0 872000
1695742083855 -1.0 876000
1695742146523 -1.0 880000
1695742211640 -1.0 884000
1695742275880 -1.0 888000
1695742341623 -1.0 892000
1695742413641 -1.0 896000
1695742481955 -1.0 900000
1695742548269 -1.0 904000
1695742610735 -1.0 908000
1695742672846 -1.0 912000
1695742735135 -1.0 916000
1695742798441 -1.0 920000
1695742861538 -1.0 924000
1695742924128 -1.0 928000
1695742986360 -1.0 932000
1695743049669 -1.0 936000
1695743111949 -1.0 940000
1695743175919 -1.0 944000
1695743237881 -1.0 948000
1695743299791 -1.0 952000
1695743361985 -1.0 956000
1695743425283 -1.0 960000
1695743487760 -1.0 964000
1695743552144 -1.0 968000
1695743614297 -1.0 972000
1695743677483 -1.0 976000
1695743740531 -1.0 980000
1695743804806 -1.0 984000
1695743866986 -1.0 988000
1695743930103 -1.0 992000
1695743991735 -1.0 996000
1695744055073 -1.0 1000000
