1695731491951 1800.0 244000
1695731555321 1800.0 248000
1695731626959 1800.0 252000
1695731693960 1800.0 256000
1695731770402 1800.0 260000
1695731847847 1800.0 264000
1695731929281 1800.0 268000
1695732007513 1800.0 272000
1695732085576 1800.0 276000
1695732161578 1800.0 280000
1695732229809 1800.0 284000
1695732296241 1800.0 288000
1695732365352 1800.0 292000
1695732431694 1800.0 296000
1695732499266 1800.0 300000
1695732565157 1800.0 304000
1695732635426 1800.0 308000
1695732703042 1800.0 312000
1695732772362 1800.0 316000
1695732841552 1800.0 320000
1695732910212 1800.0 324000
1695732988676 1800.0 328000
1695733057743 1800.0 332000
1695733127192 1800.0 336000
1695733197173 1800.0 340000
1695733266894 1800.0 344000
1695733337711 1800.0 348000
1695733406238 1800.0 352000
1695733475075 1800.0 356000
1695733547141 1800.0 360000
1695733617707 1800.0 364000
1695733686199 1800.0 368000
1695733756179 1800.0 372000
1695733824414 1800.0 376000
1695733894920 1800.0 380000
1695733964250 1800.0 384000
1695734035257 1800.0 388000
1695734104229 1800.0 392000
1695734175658 1800.0 396000
1695734244703 1800.0 400000
1695734315727 1800.0 404000
1695734384640 1800.0 408000
1695734453418 1800.0 412000
1695734520707 1800.0 416000
1695734588414 1800.0 420000
1695734658365 1800.0 424000
1695734728031 1800.0 428000
1695734796918 1800.0 432000
1695734870277 1800.0 436000
1695734945796 1800.0 440000
1695735017112 1800.0 444000
1695735086397 1800.0 448000
1695735161721 1800.0 452000
1695735231963 1800.0 456000
1695735305910 1800.0 460000
1695735382163 1800.0 464000
1695735453161 1800.0 468000
1695735524387 1800.0 472000
1695735599167 1800.0 476000
1695735678672 1800.0 480000
1695735759793 1800.0 484000
1695735842358 1800.0 488000
1695735925789 1800.0 492000
1695736013459 1800.0 496000
1695736097310 1800.0 500000
1695736173631 1800.0 504000
1695736248896 1800.0 508000
1695736320600 1800.0 512000
1695736388175 1800.0 516000
1695736454312 1800.0 520000
1695736520643 1800.0 524000
1695736587072 1800.0 528000
1695736651707 1800.0 532000
1695736716140 1800.0 536000
1695736779487 1800.0 540000
1695736842205 1800.0 544000
1695736905405 1800.0 548000
1695736968467 1800.0 552000
1695737032167 1800.0 556000
1695737094078 1800.0 560000
1695737157986 1800.0 564000
1695737219654 1800.0 568000
1695737281968 1800.0 572000
1695737344653 1800.0 576000
1695737411984 1800.0 580000
1695737478265 1800.0 584000
1695737541933 1800.0 588000
1695737604372 1800.0 592000
1695737666457 1800.0 596000
1695737728661 1800.0 600000
1695737791588 1800.0 604000
1695737853548 1800.0 608000
1695737916235 1800.0 612000
1695737978606 1800.0 616000
1695738041247 1800.0 620000
1695738103502 1800.0 624000
1695738167337 1800.0 628000
1695738230008 1800.0 632000
1695738292564 1800.0 636000
1695738355053 1800.0 640000
1695738417914 1800.0 644000
1695738479868 1800.0 648000
1695738542456 1800.0 652000
1695738605894 1800.0 656000
1695738668166 1800.0 660000
1695738731719 1800.0 664000
1695738794187 1800.0 668000
1695738858529 1800.0 672000
1695738921271 1800.0 676000
1695738984476 1800.0 680000
1695739046729 1800.0 684000
1695739110103 1800.0 688000
1695739171977 1800.0 692000
1695739235505 1800.0 696000
1695739297753 1800.0 700000
1695739360564 1800.0 704000
1695739423249 1800.0 708000
1695739488041 1800.0 712000
1695739550694 1800.0 716000
1695739613321 1800.0 720000
1695739676023 1800.0 724000
1695739737814 1800.0 728000
1695739800497 1800.0 732000
1695739862735 1800.0 736000
1695739925876 1800.0 740000
1695739987719 1800.0 744000
1695740051621 1800.0 748000
1695740114435 1800.0 752000
1695740177654 1800.0 756000
1695740240125 1800.0 760000
1695740301991 1800.0 764000
1695740363576 1800.0 768000
1695740426064 1800.0 772000
1695740488898 1800.0 776000
1695740550733 1800.0 780000
1695740613436 1800.0 784000
1695740676059 1800.0 788000
1695740739817 1800.0 792000
1695740801722 1800.0 796000
1695740864985 1800.0 800000
1695740927193 1800.0 804000
1695740989437 1800.0 808000
1695741052772 1800.0 812000
1695741116420 1800.0 816000
1695741179155 1800.0 820000
1695741242062 1800.0 824000
1695741305168 1800.0 828000
1695741368491 1800.0 832000
1695741432729 1800.0 836000
1695741500763 1800.0 840000
1695741566803 1800.0 844000
1695741631753 1800.0 848000
1695741707394 1800.0 852000
1695741770221 1800.0 856000
1695741834296 1800.0 860000
1695741896281 1800.0 864000
1695741958443 1800.0 868000
1695742020692 1800.0 872000
1695742083839 1800.0 876000
1695742146506 1800.0 880000
1695742211624 1800.0 884000
1695742275864 1800.0 888000
1695742341606 1800.0 892000
1695742413619 1800.0 896000
1695742481938 1800.0 900000
1695742548253 1800.0 904000
1695742610720 1800.0 908000
1695742672831 1800.0 912000
1695742735118 1800.0 916000
1695742798424 1800.0 920000
1695742861521 1800.0 924000
1695742924110 1800.0 928000
1695742986344 1800.0 932000
1695743049654 1800.0 936000
1695743111932 1800.0 940000
1695743175902 1800.0 944000
1695743237866 1800.0 948000
1695743299775 1800.0 952000
1695743361969 1800.0 956000
1695743425265 1800.0 960000
1695743487743 1800.0 964000
1695743552128 1800.0 968000
1695743614280 1800.0 972000
1695743677468 1800.0 976000
1695743740514 1800.0 980000
1695743804790 1800.0 984000
1695743866968 1800.0 988000
1695743930086 1800.0 992000
1695743991719 1800.0 996000
1695744055056 1800.0 1000000
