1695731491950 60.0 244000
1695731555320 60.0 248000
1695731626958 60.0 252000
1695731693959 60.0 256000
1695731770401 60.0 260000
1695731847846 60.0 264000
1695731929280 60.0 268000
1695732007512 60.0 272000
1695732085575 60.0 276000
1695732161577 60.0 280000
1695732229808 60.0 284000
1695732296241 60.0 288000
1695732365351 60.0 292000
1695732431693 60.0 296000
1695732499265 60.0 300000
1695732565156 60.0 304000
1695732635425 60.0 308000
1695732703041 60.0 312000
1695732772361 60.0 316000
1695732841551 60.0 320000
1695732910211 60.0 324000
1695732988675 60.0 328000
1695733057742 60.0 332000
1695733127192 60.0 336000
1695733197172 60.0 340000
1695733266893 60.0 344000
1695733337709 60.0 348000
1695733406237 60.0 352000
1695733475073 60.0 356000
1695733547140 60.0 360000
1695733617706 60.0 364000
1695733686198 60.0 368000
1695733756178 60.0 372000
1695733824413 60.0 376000
1695733894919 60.0 380000
1695733964249 60.0 384000
1695734035256 60.0 388000
1695734104229 60.0 392000
1695734175658 60.0 396000
1695734244702 60.0 400000
1695734315726 60.0 404000
1695734384640 60.0 408000
1695734453418 60.0 412000
1695734520706 60.0 416000
1695734588413 60.0 420000
1695734658364 60.0 424000
1695734728030 60.0 428000
1695734796917 60.0 432000
1695734870275 60.0 436000
1695734945795 60.0 440000
1695735017111 60.0 444000
1695735086396 60.0 448000
1695735161720 60.0 452000
1695735231963 60.0 456000
1695735305909 60.0 460000
1695735382162 60.0 464000
1695735453161 60.0 468000
1695735524387 60.0 472000
1695735599166 60.0 476000
1695735678671 60.0 480000
1695735759792 60.0 484000
1695735842357 60.0 488000
1695735925788 60.0 492000
1695736013458 60.0 496000
1695736097308 60.0 500000
1695736173630 60.0 504000
1695736248895 60.0 508000
1695736320599 60.0 512000
1695736388174 60.0 516000
1695736454311 60.0 520000
1695736520643 60.0 524000
1695736587071 60.0 528000
1695736651706 60.0 532000
1695736716140 60.0 536000
1695736779487 60.0 540000
1695736842204 60.0 544000
1695736905404 60.0 548000
1695736968466 60.0 552000
1695737032166 60.0 556000
1695737094077 60.0 560000
1695737157985 60.0 564000
1695737219653 60.0 568000
1695737281968 60.0 572000
1695737344652 60.0 576000
1695737411983 60.0 580000
1695737478264 60.0 584000
1695737541932 60.0 588000
1695737604371 60.0 592000
1695737666456 60.0 596000
1695737728661 60.0 600000
1695737791587 60.0 604000
1695737853548 60.0 608000
1695737916234 60.0 612000
1695737978605 60.0 616000
1695738041247 60.0 620000
1695738103501 60.0 624000
1695738167336 60.0 628000
1695738230007 60.0 632000
1695738292563 60.0 636000
1695738355052 60.0 640000
1695738417913 60.0 644000
1695738479867 60.0 648000
1695738542455 60.0 652000
1695738605893 60.0 656000
1695738668165 60.0 660000
1695738731718 60.0 664000
1695738794186 60.0 668000
1695738858529 60.0 672000
1695738921271 60.0 676000
1695738984476 60.0 680000
1695739046729 60.0 684000
1695739110102 60.0 688000
1695739171976 60.0 692000
1695739235504 60.0 696000
1695739297752 60.0 700000
1695739360563 60.0 704000
1695739423248 60.0 708000
1695739488040 60.0 712000
1695739550693 60.0 716000
1695739613320 60.0 720000
1695739676023 60.0 724000
1695739737813 60.0 728000
1695739800496 60.0 732000
1695739862735 60.0 736000
1695739925875 60.0 740000
1695739987718 60.0 744000
1695740051620 60.0 748000
1695740114434 60.0 752000
1695740177653 60.0 756000
1695740240124 60.0 760000
1695740301990 60.0 764000
1695740363575 60.0 768000
1695740426063 60.0 772000
1695740488897 60.0 776000
1695740550733 60.0 780000
1695740613435 60.0 784000
1695740676058 60.0 788000
1695740739816 60.0 792000
1695740801721 60.0 796000
1695740864985 60.0 800000
1695740927192 60.0 804000
1695740989436 60.0 808000
1695741052771 60.0 812000
1695741116420 60.0 816000
1695741179154 60.0 820000
1695741242061 60.0 824000
1695741305167 60.0 828000
1695741368490 60.0 832000
1695741432728 60.0 836000
1695741500763 60.0 840000
1695741566802 60.0 844000
1695741631752 60.0 848000
1695741707393 60.0 852000
1695741770220 60.0 856000
1695741834295 60.0 860000
1695741896280 60.0 864000
1695741958442 60.0 868000
1695742020692 60.0 872000
1695742083838 60.0 876000
1695742146506 60.0 880000
1695742211623 60.0 884000
1695742275863 60.0 888000
1695742341605 60.0 892000
1695742413618 60.0 896000
1695742481937 60.0 900000
1695742548252 60.0 904000
1695742610719 60.0 908000
1695742672830 60.0 912000
1695742735117 60.0 916000
1695742798423 60.0 920000
1695742861520 60.0 924000
1695742924109 60.0 928000
1695742986343 60.0 932000
1695743049653 60.0 936000
1695743111931 60.0 940000
1695743175902 60.0 944000
1695743237865 60.0 948000
1695743299774 60.0 952000
1695743361968 60.0 956000
1695743425265 60.0 960000
1695743487743 60.0 964000
1695743552127 60.0 968000
1695743614280 60.0 972000
1695743677467 60.0 976000
1695743740513 60.0 980000
1695743804789 60.0 984000
1695743866967 60.0 988000
1695743930085 60.0 992000
1695743991718 60.0 996000
1695744055055 60.0 1000000
