1695672393936 1.0 4000
1695672462637 1.0 8000
1695672529146 1.0 12000
1695672600021 1.0 16000
1695672672297 1.0 20000
1695672745232 1.0 24000
1695672809617 1.0 28000
1695672873965 1.0 32000
1695672940651 1.0 36000
1695673005186 1.0 40000
1695673074221 1.0 44000
1695673141163 1.0 48000
1695673218458 1.0 52000
1695673294735 1.0 56000
1695673372454 1.0 60000
1695673449677 1.0 64000
1695673533579 1.0 68000
1695673613772 1.0 72000
1695673696562 1.0 76000
1695673782574 1.0 80000
1695673861062 1.0 84000
1695673946010 1.0 88000
1695674026349 1.0 92000
1695674106801 1.0 96000
1695674188541 1.0 100000
1695674272948 1.0 104000
1695674360552 1.0 108000
1695674442961 1.0 112000
1695674524867 1.0 116000
1695674604786 1.0 120000
1695674686321 1.0 124000
1695674761006 1.0 128000
1695674835855 1.0 132000
1695674905978 1.0 136000
1695674983891 1.0 140000
1695675057425 1.0 144000
1695675130778 1.0 148000
1695675201064 1.0 152000
1695675272654 1.0 156000
1695675343584 1.0 160000
1695675414052 1.0 164000
1695675488892 1.0 168000
1695675564990 1.0 172000
1695675636540 1.0 176000
1695675707664 1.0 180000
1695675779505 1.0 184000
1695675846365 1.0 188000
1695675912994 1.0 192000
1695675979117 1.0 196000
1695676044761 1.0 200000
1695676110988 1.0 204000
1695676191602 1.0 208000
1695676270263 1.0 212000
1695676339867 1.0 216000
1695676408531 1.0 220000
1695676480574 1.0 224000
1695676555064 1.0 228000
1695676625501 1.0 232000
1695676703988 1.0 236000
1695676788221 1.0 240000
1695676878012 1.0 244000
1695676967112 1.0 248000
1695677042689 1.0 252000
1695677114876 1.0 256000
1695677195491 1.0 260000
1695677276827 1.0 264000
1695677358214 1.0 268000
1695677440045 1.0 272000
1695677527191 1.0 276000
