1695672393938 0.0 4000
1695672462638 0.0 8000
1695672529148 0.0 12000
1695672600023 0.0 16000
1695672672299 0.0 20000
1695672745233 0.0 24000
1695672809619 0.0 28000
1695672873966 0.0 32000
1695672940652 0.0 36000
1695673005187 0.0 40000
1695673074222 0.0 44000
1695673141164 0.0 48000
1695673218459 0.0 52000
1695673294737 0.0 56000
1695673372455 0.0 60000
1695673449678 0.0 64000
1695673533581 0.0 68000
1695673613774 0.0 72000
1695673696564 0.0 76000
1695673782576 0.0 80000
1695673861064 0.0 84000
1695673946011 0.0 88000
1695674026351 0.0 92000
1695674106802 0.0 96000
1695674188543 0.0 100000
1695674272950 0.0 104000
1695674360554 0.0 108000
1695674442963 0.0 112000
1695674524869 0.0 116000
1695674604787 0.0 120000
1695674686323 0.0 124000
1695674761009 0.0 128000
1695674835856 0.0 132000
1695674905980 0.0 136000
1695674983893 0.0 140000
1695675057427 0.0 144000
1695675130780 0.0 148000
1695675201065 0.0 152000
1695675272656 0.0 156000
1695675343585 0.0 160000
1695675414054 0.0 164000
1695675488894 0.0 168000
1695675564991 0.0 172000
1695675636542 0.0 176000
1695675707665 0.0 180000
1695675779507 0.0 184000
1695675846367 0.0 188000
1695675912996 0.0 192000
1695675979118 0.0 196000
1695676044762 0.0 200000
1695676110990 0.0 204000
1695676191603 0.0 208000
1695676270264 0.0 212000
1695676339869 0.0 216000
1695676408533 0.0 220000
1695676480575 0.0 224000
1695676555066 0.0 228000
1695676625503 0.0 232000
1695676703989 0.0 236000
1695676788222 0.0 240000
1695676878014 0.0 244000
1695676967115 0.0 248000
1695677042691 0.0 252000
1695677114878 0.0 256000
1695677195493 0.0 260000
1695677276828 0.0 264000
1695677358216 0.0 268000
1695677440046 0.0 272000
1695677527193 0.0 276000
