1695672393935 8.0 4000
1695672462635 8.0 8000
1695672529145 8.0 12000
1695672600020 8.0 16000
1695672672296 8.0 20000
1695672745230 8.0 24000
1695672809616 8.0 28000
1695672873964 8.0 32000
1695672940650 8.0 36000
1695673005184 8.0 40000
1695673074219 8.0 44000
1695673141161 8.0 48000
1695673218457 8.0 52000
1695673294733 8.0 56000
1695673372452 8.0 60000
1695673449675 8.0 64000
1695673533577 8.0 68000
1695673613770 8.0 72000
1695673696561 8.0 76000
1695673782572 8.0 80000
1695673861061 8.0 84000
1695673946008 8.0 88000
1695674026347 8.0 92000
1695674106799 8.0 96000
1695674188539 8.0 100000
1695674272946 8.0 104000
1695674360550 8.0 108000
1695674442959 8.0 112000
1695674524865 8.0 116000
1695674604784 8.0 120000
1695674686320 8.0 124000
1695674761002 8.0 128000
1695674835853 8.0 132000
1695674905976 8.0 136000
1695674983890 8.0 140000
1695675057424 8.0 144000
1695675130776 8.0 148000
1695675201062 8.0 152000
1695675272653 8.0 156000
1695675343582 8.0 160000
1695675414051 8.0 164000
1695675488890 8.0 168000
1695675564988 8.0 172000
1695675636539 8.0 176000
1695675707662 8.0 180000
1695675779504 8.0 184000
1695675846364 8.0 188000
1695675912993 8.0 192000
1695675979115 8.0 196000
1695676044759 8.0 200000
1695676110987 8.0 204000
1695676191600 8.0 208000
1695676270261 8.0 212000
1695676339866 8.0 216000
1695676408530 8.0 220000
1695676480572 8.0 224000
1695676555063 8.0 228000
1695676625500 8.0 232000
1695676703986 8.0 236000
1695676788219 8.0 240000
1695676878010 8.0 244000
1695676967109 8.0 248000
1695677042688 8.0 252000
1695677114875 8.0 256000
1695677195489 8.0 260000
1695677276825 8.0 264000
1695677358213 8.0 268000
1695677440043 8.0 272000
1695677527190 8.0 276000
