1695731491860 244000.0 244000
1695731555235 248000.0 248000
1695731626884 252000.0 252000
1695731693880 256000.0 256000
1695731770313 260000.0 260000
1695731847741 264000.0 264000
1695731929190 268000.0 268000
1695732007422 272000.0 272000
1695732085485 276000.0 276000
1695732161504 280000.0 280000
1695732229733 284000.0 284000
1695732296162 288000.0 288000
1695732365272 292000.0 292000
1695732431622 296000.0 296000
1695732499191 300000.0 300000
1695732565074 304000.0 304000
1695732635337 308000.0 308000
1695732702958 312000.0 312000
1695732772283 316000.0 316000
1695732841476 320000.0 320000
1695732910139 324000.0 324000
1695732988602 328000.0 328000
1695733057661 332000.0 332000
1695733127118 336000.0 336000
1695733197097 340000.0 340000
1695733266811 344000.0 344000
1695733337612 348000.0 348000
1695733406162 352000.0 352000
1695733474994 356000.0 356000
1695733547057 360000.0 360000
1695733617629 364000.0 364000
1695733686115 368000.0 368000
1695733756102 372000.0 372000
1695733824340 376000.0 376000
1695733894842 380000.0 380000
1695733964173 384000.0 384000
1695734035172 388000.0 388000
1695734104153 392000.0 392000
1695734175581 396000.0 396000
1695734244626 400000.0 400000
1695734315650 404000.0 404000
1695734384558 408000.0 408000
1695734453343 412000.0 412000
1695734520630 416000.0 416000
1695734588337 420000.0 420000
1695734658286 424000.0 424000
1695734727953 428000.0 428000
1695734796844 432000.0 432000
1695734870179 436000.0 436000
1695734945714 440000.0 440000
1695735017024 444000.0 444000
1695735086321 448000.0 448000
1695735161644 452000.0 452000
1695735231884 456000.0 456000
1695735305814 460000.0 460000
1695735382068 464000.0 464000
1695735453082 468000.0 468000
1695735524313 472000.0 472000
1695735599078 476000.0 476000
1695735678584 480000.0 480000
1695735759706 484000.0 484000
1695735842271 488000.0 488000
1695735925697 492000.0 492000
1695736013373 496000.0 496000
1695736097220 500000.0 500000
1695736173547 504000.0 504000
1695736248785 508000.0 508000
1695736320512 512000.0 512000
1695736388104 516000.0 516000
1695736454241 520000.0 520000
1695736520572 524000.0 524000
1695736587000 528000.0 528000
1695736651627 532000.0 532000
1695736716067 536000.0 536000
1695736779420 540000.0 540000
1695736842133 544000.0 544000
1695736905327 548000.0 548000
1695736968400 552000.0 552000
1695737032095 556000.0 556000
1695737094008 560000.0 560000
1695737157915 564000.0 564000
1695737219580 568000.0 568000
1695737281898 572000.0 572000
1695737344576 576000.0 576000
1695737411904 580000.0 580000
1695737478194 584000.0 584000
1695737541863 588000.0 588000
1695737604302 592000.0 592000
1695737666380 596000.0 596000
1695737728590 600000.0 600000
1695737791517 604000.0 604000
1695737853477 608000.0 608000
1695737916164 612000.0 612000
1695737978534 616000.0 616000
1695738041179 620000.0 620000
1695738103427 624000.0 624000
1695738167264 628000.0 628000
1695738229937 632000.0 632000
1695738292494 636000.0 636000
1695738354979 640000.0 640000
1695738417846 644000.0 644000
1695738479799 648000.0 648000
1695738542386 652000.0 652000
1695738605822 656000.0 656000
1695738668095 660000.0 660000
1695738731648 664000.0 664000
1695738794115 668000.0 668000
1695738858459 672000.0 672000
1695738921194 676000.0 676000
1695738984387 680000.0 680000
1695739046661 684000.0 684000
1695739110034 688000.0 688000
1695739171908 692000.0 692000
1695739235436 696000.0 696000
1695739297685 700000.0 700000
1695739360493 704000.0 704000
1695739423174 708000.0 708000
1695739487970 712000.0 712000
1695739550623 716000.0 716000
1695739613249 720000.0 720000
1695739675949 724000.0 724000
1695739737741 728000.0 728000
1695739800426 732000.0 732000
1695739862658 736000.0 736000
1695739925803 740000.0 740000
1695739987647 744000.0 744000
1695740051545 748000.0 748000
1695740114361 752000.0 752000
1695740177585 756000.0 756000
1695740240056 760000.0 760000
1695740301922 764000.0 764000
1695740363502 768000.0 768000
1695740425996 772000.0 772000
1695740488824 776000.0 776000
1695740550663 780000.0 780000
1695740613366 784000.0 784000
1695740675987 788000.0 788000
1695740739747 792000.0 792000
1695740801652 796000.0 796000
1695740864916 800000.0 800000
1695740927116 804000.0 804000
1695740989368 808000.0 808000
1695741052697 812000.0 812000
1695741116350 816000.0 816000
1695741179082 820000.0 820000
1695741241988 824000.0 824000
1695741305092 828000.0 828000
1695741368420 832000.0 832000
1695741432658 836000.0 836000
1695741500686 840000.0 840000
1695741566730 844000.0 844000
1695741631674 848000.0 848000
1695741707310 852000.0 852000
1695741770150 856000.0 856000
1695741834220 860000.0 860000
1695741896187 864000.0 864000
1695741958374 868000.0 868000
1695742020617 872000.0 872000
1695742083763 876000.0 876000
1695742146433 880000.0 880000
1695742211549 884000.0 884000
1695742275792 888000.0 888000
1695742341532 892000.0 892000
1695742413518 896000.0 896000
1695742481860 900000.0 900000
1695742548182 904000.0 904000
1695742610649 908000.0 908000
1695742672760 912000.0 912000
1695742735046 916000.0 916000
1695742798348 920000.0 920000
1695742861447 924000.0 924000
1695742924031 928000.0 928000
1695742986275 932000.0 932000
1695743049580 936000.0 936000
1695743111859 940000.0 940000
1695743175831 944000.0 944000
1695743237796 948000.0 948000
1695743299700 952000.0 952000
1695743361896 956000.0 956000
1695743425196 960000.0 960000
1695743487675 964000.0 964000
1695743552058 968000.0 968000
1695743614211 972000.0 972000
1695743677401 976000.0 976000
1695743740442 980000.0 980000
1695743804718 984000.0 984000
1695743866893 988000.0 988000
1695743930017 992000.0 992000
1695743991646 996000.0 996000
1695744054988 1000000.0 1000000
