1695731491976 0.8466406249999999 244000
1695731555347 0.6183593749999999 248000
1695731626981 0.6183593749999999 252000
1695731693983 0.4149999999999999 256000
1695731770428 -0.08800000000000006 260000
1695731847874 -0.08800000000000006 264000
1695731929308 0.2079999999999998 268000
1695732007540 1.0022343749999998 272000
1695732085623 0.947296875 276000
1695732161600 0.947296875 280000
1695732229833 0.8695625 284000
1695732296266 1.05025 288000
1695732365376 1.05025 292000
1695732431715 0.446 296000
1695732499288 0.8578125000000001 300000
1695732565182 1.2893125 304000
1695732635452 1.197421875 308000
1695732703067 1.3768281249999998 312000
1695732772386 0.94275 316000
1695732841575 1.37009375 320000
1695732910233 1.37009375 324000
1695732988700 0.6239375 328000
1695733057767 0.29369323781525913 332000
1695733127214 0.2252836050000434 336000
1695733197198 0.31669323781622527 340000
1695733266918 1.4065937499999999 344000
1695733337742 1.398078125 348000
1695733406261 1.388015625 352000
1695733475099 0.9302656249999999 356000
1695733547166 1.35659375 360000
1695733617731 1.446671875 364000
1695733686224 1.44415625 368000
1695733756202 1.3991875 372000
1695733824437 1.421578125 376000
1695733894944 1.425796875 380000
1695733964271 1.416359375 384000
1695734035282 1.38915625 388000
1695734104252 1.417765625 392000
1695734175681 1.379765625 396000
1695734244725 1.460734375 400000
1695734315751 1.468359375 404000
1695734384665 0.96384375 408000
1695734453441 1.4265 412000
1695734520732 1.450515625 416000
1695734588437 1.464578125 420000
1695734658389 1.448140625 424000
1695734728055 1.390671875 428000
1695734796940 1.44778125 432000
1695734870305 1.242734375 436000
1695734945820 1.4696875 440000
1695735017137 1.438515625 444000
1695735086421 1.4206875 448000
1695735161745 1.468359375 452000
1695735231987 0.9675 456000
1695735305935 0.97009375 460000
1695735382190 1.4152500000000001 464000
1695735453186 0.953 468000
1695735524409 1.4236875 472000
1695735599193 0.97690625 476000
1695735678697 1.427203125 480000
1695735759821 1.4293125 484000
1695735842385 0.9809375 488000
1695735925819 1.47871875 492000
1695736013486 1.434234375 496000
1695736097337 1.42771875 500000
1695736173658 1.4328281250000001 504000
1695736248927 1.43353125 508000
1695736320633 1.479609375 512000
1695736388197 1.481015625 516000
1695736454334 1.434234375 520000
1695736520664 1.434234375 524000
1695736587093 0.9680625 528000
1695736651730 1.471984375 532000
1695736716162 0.987046875 536000
1695736779508 1.43353125 540000
1695736842226 0.852 544000
1695736905427 1.4807187499999999 548000
1695736968488 0.982125 552000
1695737032189 0.980015625 556000
1695737094100 1.4739843750000001 560000
1695737158007 0.97171875 564000
1695737219676 0.97228125 568000
1695737281992 1.41946875 572000
1695737344673 0.9819375 576000
1695737412008 0.970171875 580000
1695737478286 1.42409375 584000
1695737541955 1.419171875 588000
1695737604395 0.981421875 592000
1695737666479 1.4255 596000
1695737728682 0.9765 600000
1695737791611 1.4773125 604000
1695737853568 0.5114374999999998 608000
1695737916255 1.4782031249999998 612000
1695737978628 1.3905625 616000
1695738041269 0.941953125 620000
1695738103526 1.470875 624000
1695738167357 1.437046875 628000
1695738230030 1.43634375 632000
1695738292585 1.435640625 636000
1695738355076 1.424390625 640000
1695738417935 1.418765625 644000
1695738479892 1.416171875 648000
1695738542477 1.4636875 652000
1695738605914 0.985640625 656000
1695738668188 1.43534375 660000
1695738731740 1.471171875 664000
1695738794207 1.417796875 668000
1695738858550 1.4736875 672000
1695738921293 1.4308281250000001 676000
1695738984501 1.472203125 680000
1695739046750 1.4520625 684000
1695739110124 0.984234375 688000
1695739172000 0.968609375 692000
1695739235526 0.984234375 696000
1695739297774 0.984234375 700000
1695739360588 0.984234375 704000
1695739423273 0.940640625 708000
1695739488064 0.985640625 712000
1695739550715 0.98775 716000
1695739613344 1.386421875 720000
1695739676044 0.98253125 724000
1695739737835 0.987046875 728000
1695739800520 1.4656562499999999 732000
1695739862758 0.988453125 736000
1695739925899 0.970171875 740000
1695739987742 1.32569323781619 744000
1695740051643 1.3585156250000001 748000
1695740114457 0.979015625 752000
1695740177676 0.841 756000
1695740240146 1.475390625 760000
1695740302012 0.98353125 764000
1695740363599 1.422984375 768000
1695740426085 0.6679999999999998 772000
1695740488920 1.485234375 776000
1695740550755 0.9796932378162259 780000
1695740613458 1.099693237816215 784000
1695740676082 1.42128125 788000
1695740739837 0.981828125 792000
1695740801743 0.020999999999999575 796000
1695740865006 1.483125 800000
1695740927219 1.4832343749999999 804000
1695740989458 0.97790625 808000
1695741052795 0.97509375 812000
1695741116441 0.984234375 816000
1695741179175 0.978609375 820000
1695741242085 0.984234375 824000
1695741305189 0.974390625 828000
1695741368512 0.984234375 832000
1695741432752 1.4832343749999999 836000
1695741500787 0.964546875 840000
1695741566826 0.46799999999999997 844000
1695741631775 1.4782031249999998 848000
1695741707423 0.98634375 852000
1695741770241 0.982828125 856000
1695741834317 0.9793125 860000
1695741896307 0.6305625 864000
1695741958465 0.98253125 868000
1695742020714 1.346015625 872000
1695742083860 0.984234375 876000
1695742146528 0.982828125 880000
1695742211645 1.419171875 884000
1695742275885 1.45503125 888000
1695742341629 0.985640625 892000
1695742413650 1.4782031249999998 896000
1695742481960 0.978609375 900000
1695742548274 1.4773125 904000
1695742610740 1.252609375 908000
1695742672851 1.409125 912000
1695742735141 0.982125 916000
1695742798446 1.4732812499999999 920000
1695742861543 1.4680625 924000
1695742924133 1.4828281250000002 928000
1695742986365 1.480421875 932000
1695743049674 0.97409375 936000
1695743111955 1.482125 940000
1695743175924 0.975796875 944000
1695743237887 0.32999999999999985 948000
1695743299797 0.980015625 952000
1695743361991 0.984234375 956000
1695743425288 0.5984531249999997 960000
1695743487765 0.977203125 964000
1695743552149 1.43071875 968000
1695743614302 1.297171875 972000
1695743677489 0.4139999999999999 976000
1695743740537 0.98775 980000
1695743804812 1.4328281250000001 984000
1695743866991 0.98071875 988000
1695743930108 0.980015625 992000
1695743991740 1.483828125 996000
1695744055078 0.97690625 1000000
