1695731491977 -0.003 244000
1695731555348 -0.006 248000
1695731626982 -0.024000000000000004 252000
1695731693984 -0.024000000000000004 256000
1695731770429 -0.07350000000000004 260000
1695731847874 -0.17100000000000012 264000
1695731929309 -0.17100000000000012 268000
1695732007541 -0.003 272000
1695732085624 -0.4965000000000004 276000
1695732161600 -0.21300000000000016 280000
1695732229834 -0.18100000000000055 284000
1695732296267 -0.18100000000000055 288000
1695732365377 -0.05400000000000003 292000
1695732431715 -0.07800000000000004 296000
1695732499289 -0.17550000000000013 300000
1695732565183 -0.05550000000000003 304000
1695732635453 -0.1365000000000001 308000
1695732703067 -0.05850000000000003 312000
1695732772387 -0.21450000000000016 316000
1695732841576 -0.040500000000000015 320000
1695732910234 -0.042000000000000016 324000
1695732988700 -0.042000000000000016 328000
1695733057768 -0.0195 332000
1695733127215 -0.028500000000000008 336000
1695733197200 0.482 340000
1695733266919 -0.021 344000
1695733337743 -0.010499999999999999 348000
1695733406262 -0.016499999999999997 352000
1695733475099 -0.013499999999999998 356000
1695733547166 -0.011999999999999999 360000
1695733617732 -0.07200000000000004 364000
1695733686225 -0.025500000000000005 368000
1695733756203 -0.11250000000000007 372000
1695733824437 -0.07050000000000003 376000
1695733894944 -0.016499999999999997 380000
1695733964272 -0.03600000000000001 384000
1695734035283 -0.0075 388000
1695734104253 -0.022500000000000003 392000
1695734175681 -0.039000000000000014 396000
1695734244726 -0.03450000000000001 400000
1695734315752 -0.042000000000000016 404000
1695734384666 -0.006 408000
1695734453442 -0.011999999999999999 412000
1695734520732 -0.011999999999999999 416000
1695734588438 -0.0195 420000
1695734658390 -0.006 424000
1695734728056 -0.03000000000000001 428000
1695734796941 0.45499999999999996 432000
1695734870306 0.46399999999999997 436000
1695734945821 0.45799999999999996 440000
1695735017138 0.43399999999999994 444000
1695735086421 -0.0045000000000000005 448000
1695735161746 -0.07950000000000004 452000
1695735231988 -0.0045000000000000005 456000
1695735305936 0.45349999999999996 460000
1695735382190 -0.009 464000
1695735453187 0.4835 468000
1695735524410 0.011758623373577573 472000
1695735599194 0.4895 476000
1695735678698 0.491 480000
1695735759822 0.45949999999999996 484000
1695735842386 0.494 488000
1695735925819 0.4925 492000
1695736013487 0.4940006950432281 496000
1695736097338 0.497 500000
1695736173659 0.4955 504000
1695736248928 0.47 508000
1695736320634 -0.022500000000000003 512000
1695736388198 -0.0075 516000
1695736454335 -0.018 520000
1695736520665 -0.040500000000000015 524000
1695736587094 -0.020999304956771946 528000
1695736651731 -0.03750000000000001 532000
1695736716163 -0.0054097957278850155 536000
1695736779509 0.3889999999999999 540000
1695736842226 0.0 544000
1695736905428 0.4024999999999999 548000
1695736968489 0.32899999999999985 552000
1695737032189 0.46759020427114883 556000
1695737094101 -0.016499999999999997 560000
1695737158008 0.4805 564000
1695737219676 0.491 568000
1695737281993 0.473 572000
1695737344674 0.491 576000
1695737412009 0.3211432378161698 580000
1695737478287 -0.022500000000000003 584000
1695737541956 0.4895 588000
1695737604396 0.482 592000
1695737666479 -0.01499999999903383 596000
1695737728683 0.42349999999999993 600000
1695737791612 -0.051000000000000024 604000
1695737853569 0.42499999999999993 608000
1695737916256 0.42199999999999993 612000
1695737978629 0.45349999999999996 616000
1695738041270 0.19609020427211477 620000
1695738103527 1.866959243705146e-24 624000
1695738167357 0.32564323781616983 628000
1695738230031 0.35599999999999987 632000
1695738292586 -0.0195 636000
1695738355077 0.3934999999999999 640000
1695738417936 0.4715 644000
1695738479893 0.45049999999999996 648000
1695738542478 -0.006 652000
1695738605915 0.4925 656000
1695738668189 0.447 660000
1695738731741 0.46549999999999997 664000
1695738794208 0.485 668000
1695738858551 0.4835 672000
1695738921293 0.485 676000
1695738984502 0.479 680000
1695739046751 0.4715 684000
1695739110125 0.47 688000
1695739172001 0.3211432378161698 692000
1695739235527 0.42349999999999993 696000
1695739297774 0.45799999999999996 700000
1695739360589 0.46249999999999997 704000
1695739423274 0.473 708000
1695739488065 0.44899999999999995 712000
1695739550715 0.4865 716000
1695739613345 0.4805 720000
1695739676044 0.485 724000
1695739737836 0.45499999999999996 728000
1695739800521 0.46099999999999997 732000
1695739862759 0.4925 736000
1695739925900 0.485 740000
1695739987743 0.494 744000
1695740051644 -0.013499999999999998 748000
1695740114458 0.0 752000
1695740177677 -0.016499999999999997 756000
1695740240147 -0.0195 760000
1695740302013 0.43849999999999995 764000
1695740363600 -0.061500000000000034 768000
1695740426086 0.44149999999999995 772000
1695740488921 -0.05550000000000003 776000
1695740550756 -0.013499999999999998 780000
1695740613459 0.479 784000
1695740676082 -0.009 788000
1695740739838 0.4129999999999999 792000
1695740801744 -0.006 796000
1695740865007 0.43699999999999994 800000
1695740927220 0.476 804000
1695740989458 0.45649999999999996 808000
1695741052796 0.4084999999999999 812000
1695741116442 0.44149999999999995 816000
1695741179176 0.485 820000
1695741242086 -0.013499999999999998 824000
1695741305190 0.485 828000
1695741368512 0.4805 832000
1695741432753 0.4775 836000
1695741500787 0.476 840000
1695741566826 0.488 844000
1695741631776 0.4745 848000
1695741707424 0.4410006950432281 852000
1695741770242 0.423 856000
1695741834318 0.45349999999999996 860000
1695741896308 0.42799999999999994 864000
1695741958466 0.1014096328161697 868000
1695742020715 0.46099999999999997 872000
1695742083861 0.44149999999999995 876000
1695742146528 0.0 880000
1695742211646 0.4835 884000
1695742275886 0.441 888000
1695742341630 0.3211432378161698 892000
1695742413652 -0.006 896000
1695742481962 -0.0015 900000
1695742548275 -0.003 904000
1695742610741 -0.010499999999999999 908000
1695742672852 -0.0015 912000
1695742735141 -0.03600000000000001 916000
1695742798447 -0.011999999999999999 920000
1695742861544 -0.09600000000000006 924000
1695742924134 0.46699999999999997 928000
1695742986366 0.1029096328161697 932000
1695743049675 0.4745 936000
1695743111956 0.482 940000
1695743175925 -0.003 944000
1695743237887 -0.009 948000
1695743299797 -0.003 952000
1695743361991 0.45649999999999996 956000
1695743425289 0.4485 960000
1695743487766 0.4715 964000
1695743552149 -0.010499999999999999 968000
1695743614303 -0.04800000000000002 972000
1695743677489 0.3211432378161698 976000
1695743740538 0.47 980000
1695743804813 0.43549999999999994 984000
1695743866992 0.3904999999999999 988000
1695743930109 -0.027000000000000007 992000
1695743991741 0.473 996000
1695744055079 -0.35850000000000026 1000000
