1695731492072 2.0 244000
1695731555448 2.0 248000
1695731627071 2.0 252000
1695731694088 2.0 256000
1695731770541 2.0 260000
1695731847982 2.0 264000
1695731929420 2.0 268000
1695732007653 2.0 272000
1695732085750 2.0 276000
1695732161689 2.0 280000
1695732229926 2.0 284000
1695732296360 2.0 288000
1695732365474 2.0 292000
1695732431805 2.0 296000
1695732499382 2.0 300000
1695732565280 2.0 304000
1695732635556 2.0 308000
1695732703169 2.0 312000
1695732772484 2.0 316000
1695732841669 2.0 320000
1695732910326 2.0 324000
1695732988803 2.0 328000
1695733057864 2.0 332000
1695733127306 2.0 336000
1695733197303 2.0 340000
1695733267019 2.0 344000
1695733337858 2.0 348000
1695733406356 2.0 352000
1695733475197 2.0 356000
1695733547269 2.0 360000
1695733617828 2.0 364000
1695733686328 2.0 368000
1695733756298 2.0 372000
1695733824528 2.0 376000
1695733895043 2.0 380000
1695733964365 2.0 384000
1695734035385 2.0 388000
1695734104346 2.0 392000
1695734175776 2.0 396000
1695734244826 2.0 400000
1695734315850 2.0 404000
1695734384770 2.0 408000
1695734453534 2.0 412000
1695734520825 2.0 416000
1695734588532 2.0 420000
1695734658486 2.0 424000
1695734728150 2.0 428000
1695734797031 2.0 432000
1695734870419 2.0 436000
1695734945918 2.0 440000
1695735017241 2.0 444000
1695735086517 2.0 448000
1695735161844 2.0 452000
1695735232082 2.0 456000
1695735306037 2.0 460000
1695735382309 2.0 464000
1695735453286 2.0 468000
1695735524500 2.0 472000
1695735599301 2.0 476000
1695735678808 2.0 480000
1695735759930 2.0 484000
1695735842494 2.0 488000
1695735925937 2.0 492000
1695736013605 2.0 496000
1695736097446 2.0 500000
1695736173760 2.0 504000
1695736249054 2.0 508000
1695736320746 2.0 512000
1695736388287 2.0 516000
1695736454423 2.0 520000
1695736520750 2.0 524000
1695736587183 2.0 528000
1695736651820 2.0 532000
1695736716247 2.0 536000
1695736779599 2.0 540000
1695736842315 2.0 544000
1695736905519 2.0 548000
1695736968576 2.0 552000
1695737032280 2.0 556000
1695737094186 2.0 560000
1695737158095 2.0 564000
1695737219770 2.0 568000
1695737282096 2.0 572000
1695737344763 2.0 576000
1695737412104 2.0 580000
1695737478377 2.0 584000
1695737542046 2.0 588000
1695737604482 2.0 592000
1695737666567 2.0 596000
1695737728776 2.0 600000
1695737791698 2.0 604000
1695737853654 2.0 608000
1695737916343 2.0 612000
1695737978723 2.0 616000
1695738041359 2.0 620000
1695738103622 2.0 624000
1695738167443 2.0 628000
1695738230121 2.0 632000
1695738292673 2.0 636000
1695738355166 2.0 640000
1695738418021 2.0 644000
1695738479979 2.0 648000
1695738542569 2.0 652000
1695738606001 2.0 656000
1695738668275 2.0 660000
1695738731826 2.0 664000
1695738794298 2.0 668000
1695738858642 2.0 672000
1695738921381 2.0 676000
1695738984606 2.0 680000
1695739046837 2.0 684000
1695739110210 2.0 688000
1695739172089 2.0 692000
1695739235614 2.0 696000
1695739297862 2.0 700000
1695739360680 2.0 704000
1695739423371 2.0 708000
1695739488152 2.0 712000
1695739550805 2.0 716000
1695739613442 2.0 720000
1695739676137 2.0 724000
1695739737924 2.0 728000
1695739800613 2.0 732000
1695739862846 2.0 736000
1695739925989 2.0 740000
1695739987834 2.0 744000
1695740051730 2.0 748000
1695740114550 2.0 752000
1695740177763 2.0 756000
1695740240235 2.0 760000
1695740302109 2.0 764000
1695740363693 2.0 768000
1695740426172 2.0 772000
1695740489007 2.0 776000
1695740550843 2.0 780000
1695740613544 2.0 784000
1695740676168 2.0 788000
1695740739927 2.0 792000
1695740801835 2.0 796000
1695740865093 2.0 800000
1695740927319 2.0 804000
1695740989546 2.0 808000
1695741052883 2.0 812000
1695741116526 2.0 816000
1695741179262 2.0 820000
1695741242178 2.0 824000
1695741305279 2.0 828000
1695741368601 2.0 832000
1695741432847 2.0 836000
1695741500883 2.0 840000
1695741566917 2.0 844000
1695741631872 2.0 848000
1695741707517 2.0 852000
1695741770329 2.0 856000
1695741834412 2.0 860000
1695741896418 2.0 864000
1695741958554 2.0 868000
1695742020802 2.0 872000
1695742083961 2.0 876000
1695742146618 2.0 880000
1695742211738 2.0 884000
1695742275979 2.0 888000
1695742341720 2.0 892000
1695742413766 2.0 896000
1695742482060 2.0 900000
1695742548363 2.0 904000
1695742610828 2.0 908000
1695742672937 2.0 912000
1695742735227 2.0 916000
1695742798539 2.0 920000
1695742861632 2.0 924000
1695742924226 2.0 928000
1695742986459 2.0 932000
1695743049758 2.0 936000
1695743112046 2.0 940000
1695743176015 2.0 944000
1695743237974 2.0 948000
1695743299884 2.0 952000
1695743362089 2.0 956000
1695743425376 2.0 960000
1695743487852 2.0 964000
1695743552237 2.0 968000
1695743614392 2.0 972000
1695743677574 2.0 976000
1695743740625 2.0 980000
1695743804901 2.0 984000
1695743867085 2.0 988000
1695743930194 2.0 992000
1695743991829 2.0 996000
1695744055165 2.0 1000000
