1695672599872 0.0 16000
1695672672151 0.0 20000
1695672745097 0.0 24000
1695672809489 0.0 28000
1695672873838 0.0 32000
1695672940520 0.0 36000
1695673005059 0.0 40000
1695673074092 0.0 44000
1695673141035 0.0 48000
1695673218325 0.0 52000
1695673294571 0.0 56000
1695673372300 0.0 60000
1695673449514 0.0 64000
1695673533392 0.0 68000
1695673613623 0.0 72000
1695673696398 0.0 76000
1695673782407 0.0 80000
1695673860896 0.0 84000
1695673945851 0.0 88000
1695674026184 0.0 92000
1695674106634 0.0 96000
1695674188378 0.0 100000
1695674272766 0.0 104000
1695674360385 0.0 108000
1695674442754 0.0 112000
1695674524702 0.0 116000
1695674604623 0.0 120000
1695674686151 0.0 124000
1695674760823 0.0 128000
1695674835709 0.0 132000
1695674905822 0.0 136000
1695674983749 0.0 140000
1695675057286 0.0 144000
1695675130614 0.0 148000
1695675200923 0.0 152000
1695675272520 0.0 156000
1695675343443 0.0 160000
1695675413926 0.0 164000
1695675488693 0.0 168000
1695675564850 0.0 172000
1695675636397 0.0 176000
1695675707528 0.0 180000
1695675779363 0.0 184000
1695675846242 0.0 188000
1695675912868 0.0 192000
1695675978979 0.0 196000
1695676044632 0.0 200000
1695676110857 0.0 204000
1695676191451 0.0 208000
1695676270129 0.0 212000
1695676339729 0.0 216000
1695676408396 0.0 220000
1695676480437 0.0 224000
1695676554912 0.0 228000
1695676625363 0.0 232000
1695676703836 0.0 236000
1695676788069 0.0 240000
1695676877824 0.0 244000
1695676966899 0.0 248000
1695677042549 0.0 252000
1695677114733 0.0 256000
1695677195334 0.0 260000
1695677276672 0.0 264000
1695677358062 0.0 268000
1695677439875 0.0 272000
1695677527049 0.0 276000
