1695672599873 0.0 16000
1695672672151 0.0 20000
1695672745098 0.0 24000
1695672809490 0.0 28000
1695672873839 0.0 32000
1695672940521 0.0 36000
1695673005059 0.0 40000
1695673074092 0.0 44000
1695673141035 0.0 48000
1695673218326 0.0 52000
1695673294572 0.0 56000
1695673372301 0.0 60000
1695673449515 0.0 64000
1695673533393 0.0 68000
1695673613624 0.0 72000
1695673696399 0.0 76000
1695673782408 0.0 80000
1695673860897 0.0 84000
1695673945852 0.0 88000
1695674026185 0.0 92000
1695674106635 0.0 96000
1695674188379 0.0 100000
1695674272767 0.0 104000
1695674360386 0.0 108000
1695674442755 0.0 112000
1695674524703 0.0 116000
1695674604624 0.0 120000
1695674686152 0.0 124000
1695674760824 0.0 128000
1695674835709 0.0 132000
1695674905823 0.0 136000
1695674983749 0.0 140000
1695675057286 0.0 144000
1695675130615 0.0 148000
1695675200924 0.0 152000
1695675272521 0.0 156000
1695675343444 0.0 160000
1695675413926 0.0 164000
1695675488694 0.0 168000
1695675564850 0.0 172000
1695675636397 0.0 176000
1695675707529 0.0 180000
1695675779364 0.0 184000
1695675846243 0.0 188000
1695675912869 0.0 192000
1695675978980 0.0 196000
1695676044633 0.0 200000
1695676110858 0.0 204000
1695676191452 0.0 208000
1695676270130 0.0 212000
1695676339730 0.0 216000
1695676408397 0.0 220000
1695676480438 0.0 224000
1695676554913 0.0 228000
1695676625364 0.0 232000
1695676703837 0.0 236000
1695676788070 0.0 240000
1695676877825 0.0 244000
1695676966901 0.0 248000
1695677042550 0.0 252000
1695677114734 0.0 256000
1695677195335 0.0 260000
1695677276673 0.0 264000
1695677358063 0.0 268000
1695677439876 0.0 272000
1695677527050 0.0 276000
