1695672599873 0.0 16000
1695672672152 0.0 20000
1695672745098 0.0 24000
1695672809491 0.0 28000
1695672873840 0.0 32000
1695672940522 0.0 36000
1695673005061 0.0 40000
1695673074093 0.0 44000
1695673141036 0.0 48000
1695673218327 0.0 52000
1695673294573 0.0 56000
1695673372302 0.0 60000
1695673449516 0.0 64000
1695673533394 0.0 68000
1695673613625 0.0 72000
1695673696400 0.0 76000
1695673782409 0.0 80000
1695673860898 0.0 84000
1695673945853 0.0 88000
1695674026185 0.0 92000
1695674106636 0.0 96000
1695674188380 0.0 100000
1695674272767 0.0 104000
1695674360387 0.0 108000
1695674442756 0.0 112000
1695674524704 0.0 116000
1695674604625 0.0 120000
1695674686153 0.0 124000
1695674760825 0.0 128000
1695674835710 0.0 132000
1695674905824 0.0 136000
1695674983750 0.0 140000
1695675057287 0.0 144000
1695675130616 0.0 148000
1695675200925 0.0 152000
1695675272522 0.0 156000
1695675343445 0.0 160000
1695675413927 0.0 164000
1695675488695 0.0 168000
1695675564851 0.0 172000
1695675636398 0.0 176000
1695675707530 0.0 180000
1695675779365 0.0 184000
1695675846243 0.0 188000
1695675912869 0.0 192000
1695675978980 0.0 196000
1695676044634 0.0 200000
1695676110859 0.0 204000
1695676191453 0.0 208000
1695676270131 0.0 212000
1695676339730 0.0 216000
1695676408398 0.0 220000
1695676480439 0.0 224000
1695676554914 0.0 228000
1695676625365 0.0 232000
1695676703838 0.0 236000
1695676788071 0.0 240000
1695676877826 0.0 244000
1695676966902 0.0 248000
1695677042550 0.0 252000
1695677114735 0.0 256000
1695677195335 0.0 260000
1695677276674 0.0 264000
1695677358064 0.0 268000
1695677439877 0.0 272000
1695677527051 0.0 276000
