1695672599880 0.0 16000
1695672672159 0.0 20000
1695672745105 0.0 24000
1695672809496 0.0 28000
1695672873845 0.0 32000
1695672940528 0.0 36000
1695673005067 0.0 40000
1695673074098 0.0 44000
1695673141042 0.0 48000
1695673218333 0.0 52000
1695673294580 0.0 56000
1695673372309 0.0 60000
1695673449523 0.0 64000
1695673533402 0.0 68000
1695673613631 0.0 72000
1695673696407 0.0 76000
1695673782417 0.0 80000
1695673860906 0.0 84000
1695673945860 0.0 88000
1695674026192 0.0 92000
1695674106643 0.0 96000
1695674188387 0.0 100000
1695674272774 0.0 104000
1695674360394 0.0 108000
1695674442765 0.0 112000
1695674524711 0.0 116000
1695674604633 0.0 120000
1695674686160 0.0 124000
1695674760832 0.0 128000
1695674835716 0.0 132000
1695674905830 0.0 136000
1695674983756 0.0 140000
1695675057293 0.0 144000
1695675130623 0.0 148000
1695675200931 0.0 152000
1695675272528 0.0 156000
1695675343450 0.0 160000
1695675413932 0.0 164000
1695675488703 0.0 168000
1695675564857 0.0 172000
1695675636405 0.0 176000
1695675707536 0.0 180000
1695675779371 0.0 184000
1695675846249 0.0 188000
1695675912875 0.0 192000
1695675978986 0.0 196000
1695676044639 0.0 200000
1695676110865 0.0 204000
1695676191459 0.0 208000
1695676270137 0.0 212000
1695676339736 0.0 216000
1695676408403 0.0 220000
1695676480444 0.0 224000
1695676554920 0.0 228000
1695676625371 0.0 232000
1695676703846 0.0 236000
1695676788078 0.0 240000
1695676877834 0.0 244000
1695676966910 0.0 248000
1695677042556 0.0 252000
1695677114741 0.0 256000
1695677195343 0.0 260000
1695677276680 0.0 264000
1695677358071 0.0 268000
1695677439884 0.0 272000
1695677527057 0.0 276000
