1695672599881 0.0 16000
1695672672159 0.0 20000
1695672745105 0.0 24000
1695672809497 0.0 28000
1695672873846 0.0 32000
1695672940529 0.0 36000
1695673005067 0.0 40000
1695673074099 0.0 44000
1695673141042 0.0 48000
1695673218334 0.0 52000
1695673294580 0.0 56000
1695673372310 0.0 60000
1695673449524 0.0 64000
1695673533403 0.0 68000
1695673613632 0.0 72000
1695673696408 0.0 76000
1695673782418 0.0 80000
1695673860907 0.0 84000
1695673945861 0.0 88000
1695674026193 0.0 92000
1695674106644 0.0 96000
1695674188388 0.0 100000
1695674272775 0.0 104000
1695674360395 0.0 108000
1695674442766 0.0 112000
1695674524712 0.0 116000
1695674604633 0.0 120000
1695674686161 0.0 124000
1695674760833 0.0 128000
1695674835717 0.0 132000
1695674905831 0.0 136000
1695674983757 0.0 140000
1695675057294 0.0 144000
1695675130624 0.0 148000
1695675200932 0.0 152000
1695675272529 0.0 156000
1695675343451 0.0 160000
1695675413933 0.0 164000
1695675488704 0.0 168000
1695675564858 0.0 172000
1695675636405 0.0 176000
1695675707536 0.0 180000
1695675779372 0.0 184000
1695675846250 0.0 188000
1695675912875 0.0 192000
1695675978986 0.0 196000
1695676044640 0.0 200000
1695676110865 0.0 204000
1695676191460 0.0 208000
1695676270137 0.0 212000
1695676339737 0.0 216000
1695676408404 0.0 220000
1695676480445 0.0 224000
1695676554921 0.0 228000
1695676625371 0.0 232000
1695676703847 0.0 236000
1695676788078 0.0 240000
1695676877835 0.0 244000
1695676966911 0.0 248000
1695677042557 0.0 252000
1695677114742 0.0 256000
1695677195344 0.0 260000
1695677276681 0.0 264000
1695677358072 0.0 268000
1695677439885 0.0 272000
1695677527057 0.0 276000
