1695672599875 0.0 16000
1695672672154 0.0 20000
1695672745100 0.0 24000
1695672809492 0.0 28000
1695672873841 0.0 32000
1695672940524 0.0 36000
1695673005062 0.0 40000
1695673074094 0.0 44000
1695673141037 0.0 48000
1695673218329 0.0 52000
1695673294574 0.0 56000
1695673372304 0.0 60000
1695673449517 0.0 64000
1695673533396 0.0 68000
1695673613627 0.0 72000
1695673696401 0.0 76000
1695673782411 0.0 80000
1695673860900 0.0 84000
1695673945855 0.0 88000
1695674026187 0.0 92000
1695674106637 0.0 96000
1695674188381 0.0 100000
1695674272769 0.0 104000
1695674360389 0.0 108000
1695674442758 0.0 112000
1695674524706 0.0 116000
1695674604627 0.0 120000
1695674686154 0.0 124000
1695674760827 0.0 128000
1695674835712 0.0 132000
1695674905825 0.0 136000
1695674983752 0.0 140000
1695675057289 0.0 144000
1695675130618 0.0 148000
1695675200926 0.0 152000
1695675272523 0.0 156000
1695675343446 0.0 160000
1695675413928 0.0 164000
1695675488697 0.0 168000
1695675564853 0.0 172000
1695675636400 0.0 176000
1695675707531 0.0 180000
1695675779366 0.0 184000
1695675846245 0.0 188000
1695675912871 0.0 192000
1695675978982 0.0 196000
1695676044635 0.0 200000
1695676110860 0.0 204000
1695676191454 0.0 208000
1695676270132 0.0 212000
1695676339732 0.0 216000
1695676408399 0.0 220000
1695676480440 0.0 224000
1695676554915 0.0 228000
1695676625366 0.0 232000
1695676703840 0.0 236000
1695676788073 0.0 240000
1695676877828 0.0 244000
1695676966904 0.0 248000
1695677042552 0.0 252000
1695677114737 0.0 256000
1695677195337 0.0 260000
1695677276675 0.0 264000
1695677358066 0.0 268000
1695677439879 0.0 272000
1695677527052 0.0 276000
