1695672599876 0.0 16000
1695672672155 0.0 20000
1695672745101 0.0 24000
1695672809493 0.0 28000
1695672873842 0.0 32000
1695672940524 0.0 36000
1695673005063 0.0 40000
1695673074095 0.0 44000
1695673141038 0.0 48000
1695673218329 0.0 52000
1695673294575 0.0 56000
1695673372305 0.0 60000
1695673449518 0.0 64000
1695673533397 0.0 68000
1695673613627 0.0 72000
1695673696402 0.0 76000
1695673782412 0.0 80000
1695673860901 0.0 84000
1695673945856 0.0 88000
1695674026188 0.0 92000
1695674106638 0.0 96000
1695674188382 0.0 100000
1695674272770 0.0 104000
1695674360390 0.0 108000
1695674442759 0.0 112000
1695674524707 0.0 116000
1695674604628 0.0 120000
1695674686155 0.0 124000
1695674760828 0.0 128000
1695674835712 0.0 132000
1695674905826 0.0 136000
1695674983753 0.0 140000
1695675057289 0.0 144000
1695675130618 0.0 148000
1695675200927 0.0 152000
1695675272524 0.0 156000
1695675343447 0.0 160000
1695675413929 0.0 164000
1695675488698 0.0 168000
1695675564853 0.0 172000
1695675636401 0.0 176000
1695675707532 0.0 180000
1695675779367 0.0 184000
1695675846245 0.0 188000
1695675912871 0.0 192000
1695675978982 0.0 196000
1695676044636 0.0 200000
1695676110861 0.0 204000
1695676191455 0.0 208000
1695676270133 0.0 212000
1695676339732 0.0 216000
1695676408400 0.0 220000
1695676480441 0.0 224000
1695676554916 0.0 228000
1695676625367 0.0 232000
1695676703841 0.0 236000
1695676788073 0.0 240000
1695676877829 0.0 244000
1695676966905 0.0 248000
1695677042553 0.0 252000
1695677114737 0.0 256000
1695677195338 0.0 260000
1695677276676 0.0 264000
1695677358066 0.0 268000
1695677439880 0.0 272000
1695677527053 0.0 276000
