1695672599877 0.0 16000
1695672672156 0.0 20000
1695672745102 0.0 24000
1695672809494 0.0 28000
1695672873843 0.0 32000
1695672940526 0.0 36000
1695673005064 0.0 40000
1695673074096 0.0 44000
1695673141040 0.0 48000
1695673218331 0.0 52000
1695673294577 0.0 56000
1695673372306 0.0 60000
1695673449520 0.0 64000
1695673533399 0.0 68000
1695673613629 0.0 72000
1695673696404 0.0 76000
1695673782414 0.0 80000
1695673860903 0.0 84000
1695673945857 0.0 88000
1695674026190 0.0 92000
1695674106640 0.0 96000
1695674188384 0.0 100000
1695674272772 0.0 104000
1695674360392 0.0 108000
1695674442762 0.0 112000
1695674524709 0.0 116000
1695674604630 0.0 120000
1695674686157 0.0 124000
1695674760829 0.0 128000
1695674835714 0.0 132000
1695674905828 0.0 136000
1695674983754 0.0 140000
1695675057291 0.0 144000
1695675130620 0.0 148000
1695675200928 0.0 152000
1695675272526 0.0 156000
1695675343448 0.0 160000
1695675413930 0.0 164000
1695675488700 0.0 168000
1695675564855 0.0 172000
1695675636402 0.0 176000
1695675707534 0.0 180000
1695675779369 0.0 184000
1695675846247 0.0 188000
1695675912873 0.0 192000
1695675978984 0.0 196000
1695676044637 0.0 200000
1695676110862 0.0 204000
1695676191457 0.0 208000
1695676270134 0.0 212000
1695676339734 0.0 216000
1695676408401 0.0 220000
1695676480442 0.0 224000
1695676554918 0.0 228000
1695676625368 0.0 232000
1695676703843 0.0 236000
1695676788075 0.0 240000
1695676877831 0.0 244000
1695676966906 0.0 248000
1695677042554 0.0 252000
1695677114739 0.0 256000
1695677195340 0.0 260000
1695677276678 0.0 264000
1695677358068 0.0 268000
1695677439882 0.0 272000
1695677527054 0.0 276000
