1695672599877 0.0 16000
1695672672155 0.0 20000
1695672745101 0.0 24000
1695672809493 0.0 28000
1695672873842 0.0 32000
1695672940525 0.0 36000
1695673005064 0.0 40000
1695673074096 0.0 44000
1695673141039 0.0 48000
1695673218330 0.0 52000
1695673294576 0.0 56000
1695673372305 0.0 60000
1695673449519 0.0 64000
1695673533398 0.0 68000
1695673613628 0.0 72000
1695673696403 0.0 76000
1695673782413 0.0 80000
1695673860902 0.0 84000
1695673945857 0.0 88000
1695674026189 0.0 92000
1695674106639 0.0 96000
1695674188383 0.0 100000
1695674272771 0.0 104000
1695674360391 0.0 108000
1695674442760 0.0 112000
1695674524708 0.0 116000
1695674604629 0.0 120000
1695674686156 0.0 124000
1695674760828 0.0 128000
1695674835713 0.0 132000
1695674905827 0.0 136000
1695674983753 0.0 140000
1695675057290 0.0 144000
1695675130619 0.0 148000
1695675200928 0.0 152000
1695675272525 0.0 156000
1695675343447 0.0 160000
1695675413930 0.0 164000
1695675488699 0.0 168000
1695675564854 0.0 172000
1695675636401 0.0 176000
1695675707533 0.0 180000
1695675779368 0.0 184000
1695675846246 0.0 188000
1695675912872 0.0 192000
1695675978983 0.0 196000
1695676044636 0.0 200000
1695676110862 0.0 204000
1695676191456 0.0 208000
1695676270134 0.0 212000
1695676339733 0.0 216000
1695676408400 0.0 220000
1695676480442 0.0 224000
1695676554917 0.0 228000
1695676625368 0.0 232000
1695676703842 0.0 236000
1695676788074 0.0 240000
1695676877830 0.0 244000
1695676966906 0.0 248000
1695677042553 0.0 252000
1695677114738 0.0 256000
1695677195339 0.0 260000
1695677276677 0.0 264000
1695677358067 0.0 268000
1695677439881 0.0 272000
1695677527054 0.0 276000
