1695672599878 0.0 16000
1695672672157 0.0 20000
1695672745103 0.0 24000
1695672809495 0.0 28000
1695672873844 0.0 32000
1695672940527 0.0 36000
1695673005065 0.0 40000
1695673074097 0.0 44000
1695673141040 0.0 48000
1695673218332 0.0 52000
1695673294578 0.0 56000
1695673372307 0.0 60000
1695673449521 0.0 64000
1695673533400 0.0 68000
1695673613630 0.0 72000
1695673696405 0.0 76000
1695673782415 0.0 80000
1695673860904 0.0 84000
1695673945858 0.0 88000
1695674026190 0.0 92000
1695674106641 0.0 96000
1695674188385 0.0 100000
1695674272773 0.0 104000
1695674360393 0.0 108000
1695674442763 0.0 112000
1695674524710 0.0 116000
1695674604631 0.0 120000
1695674686158 0.0 124000
1695674760830 0.0 128000
1695674835715 0.0 132000
1695674905828 0.0 136000
1695674983755 0.0 140000
1695675057292 0.0 144000
1695675130621 0.0 148000
1695675200929 0.0 152000
1695675272526 0.0 156000
1695675343449 0.0 160000
1695675413931 0.0 164000
1695675488701 0.0 168000
1695675564856 0.0 172000
1695675636403 0.0 176000
1695675707534 0.0 180000
1695675779369 0.0 184000
1695675846247 0.0 188000
1695675912873 0.0 192000
1695675978984 0.0 196000
1695676044638 0.0 200000
1695676110863 0.0 204000
1695676191458 0.0 208000
1695676270135 0.0 212000
1695676339735 0.0 216000
1695676408402 0.0 220000
1695676480443 0.0 224000
1695676554919 0.0 228000
1695676625369 0.0 232000
1695676703844 0.0 236000
1695676788076 0.0 240000
1695676877832 0.0 244000
1695676966907 0.0 248000
1695677042555 0.0 252000
1695677114740 0.0 256000
1695677195341 0.0 260000
1695677276679 0.0 264000
1695677358069 0.0 268000
1695677439882 0.0 272000
1695677527055 0.0 276000
