1695672393940 0.0 4000
1695672462640 0.0 8000
1695672529149 0.0 12000
1695672600024 0.0 16000
1695672672300 0.0 20000
1695672745235 0.0 24000
1695672809620 0.0 28000
1695672873968 0.0 32000
1695672940654 0.0 36000
1695673005188 0.0 40000
1695673074224 0.0 44000
1695673141166 0.0 48000
1695673218461 0.0 52000
1695673294738 0.0 56000
1695673372457 0.0 60000
1695673449680 0.0 64000
1695673533583 0.0 68000
1695673613775 0.0 72000
1695673696566 0.0 76000
1695673782578 0.0 80000
1695673861066 0.0 84000
1695673946013 0.0 88000
1695674026353 0.0 92000
1695674106804 0.0 96000
1695674188545 0.0 100000
1695674272952 0.0 104000
1695674360556 0.0 108000
1695674442965 0.0 112000
1695674524870 0.0 116000
1695674604789 0.0 120000
1695674686325 0.0 124000
1695674761012 0.0 128000
1695674835858 0.0 132000
1695674905981 0.0 136000
1695674983895 0.0 140000
1695675057428 0.0 144000
1695675130782 0.0 148000
1695675201067 0.0 152000
1695675272657 0.0 156000
1695675343587 0.0 160000
1695675414055 0.0 164000
1695675488896 0.0 168000
1695675564993 0.0 172000
1695675636544 0.0 176000
1695675707667 0.0 180000
1695675779509 0.0 184000
1695675846368 0.0 188000
1695675912997 0.0 192000
1695675979120 0.0 196000
1695676044764 0.0 200000
1695676110991 0.0 204000
1695676191605 0.0 208000
1695676270265 0.0 212000
1695676339870 0.0 216000
1695676408534 0.0 220000
1695676480577 0.0 224000
1695676555067 0.0 228000
1695676625504 0.0 232000
1695676703991 0.0 236000
1695676788224 0.0 240000
1695676878016 0.0 244000
1695676967117 0.0 248000
1695677042692 0.0 252000
1695677114879 0.0 256000
1695677195495 0.0 260000
1695677276830 0.0 264000
1695677358218 0.0 268000
1695677440048 0.0 272000
1695677527194 0.0 276000
