1695672393939 0.0 4000
1695672462639 0.0 8000
1695672529148 0.0 12000
1695672600024 0.0 16000
1695672672299 0.0 20000
1695672745234 0.0 24000
1695672809619 0.0 28000
1695672873967 0.0 32000
1695672940654 0.0 36000
1695673005188 0.0 40000
1695673074223 0.0 44000
1695673141165 0.0 48000
1695673218460 0.0 52000
1695673294738 0.0 56000
1695673372456 0.0 60000
1695673449679 0.0 64000
1695673533582 0.0 68000
1695673613774 0.0 72000
1695673696565 0.0 76000
1695673782577 0.0 80000
1695673861065 0.0 84000
1695673946012 0.0 88000
1695674026352 0.0 92000
1695674106803 0.0 96000
1695674188544 0.0 100000
1695674272951 0.0 104000
1695674360555 0.0 108000
1695674442964 0.0 112000
1695674524870 0.0 116000
1695674604788 0.0 120000
1695674686324 0.0 124000
1695674761011 0.0 128000
1695674835857 0.0 132000
1695674905980 0.0 136000
1695674983894 0.0 140000
1695675057427 0.0 144000
1695675130781 0.0 148000
1695675201066 0.0 152000
1695675272657 0.0 156000
1695675343586 0.0 160000
1695675414054 0.0 164000
1695675488895 0.0 168000
1695675564992 0.0 172000
1695675636543 0.0 176000
1695675707666 0.0 180000
1695675779508 0.0 184000
1695675846367 0.0 188000
1695675912996 0.0 192000
1695675979119 0.0 196000
1695676044763 0.0 200000
1695676110990 0.0 204000
1695676191604 0.0 208000
1695676270265 0.0 212000
1695676339869 0.0 216000
1695676408534 0.0 220000
1695676480576 0.0 224000
1695676555066 0.0 228000
1695676625504 0.0 232000
1695676703990 0.0 236000
1695676788223 0.0 240000
1695676878015 0.0 244000
1695676967116 0.0 248000
1695677042692 0.0 252000
1695677114878 0.0 256000
1695677195494 0.0 260000
1695677276829 0.0 264000
1695677358217 0.0 268000
1695677440047 0.0 272000
1695677527194 0.0 276000
