1695672393947 0.0 4000
1695672462646 0.0 8000
1695672529156 0.0 12000
1695672600031 0.0 16000
1695672672307 0.0 20000
1695672745241 0.0 24000
1695672809626 0.0 28000
1695672873974 0.0 32000
1695672940661 0.0 36000
1695673005194 0.0 40000
1695673074230 0.0 44000
1695673141172 0.0 48000
1695673218467 0.0 52000
1695673294747 0.0 56000
1695673372465 0.0 60000
1695673449688 0.0 64000
1695673533591 0.0 68000
1695673613783 0.0 72000
1695673696573 0.0 76000
1695673782586 0.0 80000
1695673861074 0.0 84000
1695673946021 0.0 88000
1695674026361 0.0 92000
1695674106812 0.0 96000
1695674188553 0.0 100000
1695674272960 0.0 104000
1695674360564 0.0 108000
1695674442976 0.0 112000
1695674524878 0.0 116000
1695674604798 0.0 120000
1695674686333 0.0 124000
1695674761022 0.0 128000
1695674835865 0.0 132000
1695674905989 0.0 136000
1695674983902 0.0 140000
1695675057435 0.0 144000
1695675130790 0.0 148000
1695675201075 0.0 152000
1695675272665 0.0 156000
1695675343594 0.0 160000
1695675414061 0.0 164000
1695675488905 0.0 168000
1695675564999 0.0 172000
1695675636551 0.0 176000
1695675707673 0.0 180000
1695675779516 0.0 184000
1695675846375 0.0 188000
1695675913003 0.0 192000
1695675979126 0.0 196000
1695676044771 0.0 200000
1695676110998 0.0 204000
1695676191615 0.0 208000
1695676270272 0.0 212000
1695676339877 0.0 216000
1695676408541 0.0 220000
1695676480583 0.0 224000
1695676555076 0.0 228000
1695676625511 0.0 232000
1695676703998 0.0 236000
1695676788232 0.0 240000
1695676878025 0.0 244000
1695676967126 0.0 248000
1695677042699 0.0 252000
1695677114886 0.0 256000
1695677195502 0.0 260000
1695677276837 0.0 264000
1695677358225 0.0 268000
1695677440056 0.0 272000
1695677527202 0.0 276000
