1695672393961 -1.0 4000
1695672462659 -1.0 8000
1695672529169 -1.0 12000
1695672600046 -1.0 16000
1695672672321 -1.0 20000
1695672745253 -1.0 24000
1695672809639 -1.0 28000
1695672873986 -1.0 32000
1695672940673 -1.0 36000
1695673005206 -1.0 40000
1695673074243 -1.0 44000
1695673141184 -1.0 48000
1695673218479 -1.0 52000
1695673294763 -1.0 56000
1695673372480 -1.0 60000
1695673449703 -1.0 64000
1695673533608 -1.0 68000
1695673613798 -1.0 72000
1695673696589 -1.0 76000
1695673782601 -1.0 80000
1695673861090 -1.0 84000
1695673946036 -1.0 88000
1695674026377 -1.0 92000
1695674106828 -1.0 96000
1695674188570 -1.0 100000
1695674272977 -1.0 104000
1695674360580 -1.0 108000
1695674442999 -1.0 112000
1695674524894 -1.0 116000
1695674604815 -1.0 120000
1695674686349 -1.0 124000
1695674761039 -1.0 128000
1695674835881 -1.0 132000
1695674906004 -1.0 136000
1695674983915 -1.0 140000
1695675057449 -1.0 144000
1695675130806 -1.0 148000
1695675201088 -1.0 152000
1695675272677 -1.0 156000
1695675343608 -1.0 160000
1695675414074 -1.0 164000
1695675488932 -1.0 168000
1695675565013 -1.0 172000
1695675636565 -1.0 176000
1695675707686 -1.0 180000
1695675779530 -1.0 184000
1695675846388 -1.0 188000
1695675913016 -1.0 192000
1695675979139 -1.0 196000
1695676044784 -1.0 200000
1695676111011 -1.0 204000
1695676191629 -1.0 208000
1695676270286 -1.0 212000
1695676339890 -1.0 216000
1695676408554 -1.0 220000
1695676480597 -1.0 224000
1695676555090 -1.0 228000
1695676625524 -1.0 232000
1695676704013 -1.0 236000
1695676788246 -1.0 240000
1695676878041 -1.0 244000
1695676967145 -1.0 248000
1695677042713 -1.0 252000
1695677114900 -1.0 256000
1695677195518 -1.0 260000
1695677276852 -1.0 264000
1695677358239 -1.0 268000
1695677440071 -1.0 272000
1695677527216 -1.0 276000
