1695672393960 0.0 4000
1695672462657 0.0 8000
1695672529168 0.0 12000
1695672600044 0.0 16000
1695672672319 0.0 20000
1695672745252 0.0 24000
1695672809638 0.0 28000
1695672873984 0.0 32000
1695672940671 0.0 36000
1695673005205 0.0 40000
1695673074242 0.0 44000
1695673141183 0.0 48000
1695673218478 0.0 52000
1695673294761 0.0 56000
1695673372478 0.0 60000
1695673449701 0.0 64000
1695673533606 0.0 68000
1695673613796 0.0 72000
1695673696587 0.0 76000
1695673782600 0.0 80000
1695673861088 0.0 84000
1695673946034 0.0 88000
1695674026375 0.0 92000
1695674106826 0.0 96000
1695674188568 0.0 100000
1695674272975 0.0 104000
1695674360578 0.0 108000
1695674442995 0.0 112000
1695674524892 0.0 116000
1695674604813 0.0 120000
1695674686347 0.0 124000
1695674761037 0.0 128000
1695674835879 0.0 132000
1695674906002 0.0 136000
1695674983914 0.0 140000
1695675057447 0.0 144000
1695675130804 0.0 148000
1695675201087 0.0 152000
1695675272676 0.0 156000
1695675343606 0.0 160000
1695675414072 0.0 164000
1695675488930 0.0 168000
1695675565011 0.0 172000
1695675636563 0.0 176000
1695675707685 0.0 180000
1695675779528 0.0 184000
1695675846387 0.0 188000
1695675913015 0.0 192000
1695675979138 0.0 196000
1695676044783 0.0 200000
1695676111009 0.0 204000
1695676191628 0.0 208000
1695676270284 0.0 212000
1695676339888 0.0 216000
1695676408552 0.0 220000
1695676480595 0.0 224000
1695676555089 0.0 228000
1695676625523 0.0 232000
1695676704012 0.0 236000
1695676788245 0.0 240000
1695676878040 0.0 244000
1695676967142 0.0 248000
1695677042711 0.0 252000
1695677114899 0.0 256000
1695677195516 0.0 260000
1695677276851 0.0 264000
1695677358238 0.0 268000
1695677440069 0.0 272000
1695677527214 0.0 276000
