1695672393951 32.0 4000
1695672462650 32.0 8000
1695672529160 32.0 12000
1695672600035 32.0 16000
1695672672311 32.0 20000
1695672745244 32.0 24000
1695672809630 32.0 28000
1695672873977 32.0 32000
1695672940664 32.0 36000
1695673005197 32.0 40000
1695673074234 32.0 44000
1695673141175 32.0 48000
1695673218470 32.0 52000
1695673294751 32.0 56000
1695673372469 32.0 60000
1695673449692 32.0 64000
1695673533596 32.0 68000
1695673613787 32.0 72000
1695673696578 32.0 76000
1695673782590 32.0 80000
1695673861078 32.0 84000
1695673946025 32.0 88000
1695674026365 32.0 92000
1695674106817 32.0 96000
1695674188558 32.0 100000
1695674272965 32.0 104000
1695674360568 32.0 108000
1695674442981 32.0 112000
1695674524883 32.0 116000
1695674604803 32.0 120000
1695674686337 32.0 124000
1695674761026 32.0 128000
1695674835869 32.0 132000
1695674905993 32.0 136000
1695674983905 32.0 140000
1695675057439 32.0 144000
1695675130794 32.0 148000
1695675201078 32.0 152000
1695675272668 32.0 156000
1695675343598 32.0 160000
1695675414065 32.0 164000
1695675488915 32.0 168000
1695675565003 32.0 172000
1695675636555 32.0 176000
1695675707677 32.0 180000
1695675779519 32.0 184000
1695675846378 32.0 188000
1695675913007 32.0 192000
1695675979130 32.0 196000
1695676044774 32.0 200000
1695676111001 32.0 204000
1695676191619 32.0 208000
1695676270276 32.0 212000
1695676339880 32.0 216000
1695676408544 32.0 220000
1695676480587 32.0 224000
1695676555080 32.0 228000
1695676625515 32.0 232000
1695676704003 32.0 236000
1695676788236 32.0 240000
1695676878029 32.0 244000
1695676967131 32.0 248000
1695677042703 32.0 252000
1695677114890 32.0 256000
1695677195506 32.0 260000
1695677276841 32.0 264000
1695677358229 32.0 268000
1695677440060 32.0 272000
1695677527205 32.0 276000
