1695672393954 2.0 4000
1695672462652 2.0 8000
1695672529163 2.0 12000
1695672600039 2.0 16000
1695672672314 2.0 20000
1695672745247 2.0 24000
1695672809633 2.0 28000
1695672873980 2.0 32000
1695672940667 2.0 36000
1695673005200 2.0 40000
1695673074237 2.0 44000
1695673141178 2.0 48000
1695673218473 2.0 52000
1695673294754 2.0 56000
1695673372472 2.0 60000
1695673449695 2.0 64000
1695673533600 2.0 68000
1695673613790 2.0 72000
1695673696581 2.0 76000
1695673782594 2.0 80000
1695673861082 2.0 84000
1695673946028 2.0 88000
1695674026369 2.0 92000
1695674106820 2.0 96000
1695674188562 2.0 100000
1695674272968 2.0 104000
1695674360572 2.0 108000
1695674442987 2.0 112000
1695674524886 2.0 116000
1695674604807 2.0 120000
1695674686340 2.0 124000
1695674761030 2.0 128000
1695674835873 2.0 132000
1695674905996 2.0 136000
1695674983908 2.0 140000
1695675057442 2.0 144000
1695675130798 2.0 148000
1695675201081 2.0 152000
1695675272671 2.0 156000
1695675343601 2.0 160000
1695675414068 2.0 164000
1695675488922 2.0 168000
1695675565006 2.0 172000
1695675636558 2.0 176000
1695675707680 2.0 180000
1695675779523 2.0 184000
1695675846382 2.0 188000
1695675913010 2.0 192000
1695675979133 2.0 196000
1695676044777 2.0 200000
1695676111004 2.0 204000
1695676191622 2.0 208000
1695676270279 2.0 212000
1695676339883 2.0 216000
1695676408547 2.0 220000
1695676480590 2.0 224000
1695676555083 2.0 228000
1695676625518 2.0 232000
1695676704006 2.0 236000
1695676788239 2.0 240000
1695676878033 2.0 244000
1695676967135 2.0 248000
1695677042706 2.0 252000
1695677114893 2.0 256000
1695677195510 2.0 260000
1695677276845 2.0 264000
1695677358232 2.0 268000
1695677440063 2.0 272000
1695677527209 2.0 276000
