1695672393956 0.0 4000
1695672462654 0.0 8000
1695672529164 0.0 12000
1695672600040 0.0 16000
1695672672315 0.0 20000
1695672745249 0.0 24000
1695672809634 0.0 28000
1695672873981 0.0 32000
1695672940668 0.0 36000
1695673005202 0.0 40000
1695673074238 0.0 44000
1695673141179 0.0 48000
1695673218475 0.0 52000
1695673294756 0.0 56000
1695673372474 0.0 60000
1695673449697 0.0 64000
1695673533602 0.0 68000
1695673613792 0.0 72000
1695673696583 0.0 76000
1695673782595 0.0 80000
1695673861084 0.0 84000
1695673946030 0.0 88000
1695674026370 0.0 92000
1695674106822 0.0 96000
1695674188564 0.0 100000
1695674272970 0.0 104000
1695674360574 0.0 108000
1695674442989 0.0 112000
1695674524888 0.0 116000
1695674604808 0.0 120000
1695674686342 0.0 124000
1695674761032 0.0 128000
1695674835875 0.0 132000
1695674905998 0.0 136000
1695674983910 0.0 140000
1695675057443 0.0 144000
1695675130800 0.0 148000
1695675201083 0.0 152000
1695675272672 0.0 156000
1695675343602 0.0 160000
1695675414069 0.0 164000
1695675488925 0.0 168000
1695675565007 0.0 172000
1695675636559 0.0 176000
1695675707681 0.0 180000
1695675779524 0.0 184000
1695675846383 0.0 188000
1695675913011 0.0 192000
1695675979134 0.0 196000
1695676044779 0.0 200000
1695676111006 0.0 204000
1695676191623 0.0 208000
1695676270280 0.0 212000
1695676339885 0.0 216000
1695676408549 0.0 220000
1695676480592 0.0 224000
1695676555085 0.0 228000
1695676625519 0.0 232000
1695676704008 0.0 236000
1695676788240 0.0 240000
1695676878035 0.0 244000
1695676967137 0.0 248000
1695677042708 0.0 252000
1695677114895 0.0 256000
1695677195511 0.0 260000
1695677276846 0.0 264000
1695677358234 0.0 268000
1695677440065 0.0 272000
1695677527210 0.0 276000
