1695672393950 1.0 4000
1695672462649 1.0 8000
1695672529159 1.0 12000
1695672600035 1.0 16000
1695672672310 1.0 20000
1695672745244 1.0 24000
1695672809629 1.0 28000
1695672873976 1.0 32000
1695672940663 1.0 36000
1695673005197 1.0 40000
1695673074233 1.0 44000
1695673141175 1.0 48000
1695673218470 1.0 52000
1695673294750 1.0 56000
1695673372468 1.0 60000
1695673449691 1.0 64000
1695673533595 1.0 68000
1695673613786 1.0 72000
1695673696577 1.0 76000
1695673782589 1.0 80000
1695673861078 1.0 84000
1695673946024 1.0 88000
1695674026364 1.0 92000
1695674106816 1.0 96000
1695674188556 1.0 100000
1695674272964 1.0 104000
1695674360567 1.0 108000
1695674442980 1.0 112000
1695674524882 1.0 116000
1695674604802 1.0 120000
1695674686336 1.0 124000
1695674761025 1.0 128000
1695674835869 1.0 132000
1695674905992 1.0 136000
1695674983905 1.0 140000
1695675057438 1.0 144000
1695675130793 1.0 148000
1695675201078 1.0 152000
1695675272667 1.0 156000
1695675343597 1.0 160000
1695675414064 1.0 164000
1695675488913 1.0 168000
1695675565002 1.0 172000
1695675636554 1.0 176000
1695675707676 1.0 180000
1695675779519 1.0 184000
1695675846377 1.0 188000
1695675913007 1.0 192000
1695675979129 1.0 196000
1695676044774 1.0 200000
1695676111000 1.0 204000
1695676191618 1.0 208000
1695676270275 1.0 212000
1695676339880 1.0 216000
1695676408544 1.0 220000
1695676480586 1.0 224000
1695676555079 1.0 228000
1695676625514 1.0 232000
1695676704002 1.0 236000
1695676788235 1.0 240000
1695676878028 1.0 244000
1695676967130 1.0 248000
1695677042702 1.0 252000
1695677114890 1.0 256000
1695677195505 1.0 260000
1695677276841 1.0 264000
1695677358228 1.0 268000
1695677440059 1.0 272000
1695677527205 1.0 276000
