1695672393952 50.0 4000
1695672462651 50.0 8000
1695672529161 50.0 12000
1695672600037 50.0 16000
1695672672312 50.0 20000
1695672745246 50.0 24000
1695672809631 50.0 28000
1695672873978 50.0 32000
1695672940665 50.0 36000
1695673005199 50.0 40000
1695673074235 50.0 44000
1695673141177 50.0 48000
1695673218472 50.0 52000
1695673294753 50.0 56000
1695673372470 50.0 60000
1695673449694 50.0 64000
1695673533598 50.0 68000
1695673613789 50.0 72000
1695673696579 50.0 76000
1695673782592 50.0 80000
1695673861080 50.0 84000
1695673946027 50.0 88000
1695674026367 50.0 92000
1695674106818 50.0 96000
1695674188560 50.0 100000
1695674272966 50.0 104000
1695674360570 50.0 108000
1695674442985 50.0 112000
1695674524885 50.0 116000
1695674604805 50.0 120000
1695674686338 50.0 124000
1695674761028 50.0 128000
1695674835871 50.0 132000
1695674905995 50.0 136000
1695674983907 50.0 140000
1695675057440 50.0 144000
1695675130796 50.0 148000
1695675201080 50.0 152000
1695675272669 50.0 156000
1695675343599 50.0 160000
1695675414066 50.0 164000
1695675488919 50.0 168000
1695675565005 50.0 172000
1695675636556 50.0 176000
1695675707679 50.0 180000
1695675779521 50.0 184000
1695675846380 50.0 188000
1695675913009 50.0 192000
1695675979131 50.0 196000
1695676044776 50.0 200000
1695676111003 50.0 204000
1695676191620 50.0 208000
1695676270277 50.0 212000
1695676339882 50.0 216000
1695676408546 50.0 220000
1695676480588 50.0 224000
1695676555081 50.0 228000
1695676625516 50.0 232000
1695676704004 50.0 236000
1695676788237 50.0 240000
1695676878031 50.0 244000
1695676967133 50.0 248000
1695677042705 50.0 252000
1695677114892 50.0 256000
1695677195508 50.0 260000
1695677276843 50.0 264000
1695677358230 50.0 268000
1695677440062 50.0 272000
1695677527207 50.0 276000
