1695672393953 32.0 4000
1695672462652 32.0 8000
1695672529162 32.0 12000
1695672600038 32.0 16000
1695672672313 32.0 20000
1695672745247 32.0 24000
1695672809632 32.0 28000
1695672873979 32.0 32000
1695672940666 32.0 36000
1695673005200 32.0 40000
1695673074236 32.0 44000
1695673141177 32.0 48000
1695673218472 32.0 52000
1695673294754 32.0 56000
1695673372471 32.0 60000
1695673449695 32.0 64000
1695673533599 32.0 68000
1695673613789 32.0 72000
1695673696580 32.0 76000
1695673782593 32.0 80000
1695673861081 32.0 84000
1695673946027 32.0 88000
1695674026368 32.0 92000
1695674106819 32.0 96000
1695674188561 32.0 100000
1695674272967 32.0 104000
1695674360571 32.0 108000
1695674442986 32.0 112000
1695674524885 32.0 116000
1695674604806 32.0 120000
1695674686339 32.0 124000
1695674761029 32.0 128000
1695674835872 32.0 132000
1695674905996 32.0 136000
1695674983908 32.0 140000
1695675057441 32.0 144000
1695675130797 32.0 148000
1695675201081 32.0 152000
1695675272670 32.0 156000
1695675343600 32.0 160000
1695675414067 32.0 164000
1695675488921 32.0 168000
1695675565005 32.0 172000
1695675636557 32.0 176000
1695675707679 32.0 180000
1695675779522 32.0 184000
1695675846381 32.0 188000
1695675913009 32.0 192000
1695675979132 32.0 196000
1695676044777 32.0 200000
1695676111003 32.0 204000
1695676191621 32.0 208000
1695676270278 32.0 212000
1695676339883 32.0 216000
1695676408546 32.0 220000
1695676480589 32.0 224000
1695676555082 32.0 228000
1695676625517 32.0 232000
1695676704005 32.0 236000
1695676788238 32.0 240000
1695676878032 32.0 244000
1695676967134 32.0 248000
1695677042705 32.0 252000
1695677114893 32.0 256000
1695677195509 32.0 260000
1695677276844 32.0 264000
1695677358231 32.0 268000
1695677440062 32.0 272000
1695677527208 32.0 276000
