1695672393948 1.0 4000
1695672462647 1.0 8000
1695672529157 1.0 12000
1695672600033 1.0 16000
1695672672308 1.0 20000
1695672745242 1.0 24000
1695672809628 1.0 28000
1695672873975 1.0 32000
1695672940662 1.0 36000
1695673005195 1.0 40000
1695673074231 1.0 44000
1695673141173 1.0 48000
1695673218468 1.0 52000
1695673294749 1.0 56000
1695673372466 1.0 60000
1695673449689 1.0 64000
1695673533593 1.0 68000
1695673613784 1.0 72000
1695673696575 1.0 76000
1695673782587 1.0 80000
1695673861076 1.0 84000
1695673946022 1.0 88000
1695674026362 1.0 92000
1695674106814 1.0 96000
1695674188554 1.0 100000
1695674272962 1.0 104000
1695674360566 1.0 108000
1695674442978 1.0 112000
1695674524880 1.0 116000
1695674604800 1.0 120000
1695674686334 1.0 124000
1695674761024 1.0 128000
1695674835867 1.0 132000
1695674905990 1.0 136000
1695674983903 1.0 140000
1695675057436 1.0 144000
1695675130792 1.0 148000
1695675201076 1.0 152000
1695675272666 1.0 156000
1695675343596 1.0 160000
1695675414063 1.0 164000
1695675488909 1.0 168000
1695675565001 1.0 172000
1695675636552 1.0 176000
1695675707675 1.0 180000
1695675779517 1.0 184000
1695675846376 1.0 188000
1695675913005 1.0 192000
1695675979128 1.0 196000
1695676044772 1.0 200000
1695676110999 1.0 204000
1695676191616 1.0 208000
1695676270273 1.0 212000
1695676339878 1.0 216000
1695676408542 1.0 220000
1695676480585 1.0 224000
1695676555077 1.0 228000
1695676625513 1.0 232000
1695676704000 1.0 236000
1695676788233 1.0 240000
1695676878027 1.0 244000
1695676967128 1.0 248000
1695677042701 1.0 252000
1695677114888 1.0 256000
1695677195504 1.0 260000
1695677276839 1.0 264000
1695677358226 1.0 268000
1695677440057 1.0 272000
1695677527203 1.0 276000
