1695672393955 0.0 4000
1695672462653 0.0 8000
1695672529163 0.0 12000
1695672600039 0.0 16000
1695672672314 0.0 20000
1695672745248 0.0 24000
1695672809633 0.0 28000
1695672873980 0.0 32000
1695672940667 0.0 36000
1695673005201 0.0 40000
1695673074237 0.0 44000
1695673141179 0.0 48000
1695673218474 0.0 52000
1695673294755 0.0 56000
1695673372473 0.0 60000
1695673449696 0.0 64000
1695673533601 0.0 68000
1695673613791 0.0 72000
1695673696582 0.0 76000
1695673782595 0.0 80000
1695673861083 0.0 84000
1695673946029 0.0 88000
1695674026369 0.0 92000
1695674106821 0.0 96000
1695674188563 0.0 100000
1695674272970 0.0 104000
1695674360573 0.0 108000
1695674442988 0.0 112000
1695674524887 0.0 116000
1695674604807 0.0 120000
1695674686341 0.0 124000
1695674761031 0.0 128000
1695674835874 0.0 132000
1695674905997 0.0 136000
1695674983909 0.0 140000
1695675057443 0.0 144000
1695675130799 0.0 148000
1695675201082 0.0 152000
1695675272672 0.0 156000
1695675343602 0.0 160000
1695675414068 0.0 164000
1695675488924 0.0 168000
1695675565007 0.0 172000
1695675636558 0.0 176000
1695675707681 0.0 180000
1695675779524 0.0 184000
1695675846382 0.0 188000
1695675913011 0.0 192000
1695675979133 0.0 196000
1695676044778 0.0 200000
1695676111005 0.0 204000
1695676191623 0.0 208000
1695676270280 0.0 212000
1695676339884 0.0 216000
1695676408548 0.0 220000
1695676480591 0.0 224000
1695676555084 0.0 228000
1695676625519 0.0 232000
1695676704007 0.0 236000
1695676788240 0.0 240000
1695676878034 0.0 244000
1695676967136 0.0 248000
1695677042707 0.0 252000
1695677114894 0.0 256000
1695677195510 0.0 260000
1695677276846 0.0 264000
1695677358233 0.0 268000
1695677440064 0.0 272000
1695677527209 0.0 276000
