1695672393952 50.0 4000
1695672462650 50.0 8000
1695672529160 50.0 12000
1695672600036 50.0 16000
1695672672311 50.0 20000
1695672745245 50.0 24000
1695672809630 50.0 28000
1695672873978 50.0 32000
1695672940665 50.0 36000
1695673005198 50.0 40000
1695673074234 50.0 44000
1695673141176 50.0 48000
1695673218471 50.0 52000
1695673294752 50.0 56000
1695673372470 50.0 60000
1695673449693 50.0 64000
1695673533597 50.0 68000
1695673613788 50.0 72000
1695673696578 50.0 76000
1695673782591 50.0 80000
1695673861079 50.0 84000
1695673946026 50.0 88000
1695674026366 50.0 92000
1695674106817 50.0 96000
1695674188559 50.0 100000
1695674272965 50.0 104000
1695674360569 50.0 108000
1695674442984 50.0 112000
1695674524884 50.0 116000
1695674604804 50.0 120000
1695674686338 50.0 124000
1695674761027 50.0 128000
1695674835870 50.0 132000
1695674905994 50.0 136000
1695674983906 50.0 140000
1695675057440 50.0 144000
1695675130795 50.0 148000
1695675201079 50.0 152000
1695675272669 50.0 156000
1695675343599 50.0 160000
1695675414066 50.0 164000
1695675488917 50.0 168000
1695675565004 50.0 172000
1695675636555 50.0 176000
1695675707678 50.0 180000
1695675779520 50.0 184000
1695675846379 50.0 188000
1695675913008 50.0 192000
1695675979131 50.0 196000
1695676044775 50.0 200000
1695676111002 50.0 204000
1695676191620 50.0 208000
1695676270276 50.0 212000
1695676339881 50.0 216000
1695676408545 50.0 220000
1695676480587 50.0 224000
1695676555081 50.0 228000
1695676625516 50.0 232000
1695676704004 50.0 236000
1695676788236 50.0 240000
1695676878030 50.0 244000
1695676967132 50.0 248000
1695677042704 50.0 252000
1695677114891 50.0 256000
1695677195507 50.0 260000
1695677276842 50.0 264000
1695677358230 50.0 268000
1695677440061 50.0 272000
1695677527206 50.0 276000
