1695672393957 84.0 4000
1695672462655 84.0 8000
1695672529165 84.0 12000
1695672600042 84.0 16000
1695672672317 84.0 20000
1695672745250 84.0 24000
1695672809636 84.0 28000
1695672873982 84.0 32000
1695672940669 84.0 36000
1695673005203 84.0 40000
1695673074240 84.0 44000
1695673141181 84.0 48000
1695673218476 84.0 52000
1695673294758 84.0 56000
1695673372475 84.0 60000
1695673449699 84.0 64000
1695673533603 84.0 68000
1695673613793 84.0 72000
1695673696584 84.0 76000
1695673782597 84.0 80000
1695673861085 84.0 84000
1695673946032 84.0 88000
1695674026372 84.0 92000
1695674106824 84.0 96000
1695674188565 84.0 100000
1695674272972 84.0 104000
1695674360575 84.0 108000
1695674442991 84.0 112000
1695674524890 84.0 116000
1695674604811 84.0 120000
1695674686344 84.0 124000
1695674761034 84.0 128000
1695674835876 84.0 132000
1695674906000 84.0 136000
1695674983911 84.0 140000
1695675057445 84.0 144000
1695675130802 84.0 148000
1695675201084 84.0 152000
1695675272674 84.0 156000
1695675343604 84.0 160000
1695675414070 84.0 164000
1695675488927 84.0 168000
1695675565009 84.0 172000
1695675636561 84.0 176000
1695675707683 84.0 180000
1695675779526 84.0 184000
1695675846385 84.0 188000
1695675913013 84.0 192000
1695675979136 84.0 196000
1695676044780 84.0 200000
1695676111007 84.0 204000
1695676191625 84.0 208000
1695676270282 84.0 212000
1695676339886 84.0 216000
1695676408550 84.0 220000
1695676480593 84.0 224000
1695676555086 84.0 228000
1695676625521 84.0 232000
1695676704009 84.0 236000
1695676788242 84.0 240000
1695676878037 84.0 244000
1695676967139 84.0 248000
1695677042709 84.0 252000
1695677114897 84.0 256000
1695677195513 84.0 260000
1695677276848 84.0 264000
1695677358235 84.0 268000
1695677440067 84.0 272000
1695677527212 84.0 276000
