1695672393956 1.0 4000
1695672462655 1.0 8000
1695672529165 1.0 12000
1695672600041 1.0 16000
1695672672316 1.0 20000
1695672745249 1.0 24000
1695672809635 1.0 28000
1695672873982 1.0 32000
1695672940669 1.0 36000
1695673005202 1.0 40000
1695673074239 1.0 44000
1695673141180 1.0 48000
1695673218475 1.0 52000
1695673294757 1.0 56000
1695673372474 1.0 60000
1695673449698 1.0 64000
1695673533603 1.0 68000
1695673613793 1.0 72000
1695673696583 1.0 76000
1695673782596 1.0 80000
1695673861085 1.0 84000
1695673946031 1.0 88000
1695674026371 1.0 92000
1695674106823 1.0 96000
1695674188564 1.0 100000
1695674272971 1.0 104000
1695674360575 1.0 108000
1695674442990 1.0 112000
1695674524889 1.0 116000
1695674604810 1.0 120000
1695674686343 1.0 124000
1695674761033 1.0 128000
1695674835875 1.0 132000
1695674905999 1.0 136000
1695674983911 1.0 140000
1695675057444 1.0 144000
1695675130801 1.0 148000
1695675201084 1.0 152000
1695675272673 1.0 156000
1695675343603 1.0 160000
1695675414070 1.0 164000
1695675488926 1.0 168000
1695675565008 1.0 172000
1695675636560 1.0 176000
1695675707682 1.0 180000
1695675779525 1.0 184000
1695675846384 1.0 188000
1695675913012 1.0 192000
1695675979135 1.0 196000
1695676044780 1.0 200000
1695676111006 1.0 204000
1695676191624 1.0 208000
1695676270281 1.0 212000
1695676339886 1.0 216000
1695676408549 1.0 220000
1695676480592 1.0 224000
1695676555086 1.0 228000
1695676625520 1.0 232000
1695676704008 1.0 236000
1695676788242 1.0 240000
1695676878036 1.0 244000
1695676967138 1.0 248000
1695677042708 1.0 252000
1695677114896 1.0 256000
1695677195512 1.0 260000
1695677276847 1.0 264000
1695677358234 1.0 268000
1695677440066 1.0 272000
1695677527211 1.0 276000
