1695672393940 0.0 4000
1695672462640 0.0 8000
1695672529150 0.0 12000
1695672600025 0.0 16000
1695672672301 0.0 20000
1695672745235 0.0 24000
1695672809621 0.0 28000
1695672873968 0.0 32000
1695672940655 0.0 36000
1695673005189 0.0 40000
1695673074224 0.0 44000
1695673141166 0.0 48000
1695673218461 0.0 52000
1695673294739 0.0 56000
1695673372458 0.0 60000
1695673449681 0.0 64000
1695673533584 0.0 68000
1695673613776 0.0 72000
1695673696566 0.0 76000
1695673782579 0.0 80000
1695673861067 0.0 84000
1695673946014 0.0 88000
1695674026354 0.0 92000
1695674106805 0.0 96000
1695674188546 0.0 100000
1695674272953 0.0 104000
1695674360557 0.0 108000
1695674442966 0.0 112000
1695674524871 0.0 116000
1695674604790 0.0 120000
1695674686326 0.0 124000
1695674761014 0.0 128000
1695674835859 0.0 132000
1695674905982 0.0 136000
1695674983895 0.0 140000
1695675057429 0.0 144000
1695675130783 0.0 148000
1695675201067 0.0 152000
1695675272658 0.0 156000
1695675343588 0.0 160000
1695675414056 0.0 164000
1695675488897 0.0 168000
1695675564993 0.0 172000
1695675636544 0.0 176000
1695675707667 0.0 180000
1695675779509 0.0 184000
1695675846369 0.0 188000
1695675912998 0.0 192000
1695675979120 0.0 196000
1695676044765 0.0 200000
1695676110992 0.0 204000
1695676191606 0.0 208000
1695676270266 0.0 212000
1695676339871 0.0 216000
1695676408535 0.0 220000
1695676480577 0.0 224000
1695676555068 0.0 228000
1695676625505 0.0 232000
1695676703992 0.0 236000
1695676788225 0.0 240000
1695676878017 0.0 244000
1695676967118 0.0 248000
1695677042693 0.0 252000
1695677114880 0.0 256000
1695677195495 0.0 260000
1695677276831 0.0 264000
1695677358218 0.0 268000
1695677440049 0.0 272000
1695677527195 0.0 276000
