1695672393958 0.0 4000
1695672462656 0.0 8000
1695672529166 0.0 12000
1695672600042 0.0 16000
1695672672317 0.0 20000
1695672745251 0.0 24000
1695672809636 0.0 28000
1695672873983 0.0 32000
1695672940670 0.0 36000
1695673005204 0.0 40000
1695673074240 0.0 44000
1695673141181 0.0 48000
1695673218477 0.0 52000
1695673294759 0.0 56000
1695673372476 0.0 60000
1695673449700 0.0 64000
1695673533604 0.0 68000
1695673613794 0.0 72000
1695673696585 0.0 76000
1695673782598 0.0 80000
1695673861086 0.0 84000
1695673946033 0.0 88000
1695674026373 0.0 92000
1695674106824 0.0 96000
1695674188566 0.0 100000
1695674272973 0.0 104000
1695674360576 0.0 108000
1695674442992 0.0 112000
1695674524891 0.0 116000
1695674604812 0.0 120000
1695674686345 0.0 124000
1695674761035 0.0 128000
1695674835877 0.0 132000
1695674906001 0.0 136000
1695674983912 0.0 140000
1695675057446 0.0 144000
1695675130803 0.0 148000
1695675201085 0.0 152000
1695675272674 0.0 156000
1695675343605 0.0 160000
1695675414071 0.0 164000
1695675488928 0.0 168000
1695675565010 0.0 172000
1695675636561 0.0 176000
1695675707684 0.0 180000
1695675779527 0.0 184000
1695675846385 0.0 188000
1695675913013 0.0 192000
1695675979136 0.0 196000
1695676044781 0.0 200000
1695676111008 0.0 204000
1695676191626 0.0 208000
1695676270283 0.0 212000
1695676339887 0.0 216000
1695676408551 0.0 220000
1695676480594 0.0 224000
1695676555087 0.0 228000
1695676625522 0.0 232000
1695676704010 0.0 236000
1695676788243 0.0 240000
1695676878038 0.0 244000
1695676967140 0.0 248000
1695677042710 0.0 252000
1695677114897 0.0 256000
1695677195514 0.0 260000
1695677276849 0.0 264000
1695677358236 0.0 268000
1695677440068 0.0 272000
1695677527212 0.0 276000
