1695672393946 0.0 4000
1695672462645 0.0 8000
1695672529155 0.0 12000
1695672600031 0.0 16000
1695672672306 0.0 20000
1695672745240 0.0 24000
1695672809626 0.0 28000
1695672873973 0.0 32000
1695672940660 0.0 36000
1695673005193 0.0 40000
1695673074229 0.0 44000
1695673141171 0.0 48000
1695673218466 0.0 52000
1695673294746 0.0 56000
1695673372464 0.0 60000
1695673449687 0.0 64000
1695673533590 0.0 68000
1695673613782 0.0 72000
1695673696572 0.0 76000
1695673782585 0.0 80000
1695673861073 0.0 84000
1695673946020 0.0 88000
1695674026360 0.0 92000
1695674106811 0.0 96000
1695674188552 0.0 100000
1695674272959 0.0 104000
1695674360563 0.0 108000
1695674442975 0.0 112000
1695674524877 0.0 116000
1695674604797 0.0 120000
1695674686332 0.0 124000
1695674761021 0.0 128000
1695674835865 0.0 132000
1695674905988 0.0 136000
1695674983901 0.0 140000
1695675057434 0.0 144000
1695675130789 0.0 148000
1695675201073 0.0 152000
1695675272664 0.0 156000
1695675343593 0.0 160000
1695675414061 0.0 164000
1695675488904 0.0 168000
1695675564999 0.0 172000
1695675636550 0.0 176000
1695675707672 0.0 180000
1695675779515 0.0 184000
1695675846374 0.0 188000
1695675913003 0.0 192000
1695675979125 0.0 196000
1695676044770 0.0 200000
1695676110997 0.0 204000
1695676191614 0.0 208000
1695676270271 0.0 212000
1695676339876 0.0 216000
1695676408540 0.0 220000
1695676480582 0.0 224000
1695676555075 0.0 228000
1695676625510 0.0 232000
1695676703997 0.0 236000
1695676788231 0.0 240000
1695676878024 0.0 244000
1695676967125 0.0 248000
1695677042698 0.0 252000
1695677114886 0.0 256000
1695677195501 0.0 260000
1695677276837 0.0 264000
1695677358224 0.0 268000
1695677440055 0.0 272000
1695677527201 0.0 276000
