1695672393945 0.0 4000
1695672462645 0.0 8000
1695672529154 0.0 12000
1695672600030 0.0 16000
1695672672306 0.0 20000
1695672745239 0.0 24000
1695672809625 0.0 28000
1695672873972 0.0 32000
1695672940659 0.0 36000
1695673005193 0.0 40000
1695673074229 0.0 44000
1695673141171 0.0 48000
1695673218466 0.0 52000
1695673294745 0.0 56000
1695673372463 0.0 60000
1695673449686 0.0 64000
1695673533589 0.0 68000
1695673613781 0.0 72000
1695673696572 0.0 76000
1695673782584 0.0 80000
1695673861072 0.0 84000
1695673946019 0.0 88000
1695674026359 0.0 92000
1695674106810 0.0 96000
1695674188551 0.0 100000
1695674272959 0.0 104000
1695674360562 0.0 108000
1695674442974 0.0 112000
1695674524876 0.0 116000
1695674604796 0.0 120000
1695674686331 0.0 124000
1695674761020 0.0 128000
1695674835864 0.0 132000
1695674905987 0.0 136000
1695674983900 0.0 140000
1695675057433 0.0 144000
1695675130788 0.0 148000
1695675201072 0.0 152000
1695675272663 0.0 156000
1695675343592 0.0 160000
1695675414060 0.0 164000
1695675488903 0.0 168000
1695675564998 0.0 172000
1695675636549 0.0 176000
1695675707672 0.0 180000
1695675779514 0.0 184000
1695675846373 0.0 188000
1695675913002 0.0 192000
1695675979125 0.0 196000
1695676044769 0.0 200000
1695676110996 0.0 204000
1695676191613 0.0 208000
1695676270270 0.0 212000
1695676339875 0.0 216000
1695676408539 0.0 220000
1695676480582 0.0 224000
1695676555074 0.0 228000
1695676625509 0.0 232000
1695676703997 0.0 236000
1695676788230 0.0 240000
1695676878023 0.0 244000
1695676967124 0.0 248000
1695677042698 0.0 252000
1695677114885 0.0 256000
1695677195500 0.0 260000
1695677276836 0.0 264000
1695677358223 0.0 268000
1695677440054 0.0 272000
1695677527200 0.0 276000
