1695672393944 256.0 4000
1695672462644 256.0 8000
1695672529154 256.0 12000
1695672600029 256.0 16000
1695672672305 256.0 20000
1695672745239 256.0 24000
1695672809624 256.0 28000
1695672873972 256.0 32000
1695672940659 256.0 36000
1695673005192 256.0 40000
1695673074228 256.0 44000
1695673141170 256.0 48000
1695673218465 256.0 52000
1695673294744 256.0 56000
1695673372462 256.0 60000
1695673449685 256.0 64000
1695673533588 256.0 68000
1695673613780 256.0 72000
1695673696571 256.0 76000
1695673782583 256.0 80000
1695673861071 256.0 84000
1695673946018 256.0 88000
1695674026358 256.0 92000
1695674106810 256.0 96000
1695674188550 256.0 100000
1695674272957 256.0 104000
1695674360561 256.0 108000
1695674442973 256.0 112000
1695674524876 256.0 116000
1695674604795 256.0 120000
1695674686330 256.0 124000
1695674761019 256.0 128000
1695674835863 256.0 132000
1695674905986 256.0 136000
1695674983899 256.0 140000
1695675057433 256.0 144000
1695675130787 256.0 148000
1695675201071 256.0 152000
1695675272663 256.0 156000
1695675343592 256.0 160000
1695675414059 256.0 164000
1695675488902 256.0 168000
1695675564997 256.0 172000
1695675636548 256.0 176000
1695675707671 256.0 180000
1695675779513 256.0 184000
1695675846372 256.0 188000
1695675913001 256.0 192000
1695675979124 256.0 196000
1695676044768 256.0 200000
1695676110995 256.0 204000
1695676191612 256.0 208000
1695676270270 256.0 212000
1695676339874 256.0 216000
1695676408539 256.0 220000
1695676480581 256.0 224000
1695676555072 256.0 228000
1695676625509 256.0 232000
1695676703996 256.0 236000
1695676788229 256.0 240000
1695676878022 256.0 244000
1695676967123 256.0 248000
1695677042697 256.0 252000
1695677114884 256.0 256000
1695677195500 256.0 260000
1695677276835 256.0 264000
1695677358222 256.0 268000
1695677440053 256.0 272000
1695677527199 256.0 276000
