1695672393960 -1.0 4000
1695672462658 -1.0 8000
1695672529168 -1.0 12000
1695672600045 -1.0 16000
1695672672320 -1.0 20000
1695672745253 -1.0 24000
1695672809638 -1.0 28000
1695672873985 -1.0 32000
1695672940672 -1.0 36000
1695673005206 -1.0 40000
1695673074243 -1.0 44000
1695673141184 -1.0 48000
1695673218479 -1.0 52000
1695673294762 -1.0 56000
1695673372479 -1.0 60000
1695673449702 -1.0 64000
1695673533607 -1.0 68000
1695673613797 -1.0 72000
1695673696588 -1.0 76000
1695673782601 -1.0 80000
1695673861089 -1.0 84000
1695673946035 -1.0 88000
1695674026376 -1.0 92000
1695674106827 -1.0 96000
1695674188569 -1.0 100000
1695674272976 -1.0 104000
1695674360579 -1.0 108000
1695674442998 -1.0 112000
1695674524893 -1.0 116000
1695674604814 -1.0 120000
1695674686348 -1.0 124000
1695674761038 -1.0 128000
1695674835880 -1.0 132000
1695674906003 -1.0 136000
1695674983915 -1.0 140000
1695675057448 -1.0 144000
1695675130805 -1.0 148000
1695675201087 -1.0 152000
1695675272676 -1.0 156000
1695675343607 -1.0 160000
1695675414073 -1.0 164000
1695675488931 -1.0 168000
1695675565012 -1.0 172000
1695675636564 -1.0 176000
1695675707686 -1.0 180000
1695675779529 -1.0 184000
1695675846388 -1.0 188000
1695675913015 -1.0 192000
1695675979139 -1.0 196000
1695676044784 -1.0 200000
1695676111010 -1.0 204000
1695676191628 -1.0 208000
1695676270285 -1.0 212000
1695676339889 -1.0 216000
1695676408553 -1.0 220000
1695676480596 -1.0 224000
1695676555090 -1.0 228000
1695676625524 -1.0 232000
1695676704012 -1.0 236000
1695676788246 -1.0 240000
1695676878040 -1.0 244000
1695676967144 -1.0 248000
1695677042712 -1.0 252000
1695677114900 -1.0 256000
1695677195517 -1.0 260000
1695677276851 -1.0 264000
1695677358239 -1.0 268000
1695677440070 -1.0 272000
1695677527215 -1.0 276000
