1695672393944 20.0 4000
1695672462643 20.0 8000
1695672529153 20.0 12000
1695672600028 20.0 16000
1695672672304 20.0 20000
1695672745238 20.0 24000
1695672809624 20.0 28000
1695672873971 20.0 32000
1695672940658 20.0 36000
1695673005191 20.0 40000
1695673074227 20.0 44000
1695673141169 20.0 48000
1695673218464 20.0 52000
1695673294743 20.0 56000
1695673372461 20.0 60000
1695673449684 20.0 64000
1695673533587 20.0 68000
1695673613779 20.0 72000
1695673696570 20.0 76000
1695673782582 20.0 80000
1695673861071 20.0 84000
1695673946017 20.0 88000
1695674026357 20.0 92000
1695674106809 20.0 96000
1695674188549 20.0 100000
1695674272957 20.0 104000
1695674360560 20.0 108000
1695674442972 20.0 112000
1695674524875 20.0 116000
1695674604794 20.0 120000
1695674686329 20.0 124000
1695674761018 20.0 128000
1695674835862 20.0 132000
1695674905985 20.0 136000
1695674983899 20.0 140000
1695675057432 20.0 144000
1695675130786 20.0 148000
1695675201070 20.0 152000
1695675272662 20.0 156000
1695675343591 20.0 160000
1695675414059 20.0 164000
1695675488900 20.0 168000
1695675564996 20.0 172000
1695675636547 20.0 176000
1695675707670 20.0 180000
1695675779513 20.0 184000
1695675846372 20.0 188000
1695675913001 20.0 192000
1695675979123 20.0 196000
1695676044768 20.0 200000
1695676110994 20.0 204000
1695676191611 20.0 208000
1695676270269 20.0 212000
1695676339874 20.0 216000
1695676408538 20.0 220000
1695676480580 20.0 224000
1695676555071 20.0 228000
1695676625508 20.0 232000
1695676703995 20.0 236000
1695676788228 20.0 240000
1695676878020 20.0 244000
1695676967122 20.0 248000
1695677042696 20.0 252000
1695677114883 20.0 256000
1695677195499 20.0 260000
1695677276834 20.0 264000
1695677358222 20.0 268000
1695677440052 20.0 272000
1695677527198 20.0 276000
