1695672393941 0.0 4000
1695672462641 0.0 8000
1695672529151 0.0 12000
1695672600026 0.0 16000
1695672672302 0.0 20000
1695672745236 0.0 24000
1695672809622 0.0 28000
1695672873969 0.0 32000
1695672940656 0.0 36000
1695673005190 0.0 40000
1695673074225 0.0 44000
1695673141167 0.0 48000
1695673218462 0.0 52000
1695673294740 0.0 56000
1695673372459 0.0 60000
1695673449682 0.0 64000
1695673533584 0.0 68000
1695673613777 0.0 72000
1695673696567 0.0 76000
1695673782579 0.0 80000
1695673861068 0.0 84000
1695673946015 0.0 88000
1695674026354 0.0 92000
1695674106806 0.0 96000
1695674188546 0.0 100000
1695674272954 0.0 104000
1695674360558 0.0 108000
1695674442967 0.0 112000
1695674524872 0.0 116000
1695674604791 0.0 120000
1695674686327 0.0 124000
1695674761015 0.0 128000
1695674835860 0.0 132000
1695674905983 0.0 136000
1695674983896 0.0 140000
1695675057430 0.0 144000
1695675130784 0.0 148000
1695675201068 0.0 152000
1695675272659 0.0 156000
1695675343589 0.0 160000
1695675414056 0.0 164000
1695675488898 0.0 168000
1695675564994 0.0 172000
1695675636545 0.0 176000
1695675707668 0.0 180000
1695675779510 0.0 184000
1695675846370 0.0 188000
1695675912999 0.0 192000
1695675979121 0.0 196000
1695676044766 0.0 200000
1695676110992 0.0 204000
1695676191607 0.0 208000
1695676270267 0.0 212000
1695676339872 0.0 216000
1695676408536 0.0 220000
1695676480578 0.0 224000
1695676555069 0.0 228000
1695676625506 0.0 232000
1695676703992 0.0 236000
1695676788226 0.0 240000
1695676878018 0.0 244000
1695676967119 0.0 248000
1695677042694 0.0 252000
1695677114881 0.0 256000
1695677195496 0.0 260000
1695677276832 0.0 264000
1695677358219 0.0 268000
1695677440050 0.0 272000
1695677527196 0.0 276000
