1695672393948 0.0 4000
1695672462647 0.0 8000
1695672529157 0.0 12000
1695672600032 0.0 16000
1695672672308 0.0 20000
1695672745242 0.0 24000
1695672809627 0.0 28000
1695672873974 0.0 32000
1695672940661 0.0 36000
1695673005195 0.0 40000
1695673074231 0.0 44000
1695673141173 0.0 48000
1695673218468 0.0 52000
1695673294748 0.0 56000
1695673372465 0.0 60000
1695673449689 0.0 64000
1695673533592 0.0 68000
1695673613784 0.0 72000
1695673696574 0.0 76000
1695673782587 0.0 80000
1695673861075 0.0 84000
1695673946022 0.0 88000
1695674026362 0.0 92000
1695674106813 0.0 96000
1695674188554 0.0 100000
1695674272961 0.0 104000
1695674360565 0.0 108000
1695674442977 0.0 112000
1695674524879 0.0 116000
1695674604799 0.0 120000
1695674686333 0.0 124000
1695674761023 0.0 128000
1695674835866 0.0 132000
1695674905990 0.0 136000
1695674983902 0.0 140000
1695675057435 0.0 144000
1695675130791 0.0 148000
1695675201075 0.0 152000
1695675272665 0.0 156000
1695675343595 0.0 160000
1695675414062 0.0 164000
1695675488907 0.0 168000
1695675565000 0.0 172000
1695675636551 0.0 176000
1695675707674 0.0 180000
1695675779516 0.0 184000
1695675846375 0.0 188000
1695675913004 0.0 192000
1695675979127 0.0 196000
1695676044771 0.0 200000
1695676110998 0.0 204000
1695676191616 0.0 208000
1695676270273 0.0 212000
1695676339877 0.0 216000
1695676408541 0.0 220000
1695676480584 0.0 224000
1695676555077 0.0 228000
1695676625512 0.0 232000
1695676703999 0.0 236000
1695676788232 0.0 240000
1695676878026 0.0 244000
1695676967127 0.0 248000
1695677042700 0.0 252000
1695677114887 0.0 256000
1695677195503 0.0 260000
1695677276838 0.0 264000
1695677358226 0.0 268000
1695677440057 0.0 272000
1695677527202 0.0 276000
