1695672393943 0.0 4000
1695672462642 0.0 8000
1695672529152 0.0 12000
1695672600027 0.0 16000
1695672672303 0.0 20000
1695672745237 0.0 24000
1695672809623 0.0 28000
1695672873970 0.0 32000
1695672940657 0.0 36000
1695673005191 0.0 40000
1695673074226 0.0 44000
1695673141168 0.0 48000
1695673218464 0.0 52000
1695673294742 0.0 56000
1695673372461 0.0 60000
1695673449683 0.0 64000
1695673533586 0.0 68000
1695673613778 0.0 72000
1695673696569 0.0 76000
1695673782581 0.0 80000
1695673861070 0.0 84000
1695673946017 0.0 88000
1695674026356 0.0 92000
1695674106808 0.0 96000
1695674188548 0.0 100000
1695674272956 0.0 104000
1695674360559 0.0 108000
1695674442971 0.0 112000
1695674524874 0.0 116000
1695674604793 0.0 120000
1695674686328 0.0 124000
1695674761017 0.0 128000
1695674835861 0.0 132000
1695674905985 0.0 136000
1695674983898 0.0 140000
1695675057431 0.0 144000
1695675130786 0.0 148000
1695675201070 0.0 152000
1695675272661 0.0 156000
1695675343590 0.0 160000
1695675414058 0.0 164000
1695675488899 0.0 168000
1695675564996 0.0 172000
1695675636547 0.0 176000
1695675707670 0.0 180000
1695675779512 0.0 184000
1695675846371 0.0 188000
1695675913000 0.0 192000
1695675979123 0.0 196000
1695676044767 0.0 200000
1695676110994 0.0 204000
1695676191610 0.0 208000
1695676270268 0.0 212000
1695676339873 0.0 216000
1695676408537 0.0 220000
1695676480580 0.0 224000
1695676555070 0.0 228000
1695676625507 0.0 232000
1695676703994 0.0 236000
1695676788227 0.0 240000
1695676878020 0.0 244000
1695676967121 0.0 248000
1695677042695 0.0 252000
1695677114882 0.0 256000
1695677195498 0.0 260000
1695677276833 0.0 264000
1695677358221 0.0 268000
1695677440051 0.0 272000
1695677527198 0.0 276000
