1695672393959 1.0 4000
1695672462657 1.0 8000
1695672529167 1.0 12000
1695672600043 1.0 16000
1695672672318 1.0 20000
1695672745251 1.0 24000
1695672809637 1.0 28000
1695672873984 1.0 32000
1695672940671 1.0 36000
1695673005204 1.0 40000
1695673074241 1.0 44000
1695673141182 1.0 48000
1695673218477 1.0 52000
1695673294760 1.0 56000
1695673372477 1.0 60000
1695673449700 1.0 64000
1695673533605 1.0 68000
1695673613795 1.0 72000
1695673696586 1.0 76000
1695673782599 1.0 80000
1695673861087 1.0 84000
1695673946034 1.0 88000
1695674026374 1.0 92000
1695674106825 1.0 96000
1695674188567 1.0 100000
1695674272974 1.0 104000
1695674360577 1.0 108000
1695674442993 1.0 112000
1695674524891 1.0 116000
1695674604812 1.0 120000
1695674686346 1.0 124000
1695674761036 1.0 128000
1695674835878 1.0 132000
1695674906002 1.0 136000
1695674983913 1.0 140000
1695675057446 1.0 144000
1695675130803 1.0 148000
1695675201086 1.0 152000
1695675272675 1.0 156000
1695675343606 1.0 160000
1695675414072 1.0 164000
1695675488929 1.0 168000
1695675565010 1.0 172000
1695675636562 1.0 176000
1695675707684 1.0 180000
1695675779527 1.0 184000
1695675846386 1.0 188000
1695675913014 1.0 192000
1695675979137 1.0 196000
1695676044782 1.0 200000
1695676111009 1.0 204000
1695676191627 1.0 208000
1695676270284 1.0 212000
1695676339888 1.0 216000
1695676408552 1.0 220000
1695676480595 1.0 224000
1695676555088 1.0 228000
1695676625522 1.0 232000
1695676704011 1.0 236000
1695676788244 1.0 240000
1695676878039 1.0 244000
1695676967141 1.0 248000
1695677042711 1.0 252000
1695677114898 1.0 256000
1695677195515 1.0 260000
1695677276850 1.0 264000
1695677358237 1.0 268000
1695677440068 1.0 272000
1695677527213 1.0 276000
