1695731491978 1.9966932378161695 244000
1695731555349 1.9966932378161695 248000
1695731626983 1.9966932378161695 252000
1695731693985 1.9966932378161695 256000
1695731770431 1.9876932378161691 260000
1695731847876 1.9636932378161682 264000
1695731929311 1.67855 268000
1695732007542 1.50869323781617 272000
1695732085628 1.67855 276000
1695732161602 1.67855 280000
1695732229836 1.5199346144425923 284000
1695732296268 1.5199346144425923 288000
1695732365379 1.50869323781617 292000
1695732431717 1.50869323781617 296000
1695732499290 1.50869323781617 300000
1695732565184 1.50869323781617 304000
1695732635455 1.50869323781617 308000
1695732703069 1.5226932378161697 312000
1695732772388 2.0041932378161698 316000
1695732841578 1.50869323781617 320000
1695732910236 1.50869323781617 324000
1695732988702 1.50869323781617 328000
1695733057770 1.50869323781617 332000
1695733127216 1.50869323781617 336000
1695733197202 1.50869323781617 340000
1695733266920 1.50869323781617 344000
1695733337745 1.50869323781617 348000
1695733406264 1.50869323781617 352000
1695733475101 1.50869323781617 356000
1695733547168 1.50869323781617 360000
1695733617734 1.50869323781617 364000
1695733686226 1.50869323781617 368000
1695733756205 1.50869323781617 372000
1695733824439 1.50869323781617 376000
1695733894946 1.50869323781617 380000
1695733964274 1.50869323781617 384000
1695734035285 1.50869323781617 388000
1695734104254 1.50869323781617 392000
1695734175683 1.50869323781617 396000
1695734244728 1.50869323781617 400000
1695734315753 1.50869323781617 404000
1695734384667 1.9909346144425923 408000
1695734453443 1.50869323781617 412000
1695734520734 1.50869323781617 416000
1695734588440 1.50869323781617 420000
1695734658392 1.50869323781617 424000
1695734728057 1.50869323781617 428000
1695734796942 1.50869323781617 432000
1695734870308 1.50869323781617 436000
1695734945823 1.50869323781617 440000
1695735017140 1.50869323781617 444000
1695735086423 1.50869323781617 448000
1695735161748 1.50869323781617 452000
1695735231989 1.68005 456000
1695735305938 2.00719323781617 460000
1695735382192 1.5571932378161697 464000
1695735453189 2.0056932378152035 468000
1695735524411 1.5586932378161698 472000
1695735599196 2.00869323781617 476000
1695735678700 1.50869323781617 480000
1695735759823 1.50869323781617 484000
1695735842388 1.6830500000000002 488000
1695735925821 1.50869323781617 492000
1695736013490 1.50869323781617 496000
1695736097340 1.50869323781617 500000
1695736173661 1.50869323781617 504000
1695736248930 1.50869323781617 508000
1695736320636 1.50869323781617 512000
1695736388200 1.50869323781617 516000
1695736454337 1.50869323781617 520000
1695736520666 1.50869323781617 524000
1695736587095 1.98469323781617 528000
1695736651732 1.50869323781617 532000
1695736716165 1.8982836050000003 536000
1695736779510 1.50869323781617 540000
1695736842228 1.50869323781617 544000
1695736905430 1.50869323781617 548000
1695736968490 2.006603033544055 552000
1695737032191 2.0071932378152035 556000
1695737094102 1.50869323781617 560000
1695737158010 1.6830500000000002 564000
1695737219678 2.0041932378161698 568000
1695737281994 1.5586932378161698 572000
1695737344675 1.8982836050000003 576000
1695737412010 2.00869323781617 580000
1695737478288 1.5586932378161698 584000
1695737541957 1.5586932378161698 588000
1695737604398 2.00869323781617 592000
1695737666481 1.5586932378161698 596000
1695737728684 1.8967836050000002 600000
1695737791613 1.50869323781617 604000
1695737853571 1.5180500000000001 608000
1695737916257 1.50869323781617 612000
1695737978630 1.50869323781617 616000
1695738041271 1.9909346144425923 620000
1695738103529 1.50869323781617 624000
1695738167359 1.5581030335440547 628000
1695738230032 1.5586925427729417 632000
1695738292588 1.50869323781617 636000
1695738355079 1.5586932378161698 640000
1695738417937 1.50869323781617 644000
1695738479895 1.50869323781617 648000
1695738542479 1.50869323781617 652000
1695738605916 2.0086925427729416 656000
1695738668190 1.5586925427729417 660000
1695738731742 1.50869323781617 664000
1695738794210 1.50869323781617 668000
1695738858552 1.50869323781617 672000
1695738921295 1.50869323781617 676000
1695738984503 1.50869323781617 680000
1695739046753 1.50869323781617 684000
1695739110126 1.9909346144425923 688000
1695739172002 2.00869323781617 692000
1695739235528 2.0086925427729416 696000
1695739297776 2.00869323781617 700000
1695739360590 2.00869323781617 704000
1695739423276 2.00869323781617 708000
1695739488066 2.008103033544055 712000
1695739550717 1.6830500000000002 716000
1695739613347 1.50869323781617 720000
1695739676046 2.0086925427729416 724000
1695739737837 1.9909346144425923 728000
1695739800522 1.50869323781617 732000
1695739862760 1.9909346144425923 736000
1695739925901 1.8982836050000003 740000
1695739987745 1.50869323781617 744000
1695740051646 1.50869323781617 748000
1695740114459 2.00869323781617 752000
1695740177678 1.50869323781617 756000
1695740240149 1.50869323781617 760000
1695740302015 2.0086925427729416 764000
1695740363601 1.50869323781617 768000
1695740426087 1.50869323781617 772000
1695740488922 1.50869323781617 776000
1695740550757 1.50869323781617 780000
1695740613461 1.50869323781617 784000
1695740676084 1.50869323781617 788000
1695740739839 2.008103033544055 792000
1695740801745 2.00869323781617 796000
1695740865008 1.50869323781617 800000
1695740927222 1.50869323781617 804000
1695740989460 2.00869323781617 808000
1695741052798 2.0086932378152036 812000
1695741116443 2.0086925427729416 816000
1695741179177 2.00869323781617 820000
1695741242087 2.0086925427729416 824000
1695741305191 2.00869323781617 828000
1695741368515 2.008103033544055 832000
1695741432754 1.50869323781617 836000
1695741500789 2.00869323781617 840000
1695741566828 1.9909346144425923 844000
1695741631777 1.50869323781617 848000
1695741707427 1.6830500000000002 852000
1695741770244 2.008103033544055 856000
1695741834319 1.6830500000000002 860000
1695741896311 2.00869323781617 864000
1695741958467 1.8982836050000003 868000
1695742020716 1.50869323781617 872000
1695742083863 2.008103033544055 876000
1695742146530 1.9909346144425923 880000
1695742211648 1.50869323781617 884000
1695742275887 1.50869323781617 888000
1695742341631 1.6830500000000002 892000
1695742413654 1.50869323781617 896000
1695742481964 2.00719323781617 900000
1695742548276 1.50869323781617 904000
1695742610742 1.50869323781617 908000
1695742672853 1.50869323781617 912000
1695742735143 2.0071925427729416 916000
1695742798448 1.50869323781617 920000
1695742861545 1.50869323781617 924000
1695742924135 1.50869323781617 928000
1695742986368 1.50869323781617 932000
1695743049676 1.6830500000000002 936000
1695743111957 1.50869323781617 940000
1695743175927 2.00719323781617 944000
1695743237889 1.50869323781617 948000
1695743299799 1.8982836050000003 952000
1695743361993 2.008103033544055 956000
1695743425291 1.50869323781617 960000
1695743487767 2.0086925427729416 964000
1695743552151 1.5586932378161698 968000
1695743614305 1.50869323781617 972000
1695743677491 1.50869323781617 976000
1695743740539 1.8982836050000003 980000
1695743804814 1.50869323781617 984000
1695743866994 2.00869323781617 988000
1695743930110 1.8982836050000003 992000
1695743991742 1.50869323781617 996000
1695744055080 2.00869323781617 1000000
