1695731491977 1.851109375 244000
1695731555348 2.5506273550000014 248000
1695731626982 2.5506273550000014 252000
1695731693984 2.5506273550000014 256000
1695731770430 2.834924230000001 260000
1695731847875 2.834924230000001 264000
1695731929310 2.6384562500000004 268000
1695732007541 2.9029971144425937 272000
1695732085626 2.9029971144425937 276000
1695732161601 2.9565874085440553 280000
1695732229835 2.987009283544055 284000
1695732296268 2.987009283544055 288000
1695732365378 2.8375179800000003 292000
1695732431716 2.97072448781617 296000
1695732499290 2.97072448781617 300000
1695732565183 2.96369323781617 304000
1695732635454 2.9799780335440547 308000
1695732703068 2.7666117300000006 312000
1695732772388 2.9706463628152044 316000
1695732841577 2.97042761281617 320000
1695732910235 2.976755042772942 324000
1695732988701 2.976755042772942 328000
1695733057769 2.97283386281617 332000
1695733127215 2.9648019177729417 336000
1695733197201 2.484489417772942 340000
1695733266919 2.96228698781617 344000
1695733337744 2.9608096144425926 348000
1695733406263 2.46028698781617 352000
1695733475100 2.877189855 356000
1695733547167 2.973942542772942 360000
1695733617733 2.9813842835440547 364000
1695733686225 2.97564636281617 368000
1695733756204 2.97534948781617 372000
1695733824438 2.986895667772942 376000
1695733894945 2.980568237815204 380000
1695733964273 2.97353698781617 384000
1695734035284 2.97845886281617 388000
1695734104253 2.98056823781617 392000
1695734175682 2.984196783544055 396000
1695734244727 2.9673217835440546 400000
1695734315752 2.977051917772942 404000
1695734384667 2.981270667772942 408000
1695734453442 2.974462408544055 412000
1695734520733 2.97986511281617 416000
1695734588439 2.96491198781617 420000
1695734658391 2.9732401128161703 424000
1695734728057 2.736880737816185 428000
1695734796941 2.47364636281617 432000
1695734870307 2.48167761281617 436000
1695734945822 2.482380737815204 440000
1695735017139 2.484306158544055 444000
1695735086422 2.8480648550000005 448000
1695735161747 2.92502136281617 452000
1695735231989 2.97283386281617 456000
1695735305937 2.488821783544055 460000
1695735382191 2.8729711050000004 464000
1695735453188 2.482380042772942 468000
1695735524411 2.9712471144425923 472000
1695735599195 2.486712408544055 476000
1695735678699 2.487415533544055 480000
1695735759823 2.485009283544055 484000
1695735842387 2.4851925427729418 488000
1695735925820 2.487415533544055 492000
1695736013489 2.487415533544055 496000
1695736097339 2.488005042772942 500000
1695736173660 2.4851932378152037 504000
1695736248929 2.4902280335440548 508000
1695736320635 2.89408386281617 512000
1695736388199 2.483083167772942 516000
1695736454336 2.97845886281617 520000
1695736520666 2.98056823781617 524000
1695736587095 2.980270667772942 528000
1695736651731 2.91799011281617 532000
1695736716164 2.982087408544055 536000
1695736779510 2.483083167772942 540000
1695736842227 2.481790533544055 544000
1695736905429 2.486009283544055 548000
1695736968489 2.482380042772942 552000
1695737032190 2.486712408544055 556000
1695737094102 2.4802713628152038 560000
1695737158009 2.486712408544055 564000
1695737219677 2.486009283544055 568000
1695737281993 2.485306158544055 572000
1695737344674 2.486712408544055 576000
1695737412009 2.665471875 580000
1695737478288 2.9608096144425926 584000
1695737541956 2.488821783544055 588000
1695737604397 2.485896362815204 592000
1695737666480 2.982677612815204 596000
1695737728684 2.486598792772942 600000
1695737791613 2.87228698781617 604000
1695737853570 2.489524908544055 608000
1695737916256 2.4824936585440547 612000
1695737978629 2.483899908544055 616000
1695738041270 2.483786292772942 620000
1695738103528 2.98549011281617 624000
1695738167358 2.6682843750000003 628000
1695738230032 2.482380042772942 632000
1695738292587 2.48097448781617 636000
1695738355078 2.488118658544055 640000
1695738417936 2.48308386281617 644000
1695738479893 2.48238073781617 648000
1695738542478 2.477978033544055 652000
1695738605916 2.47464636281617 656000
1695738668189 2.491634283544055 660000
1695738731742 2.491634283544055 664000
1695738794209 2.491634283544055 668000
1695738858551 2.490817542772942 672000
1695738921294 2.4902280335440548 676000
1695738984503 2.491634283544055 680000
1695739046752 2.491634283544055 684000
1695739110126 2.491634283544055 688000
1695739172001 2.665471875 692000
1695739235528 2.49011511281617 696000
1695739297775 2.4915206677729422 700000
1695739360590 2.4915206677729422 704000
1695739423275 2.491634283544055 708000
1695739488066 2.490818237815204 712000
1695739550716 2.48870886281617 716000
1695739613346 2.487415533544055 720000
1695739676045 2.487301917772942 724000
1695739737837 2.487415533544055 728000
1695739800521 2.48870886281617 732000
1695739862759 2.4902280335440548 736000
1695739925900 2.490931158544055 740000
1695739987744 2.488411292772942 744000
1695740051645 2.6263000000000027 748000
1695740114458 2.9537244878161717 752000
1695740177677 2.9642088628161702 756000
1695740240148 2.9791619878161697 760000
1695740302014 2.489931158544055 764000
1695740363601 2.96791198781617 768000
1695740426087 2.4902280335440548 772000
1695740488922 2.9603963628161702 776000
1695740550757 2.9823800427729417 780000
1695740613460 2.4877088628152038 784000
1695740676083 2.8748929800000007 788000
1695740739839 2.48870886281617 792000
1695740801745 2.988415533544055 796000
1695740865007 2.48800573781617 800000
1695740927221 2.487301917772942 804000
1695740989459 2.48027136281617 808000
1695741052797 2.481790533544055 812000
1695741116442 2.4902280335440548 816000
1695741179177 2.489524908544055 820000
1695741242086 2.960880042772942 824000
1695741305190 2.4901151128152037 828000
1695741368514 2.490931158544055 832000
1695741432754 2.491634283544055 836000
1695741500788 2.4915206677729422 840000
1695741566827 2.48238073781617 844000
1695741631777 2.489931158544055 848000
1695741707426 2.5432237927729417 852000
1695741770243 2.53408386281617 856000
1695741834318 2.491634283544055 860000
1695741896309 2.4902280335440548 864000
1695741958467 2.8842211050000004 868000
1695742020715 2.491634283544055 872000
1695742083862 2.49011511281617 876000
1695742146529 2.97986511281617 880000
1695742211647 2.48238073781617 884000
1695742275886 2.4902280335440548 888000
1695742341630 2.665471875 892000
1695742413653 2.9841925427729423 896000
1695742481963 2.85679923 900000
1695742548275 2.6571437500000004 904000
1695742610741 2.491634283544055 908000
1695742672853 2.5347869878161697 912000
1695742735142 2.98127136281617 916000
1695742798447 2.490818237815204 920000
1695742861544 2.9489276128161697 924000
1695742924135 2.491634283544055 928000
1695742986367 2.87929923 932000
1695743049675 2.486598792772942 936000
1695743111957 2.48800573781617 940000
1695743175926 2.9705439894425925 944000
1695743237888 2.9702471144425924 948000
1695743299798 2.8444112927729432 952000
1695743361992 2.4915206677729422 956000
1695743425290 2.486599487815204 960000
1695743487767 2.487415533544055 964000
1695743552150 2.988415533544055 968000
1695743614304 2.97634948781617 972000
1695743677490 2.665471875 976000
1695743740538 2.48730261281617 980000
1695743804814 2.483899908544055 984000
1695743866993 2.48378698781617 988000
1695743930110 2.8842211050000004 992000
1695743991742 2.4915206677729422 996000
1695744055079 2.485306158544055 1000000
