1695731492046 1.0 244000
1695731555421 1.0 248000
1695731627047 1.0 252000
1695731694060 1.0 256000
1695731770509 1.0 260000
1695731847954 1.0 264000
1695731929389 1.0 268000
1695732007623 1.0 272000
1695732085718 1.0 276000
1695732161665 1.0 280000
1695732229900 1.0 284000
1695732296333 1.0 288000
1695732365447 1.0 292000
1695732431780 1.0 296000
1695732499356 1.0 300000
1695732565255 1.0 304000
1695732635528 1.0 308000
1695732703142 1.0 312000
1695732772458 1.0 316000
1695732841644 1.0 320000
1695732910301 1.0 324000
1695732988776 1.0 328000
1695733057838 1.0 332000
1695733127279 1.0 336000
1695733197275 1.0 340000
1695733266991 1.0 344000
1695733337826 1.0 348000
1695733406329 1.0 352000
1695733475171 1.0 356000
1695733547241 1.0 360000
1695733617802 1.0 364000
1695733686298 1.0 368000
1695733756273 1.0 372000
1695733824504 1.0 376000
1695733895016 1.0 380000
1695733964338 1.0 384000
1695734035357 1.0 388000
1695734104321 1.0 392000
1695734175750 1.0 396000
1695734244798 1.0 400000
1695734315823 1.0 404000
1695734384737 1.0 408000
1695734453509 1.0 412000
1695734520800 1.0 416000
1695734588506 1.0 420000
1695734658459 1.0 424000
1695734728124 1.0 428000
1695734797007 1.0 432000
1695734870388 1.0 436000
1695734945892 1.0 440000
1695735017214 1.0 444000
1695735086492 1.0 448000
1695735161816 1.0 452000
1695735232056 1.0 456000
1695735306011 1.0 460000
1695735382279 1.0 464000
1695735453259 1.0 468000
1695735524475 1.0 472000
1695735599272 1.0 476000
1695735678779 1.0 480000
1695735759901 1.0 484000
1695735842465 1.0 488000
1695735925906 1.0 492000
1695736013574 1.0 496000
1695736097417 1.0 500000
1695736173733 1.0 504000
1695736249019 1.0 508000
1695736320714 1.0 512000
1695736388262 1.0 516000
1695736454399 1.0 520000
1695736520727 1.0 524000
1695736587159 1.0 528000
1695736651793 1.0 532000
1695736716224 1.0 536000
1695736779573 1.0 540000
1695736842291 1.0 544000
1695736905495 1.0 548000
1695736968553 1.0 552000
1695737032255 1.0 556000
1695737094164 1.0 560000
1695737158072 1.0 564000
1695737219744 1.0 568000
1695737282070 1.0 572000
1695737344739 1.0 576000
1695737412078 1.0 580000
1695737478351 1.0 584000
1695737542020 1.0 588000
1695737604459 1.0 592000
1695737666544 1.0 596000
1695737728752 1.0 600000
1695737791675 1.0 604000
1695737853631 1.0 608000
1695737916318 1.0 612000
1695737978697 1.0 616000
1695738041335 1.0 620000
1695738103597 1.0 624000
1695738167421 1.0 628000
1695738230096 1.0 632000
1695738292649 1.0 636000
1695738355142 1.0 640000
1695738417998 1.0 644000
1695738479955 1.0 648000
1695738542544 1.0 652000
1695738605977 1.0 656000
1695738668252 1.0 660000
1695738731802 1.0 664000
1695738794274 1.0 668000
1695738858618 1.0 672000
1695738921355 1.0 676000
1695738984580 1.0 680000
1695739046813 1.0 684000
1695739110187 1.0 688000
1695739172064 1.0 692000
1695739235591 1.0 696000
1695739297839 1.0 700000
1695739360654 1.0 704000
1695739423343 1.0 708000
1695739488127 1.0 712000
1695739550779 1.0 716000
1695739613415 1.0 720000
1695739676111 1.0 724000
1695739737899 1.0 728000
1695739800587 1.0 732000
1695739862822 1.0 736000
1695739925965 1.0 740000
1695739987811 1.0 744000
1695740051706 1.0 748000
1695740114525 1.0 752000
1695740177739 1.0 756000
1695740240212 1.0 760000
1695740302082 1.0 764000
1695740363669 1.0 768000
1695740426147 1.0 772000
1695740488983 1.0 776000
1695740550818 1.0 780000
1695740613521 1.0 784000
1695740676144 1.0 788000
1695740739901 1.0 792000
1695740801811 1.0 796000
1695740865070 1.0 800000
1695740927292 1.0 804000
1695740989522 1.0 808000
1695741052860 1.0 812000
1695741116504 1.0 816000
1695741179238 1.0 820000
1695741242154 1.0 824000
1695741305254 1.0 828000
1695741368576 1.0 832000
1695741432822 1.0 836000
1695741500857 1.0 840000
1695741566894 1.0 844000
1695741631846 1.0 848000
1695741707491 1.0 852000
1695741770306 1.0 856000
1695741834386 1.0 860000
1695741896390 1.0 864000
1695741958528 1.0 868000
1695742020776 1.0 872000
1695742083930 1.0 876000
1695742146593 1.0 880000
1695742211713 1.0 884000
1695742275953 1.0 888000
1695742341696 1.0 892000
1695742413735 1.0 896000
1695742482035 1.0 900000
1695742548339 1.0 904000
1695742610803 1.0 908000
1695742672914 1.0 912000
1695742735204 1.0 916000
1695742798512 1.0 920000
1695742861606 1.0 924000
1695742924200 1.0 928000
1695742986433 1.0 932000
1695743049736 1.0 936000
1695743112021 1.0 940000
1695743175991 1.0 944000
1695743237951 1.0 948000
1695743299859 1.0 952000
1695743362060 1.0 956000
1695743425353 1.0 960000
1695743487829 1.0 964000
1695743552214 1.0 968000
1695743614367 1.0 972000
1695743677551 1.0 976000
1695743740601 1.0 980000
1695743804878 1.0 984000
1695743867059 1.0 988000
1695743930170 1.0 992000
1695743991804 1.0 996000
1695744055140 1.0 1000000
