1695672599893 0.538191922888519 16000
1695672672171 0.5906430086570992 20000
1695672745117 0.7203528994072409 24000
1695672809508 0.6705572727382957 28000
1695672873857 0.7590117476539159 32000
1695672940540 0.8571200075137191 36000
1695673005079 0.8642053390384594 40000
1695673074109 0.8895575683783257 44000
1695673141053 0.9175943287381524 48000
1695673218345 0.8322666197936706 52000
1695673294594 0.8085332875256325 56000
1695673372323 0.7817638255575038 60000
1695673449537 0.7638009505392883 64000
1695673533418 0.7855606700766298 68000
1695673613644 0.7753197075411751 72000
1695673696421 0.8076146861382589 76000
1695673782431 0.7902898982924466 80000
1695673860920 0.7860123361957857 84000
1695673945874 0.8152394821416468 88000
1695674026206 0.7889944630241037 92000
1695674106657 0.8000078997134369 96000
1695674188401 0.7617532670341906 100000
1695674272788 0.7559994035550429 104000
1695674360410 0.7649863520417802 108000
1695674442783 0.7328808419678032 112000
1695674524725 0.7192157724121928 116000
1695674604647 0.7278560434185163 120000
1695674686174 0.739155348402252 124000
1695674760845 0.7548981767867375 128000
1695674835729 0.7633156128068711 132000
1695674905843 0.7556183040459301 136000
1695674983769 0.7619351883755708 140000
1695675057306 0.766699527187468 144000
1695675130638 0.840969604869247 148000
1695675200943 0.8931556794538932 152000
1695675272540 1.0642820773825232 156000
1695675343462 1.2463096598853713 160000
1695675413944 1.3322343112248618 164000
1695675488720 1.3702107251748616 168000
1695675564870 1.3819352971689711 172000
1695675636417 1.3814868462655598 176000
1695675707547 1.4326752625755 180000
1695675779383 1.458202232378643 184000
1695675846260 1.478534090909091 188000
1695675912886 1.472861132172717 192000
1695675978997 1.4860123127880185 196000
1695676044650 1.4875943359375001 200000
1695676110876 1.4879101072175736 204000
1695676191473 1.4882410804655875 208000
1695676270148 1.4885932559288537 212000
1695676339748 1.488984194015444 216000
1695676408415 1.4890550167624523 220000
1695676480456 1.4887980392156863 224000
1695676554934 1.4893518963675219 228000
1695676625383 1.4893855894549768 232000
1695676703859 1.4874361587982838 236000
1695676788091 1.48886443036965 240000
1695676877850 1.4893332162921349 244000
1695676966926 1.4893774266098487 248000
1695677042568 1.48938592575188 252000
1695677114754 1.4893798122623576 256000
1695677195357 1.4891494391025646 260000
1695677276693 1.4891530448717951 264000
1695677358086 1.4892445083682015 268000
1695677439898 1.482261612354086 272000
1695677527069 1.4893433372641514 276000
