1695672599894 0.2504500000000004 16000
1695672672172 0.30875000000000047 20000
1695672745118 0.3114285714285718 24000
1695672809508 0.5009805492062066 28000
1695672873857 0.4970635894905384 32000
1695672940540 0.4736154204461125 36000
1695673005080 0.49678133836491767 40000
1695673074110 0.4816177302258049 44000
1695673141054 0.47012169804533444 48000
1695673218346 0.5525567118201501 52000
1695673294595 0.5725906501878738 56000
1695673372323 0.6128058717933881 60000
1695673449537 0.6453336541608528 64000
1695673533419 0.6307669758277309 68000
1695673613645 0.6493365556232487 72000
1695673696422 0.6309697278420862 76000
1695673782432 0.7036739636881251 80000
1695673860921 0.7109325612450187 84000
1695673945875 0.6916462722696701 88000
1695674026207 0.7253614220927315 92000
1695674106658 0.7285148886777405 96000
1695674188402 0.785309345117528 100000
1695674272789 0.8098806447139744 104000
1695674360411 0.8427801052836351 108000
1695674442784 0.8873309093162287 112000
1695674524726 0.9179277522143794 116000
1695674604648 0.9333627522143796 120000
1695674686175 0.9864776473061435 124000
1695674760846 0.9871576473061432 128000
1695674835730 1.0253613938636483 132000
1695674905844 1.1201053460527504 136000
1695674983769 1.189746650137658 140000
1695675057307 1.213558332332084 144000
1695675130638 1.2420141837352223 148000
1695675200944 1.3324728401278727 152000
1695675272541 1.3797364040608686 156000
1695675343463 1.4289658221080728 160000
1695675413944 1.41716132996309 164000
1695675488721 1.391408807721072 168000
1695675564870 1.4228227921905563 172000
1695675636418 1.4648263832633703 176000
1695675707548 1.4503736451041567 180000
1695675779384 1.4829956445870747 184000
1695675846261 1.4986105010641868 188000
1695675912887 1.4756158891500628 192000
1695675978998 1.4802777555418425 196000
1695676044651 1.4945007687244731 200000
1695676110877 1.5001842143884982 204000
1695676191473 1.4975476512912023 208000
1695676270148 1.4988903551779456 212000
1695676339749 1.5061193511026583 216000
1695676408416 1.506837708458312 220000
1695676480457 1.504720687699213 224000
1695676554935 1.5083677997735965 228000
1695676625383 1.5084373852785578 232000
1695676703860 1.5083776020371735 236000
1695676788092 1.4998448726005547 240000
1695676877851 1.5084877034546869 244000
1695676966927 1.5084237979387716 248000
1695677042569 1.5074240274275283 252000
1695677114755 1.5073236851604113 256000
1695677195358 1.5086649169384172 260000
1695677276694 1.505186182408169 264000
1695677358086 1.5079798010418284 268000
1695677439899 1.5089170547661428 272000
1695677527070 1.5083466808270873 276000
