1695731492042 479.5 244000
1695731555417 479.5 248000
1695731627044 479.5 252000
1695731694056 479.5 256000
1695731770505 479.5 260000
1695731847949 479.5 264000
1695731929383 479.5 268000
1695732007618 479.5 272000
1695732085713 479.5 276000
1695732161661 479.5 280000
1695732229896 479.5 284000
1695732296330 479.5 288000
1695732365443 479.5 292000
1695732431776 479.5 296000
1695732499352 479.5 300000
1695732565251 479.5 304000
1695732635524 479.5 308000
1695732703137 479.5 312000
1695732772454 479.5 316000
1695732841640 479.5 320000
1695732910297 479.5 324000
1695732988772 479.5 328000
1695733057833 479.5 332000
1695733127275 479.5 336000
1695733197271 479.5 340000
1695733266987 479.5 344000
1695733337821 479.5 348000
1695733406325 479.5 352000
1695733475167 479.5 356000
1695733547237 479.5 360000
1695733617798 479.5 364000
1695733686294 479.5 368000
1695733756269 479.5 372000
1695733824500 479.5 376000
1695733895012 479.5 380000
1695733964334 479.5 384000
1695734035353 479.5 388000
1695734104317 479.5 392000
1695734175746 479.5 396000
1695734244793 479.5 400000
1695734315819 479.5 404000
1695734384733 479.5 408000
1695734453505 479.5 412000
1695734520795 479.5 416000
1695734588503 479.5 420000
1695734658455 479.5 424000
1695734728120 479.5 428000
1695734797003 479.5 432000
1695734870384 479.5 436000
1695734945888 479.5 440000
1695735017209 479.5 444000
1695735086488 479.5 448000
1695735161812 479.5 452000
1695735232052 479.5 456000
1695735306007 479.5 460000
1695735382274 479.5 464000
1695735453255 479.5 468000
1695735524472 479.5 472000
1695735599267 479.5 476000
1695735678774 479.5 480000
1695735759897 479.5 484000
1695735842461 479.5 488000
1695735925901 479.5 492000
1695736013569 479.5 496000
1695736097412 479.5 500000
1695736173728 479.5 504000
1695736249014 479.5 508000
1695736320708 479.5 512000
1695736388259 479.5 516000
1695736454395 479.5 520000
1695736520724 479.5 524000
1695736587155 479.5 528000
1695736651790 479.5 532000
1695736716220 479.5 536000
1695736779569 479.5 540000
1695736842288 479.5 544000
1695736905491 479.5 548000
1695736968549 479.5 552000
1695737032251 479.5 556000
1695737094160 479.5 560000
1695737158068 479.5 564000
1695737219740 479.5 568000
1695737282065 479.5 572000
1695737344735 479.5 576000
1695737412074 479.5 580000
1695737478347 479.5 584000
1695737542016 479.5 588000
1695737604456 479.5 592000
1695737666540 479.5 596000
1695737728748 479.5 600000
1695737791671 479.5 604000
1695737853627 479.5 608000
1695737916314 479.5 612000
1695737978692 479.5 616000
1695738041332 479.5 620000
1695738103593 479.5 624000
1695738167418 479.5 628000
1695738230092 479.5 632000
1695738292646 479.5 636000
1695738355139 479.5 640000
1695738417994 479.5 644000
1695738479951 479.5 648000
1695738542540 479.5 652000
1695738605973 479.5 656000
1695738668249 479.5 660000
1695738731799 479.5 664000
1695738794270 479.5 668000
1695738858613 479.5 672000
1695738921351 479.5 676000
1695738984576 479.5 680000
1695739046810 479.5 684000
1695739110183 479.5 688000
1695739172060 479.5 692000
1695739235588 479.5 696000
1695739297835 479.5 700000
1695739360650 479.5 704000
1695739423339 479.5 708000
1695739488123 479.5 712000
1695739550775 479.5 716000
1695739613411 479.5 720000
1695739676107 479.5 724000
1695739737895 479.5 728000
1695739800584 479.5 732000
1695739862819 479.5 736000
1695739925961 479.5 740000
1695739987807 479.5 744000
1695740051703 479.5 748000
1695740114521 479.5 752000
1695740177735 479.5 756000
1695740240209 479.5 760000
1695740302078 479.5 764000
1695740363665 479.5 768000
1695740426143 479.5 772000
1695740488979 479.5 776000
1695740550815 479.5 780000
1695740613517 479.5 784000
1695740676141 479.5 788000
1695740739897 479.5 792000
1695740801807 479.5 796000
1695740865066 479.5 800000
1695740927288 479.5 804000
1695740989518 479.5 808000
1695741052856 479.5 812000
1695741116500 479.5 816000
1695741179234 479.5 820000
1695741242149 479.5 824000
1695741305250 479.5 828000
1695741368573 479.5 832000
1695741432818 479.5 836000
1695741500853 479.5 840000
1695741566891 479.5 844000
1695741631842 479.5 848000
1695741707487 479.5 852000
1695741770302 479.5 856000
1695741834382 479.5 860000
1695741896386 479.5 864000
1695741958524 479.5 868000
1695742020772 479.5 872000
1695742083924 479.5 876000
1695742146590 479.5 880000
1695742211709 479.5 884000
1695742275949 479.5 888000
1695742341692 479.5 892000
1695742413730 479.5 896000
1695742482031 479.5 900000
1695742548336 479.5 904000
1695742610800 479.5 908000
1695742672911 479.5 912000
1695742735201 479.5 916000
1695742798508 479.5 920000
1695742861602 479.5 924000
1695742924196 479.5 928000
1695742986429 479.5 932000
1695743049732 479.5 936000
1695743112017 479.5 940000
1695743175988 479.5 944000
1695743237947 479.5 948000
1695743299855 479.5 952000
1695743362056 479.5 956000
1695743425349 479.5 960000
1695743487825 479.5 964000
1695743552210 479.5 968000
1695743614363 479.5 972000
1695743677548 479.5 976000
1695743740597 479.5 980000
1695743804874 479.5 984000
1695743867055 479.5 988000
1695743930167 479.5 992000
1695743991801 479.5 996000
1695744055136 479.5 1000000
