1695731492041 480.5 244000
1695731555416 1440.5 248000
1695731627043 2400.5 252000
1695731694055 3360.5 256000
1695731770504 4320.5 260000
1695731847948 5280.5 264000
1695731929382 6240.5 268000
1695732007617 7200.5 272000
1695732085712 8160.5 276000
1695732161661 9120.5 280000
1695732229895 10080.5 284000
1695732296329 11040.5 288000
1695732365442 12000.5 292000
1695732431776 12960.5 296000
1695732499351 13920.5 300000
1695732565250 14880.5 304000
1695732635523 15840.5 308000
1695732703136 16800.5 312000
1695732772453 17760.5 316000
1695732841639 18720.5 320000
1695732910297 19680.5 324000
1695732988771 20640.5 328000
1695733057833 21600.5 332000
1695733127274 22560.5 336000
1695733197270 23520.5 340000
1695733266986 24480.5 344000
1695733337820 25440.5 348000
1695733406324 26400.5 352000
1695733475166 27360.5 356000
1695733547236 28320.5 360000
1695733617797 29280.5 364000
1695733686293 30240.5 368000
1695733756268 31200.5 372000
1695733824499 32160.5 376000
1695733895011 33120.5 380000
1695733964333 34080.5 384000
1695734035352 35040.5 388000
1695734104316 36000.5 392000
1695734175745 36960.5 396000
1695734244793 37920.5 400000
1695734315818 38880.5 404000
1695734384732 39840.5 408000
1695734453504 40800.5 412000
1695734520795 41760.5 416000
1695734588502 42720.5 420000
1695734658455 43680.5 424000
1695734728119 44640.5 428000
1695734797003 45600.5 432000
1695734870383 46560.5 436000
1695734945887 47520.5 440000
1695735017208 48480.5 444000
1695735086487 49440.5 448000
1695735161811 50400.5 452000
1695735232052 51360.5 456000
1695735306006 52320.5 460000
1695735382273 53280.5 464000
1695735453254 54240.5 468000
1695735524471 55200.5 472000
1695735599267 56160.5 476000
1695735678773 57120.5 480000
1695735759896 58080.5 484000
1695735842460 59040.5 488000
1695735925900 60000.5 492000
1695736013568 60960.5 496000
1695736097411 61920.5 500000
1695736173728 62880.5 504000
1695736249013 63840.5 508000
1695736320707 64800.5 512000
1695736388258 65760.5 516000
1695736454395 66720.5 520000
1695736520723 67680.5 524000
1695736587154 68640.5 528000
1695736651789 69600.5 532000
1695736716220 70560.5 536000
1695736779569 71520.5 540000
1695736842287 72480.5 544000
1695736905490 73440.5 548000
1695736968548 74400.5 552000
1695737032250 75360.5 556000
1695737094160 76320.5 560000
1695737158067 77280.5 564000
1695737219740 78240.5 568000
1695737282064 79200.5 572000
1695737344734 80160.5 576000
1695737412073 81120.5 580000
1695737478346 82080.5 584000
1695737542015 83040.5 588000
1695737604455 84000.5 592000
1695737666539 84960.5 596000
1695737728747 85920.5 600000
1695737791671 86880.5 604000
1695737853626 87840.5 608000
1695737916314 88800.5 612000
1695737978691 89760.5 616000
1695738041331 90720.5 620000
1695738103592 91680.5 624000
1695738167417 92640.5 628000
1695738230092 93600.5 632000
1695738292645 94560.5 636000
1695738355138 95520.5 640000
1695738417993 96480.5 644000
1695738479950 97440.5 648000
1695738542539 98400.5 652000
1695738605972 99360.5 656000
1695738668248 100320.5 660000
1695738731798 101280.5 664000
1695738794269 102240.5 668000
1695738858612 103200.5 672000
1695738921351 104160.5 676000
1695738984575 105120.5 680000
1695739046809 106080.5 684000
1695739110182 107040.5 688000
1695739172059 108000.5 692000
1695739235587 108960.5 696000
1695739297835 109920.5 700000
1695739360649 110880.5 704000
1695739423338 111840.5 708000
1695739488123 112800.5 712000
1695739550774 113760.5 716000
1695739613410 114720.5 720000
1695739676106 115680.5 724000
1695739737894 116640.5 728000
1695739800583 117600.5 732000
1695739862818 118560.5 736000
1695739925960 119520.5 740000
1695739987806 120480.5 744000
1695740051702 121440.5 748000
1695740114520 122400.5 752000
1695740177735 123360.5 756000
1695740240208 124320.5 760000
1695740302078 125280.5 764000
1695740363664 126240.5 768000
1695740426143 127200.5 772000
1695740488978 128160.5 776000
1695740550814 129120.5 780000
1695740613516 130080.5 784000
1695740676140 131040.5 788000
1695740739896 132000.5 792000
1695740801806 132960.5 796000
1695740865065 133920.5 800000
1695740927287 134880.5 804000
1695740989517 135840.5 808000
1695741052855 136800.5 812000
1695741116500 137760.5 816000
1695741179233 138720.5 820000
1695741242149 139680.5 824000
1695741305249 140640.5 828000
1695741368572 141600.5 832000
1695741432817 142560.5 836000
1695741500853 143520.5 840000
1695741566890 144480.5 844000
1695741631841 145440.5 848000
1695741707487 146400.5 852000
1695741770302 147360.5 856000
1695741834381 148320.5 860000
1695741896385 149280.5 864000
1695741958524 150240.5 868000
1695742020772 151200.5 872000
1695742083924 152160.5 876000
1695742146589 153120.5 880000
1695742211709 154080.5 884000
1695742275948 155040.5 888000
1695742341691 156000.5 892000
1695742413730 156960.5 896000
1695742482031 157920.5 900000
1695742548335 158880.5 904000
1695742610799 159840.5 908000
1695742672910 160800.5 912000
1695742735200 161760.5 916000
1695742798507 162720.5 920000
1695742861602 163680.5 924000
1695742924196 164640.5 928000
1695742986428 165600.5 932000
1695743049732 166560.5 936000
1695743112016 167520.5 940000
1695743175987 168480.5 944000
1695743237946 169440.5 948000
1695743299855 170400.5 952000
1695743362055 171360.5 956000
1695743425349 172320.5 960000
1695743487824 173280.5 964000
1695743552210 174240.5 968000
1695743614362 175200.5 972000
1695743677547 176160.5 976000
1695743740596 177120.5 980000
1695743804874 178080.5 984000
1695743867055 179040.5 988000
1695743930166 180000.5 992000
1695743991800 180960.5 996000
1695744055135 181920.5 1000000
