1695672393980 0.0 4000
1695672462675 0.0 8000
1695672529186 0.0 12000
1695672600063 0.0 16000
1695672672337 0.0 20000
1695672745269 0.0 24000
1695672809654 0.0 28000
1695672874001 0.0 32000
1695672940688 0.0 36000
1695673005222 0.0 40000
1695673074258 0.0 44000
1695673141199 0.0 48000
1695673218495 0.0 52000
1695673294782 0.0 56000
1695673372498 0.0 60000
1695673449723 0.0 64000
1695673533630 0.0 68000
1695673613816 0.0 72000
1695673696609 0.0 76000
1695673782621 0.0 80000
1695673861110 0.0 84000
1695673946055 0.0 88000
1695674026397 0.0 92000
1695674106848 0.0 96000
1695674188590 0.0 100000
1695674272998 0.0 104000
1695674360600 0.0 108000
1695674443025 0.0 112000
1695674524914 0.0 116000
1695674604842 0.0 120000
1695674686369 0.0 124000
1695674761060 0.0 128000
1695674835904 0.0 132000
1695674906023 0.0 136000
1695674983933 0.0 140000
1695675057466 0.0 144000
1695675130827 0.0 148000
1695675201106 0.0 152000
1695675272693 0.0 156000
1695675343625 0.0 160000
1695675414090 0.0 164000
1695675488956 0.0 168000
1695675565029 0.0 172000
1695675636584 0.0 176000
1695675707703 0.0 180000
1695675779547 0.0 184000
1695675846406 0.0 188000
1695675913032 0.0 192000
1695675979156 0.0 196000
1695676044799 0.0 200000
1695676111027 0.0 204000
1695676191647 0.0 208000
1695676270305 0.0 212000
1695676339906 0.0 216000
1695676408570 0.0 220000
1695676480613 0.0 224000
1695676555108 0.0 228000
1695676625541 0.0 232000
1695676704032 0.0 236000
1695676788265 0.0 240000
1695676878074 0.0 244000
1695676967170 0.0 248000
1695677042730 0.0 252000
1695677114917 0.0 256000
1695677195537 0.0 260000
1695677276878 0.0 264000
1695677358258 0.0 268000
1695677440091 0.0 272000
1695677527233 0.0 276000
