1695672393982 5.0000000000000016e-05 4000
1695672462677 5.0000000000000016e-05 8000
1695672529188 5.0000000000000016e-05 12000
1695672600066 5.0000000000000016e-05 16000
1695672672340 5.0000000000000016e-05 20000
1695672745271 5.0000000000000016e-05 24000
1695672809656 5.0000000000000016e-05 28000
1695672874003 5.0000000000000016e-05 32000
1695672940690 5.0000000000000016e-05 36000
1695673005224 5.0000000000000016e-05 40000
1695673074261 5.0000000000000016e-05 44000
1695673141201 5.0000000000000016e-05 48000
1695673218497 5.0000000000000016e-05 52000
1695673294785 5.0000000000000016e-05 56000
1695673372501 5.0000000000000016e-05 60000
1695673449726 5.0000000000000016e-05 64000
1695673533633 5.0000000000000016e-05 68000
1695673613819 5.0000000000000016e-05 72000
1695673696611 5.0000000000000016e-05 76000
1695673782623 5.0000000000000016e-05 80000
1695673861113 5.0000000000000016e-05 84000
1695673946058 5.0000000000000016e-05 88000
1695674026399 5.0000000000000016e-05 92000
1695674106850 5.0000000000000016e-05 96000
1695674188592 5.0000000000000016e-05 100000
1695674273002 5.0000000000000016e-05 104000
1695674360602 5.0000000000000016e-05 108000
1695674443028 5.0000000000000016e-05 112000
1695674524917 5.0000000000000016e-05 116000
1695674604845 5.0000000000000016e-05 120000
1695674686371 5.0000000000000016e-05 124000
1695674761063 5.0000000000000016e-05 128000
1695674835907 5.0000000000000016e-05 132000
1695674906026 5.0000000000000016e-05 136000
1695674983935 5.0000000000000016e-05 140000
1695675057468 5.0000000000000016e-05 144000
1695675130829 5.0000000000000016e-05 148000
1695675201108 5.0000000000000016e-05 152000
1695675272695 5.0000000000000016e-05 156000
1695675343628 5.0000000000000016e-05 160000
1695675414092 5.0000000000000016e-05 164000
1695675488959 5.0000000000000016e-05 168000
1695675565032 5.0000000000000016e-05 172000
1695675636586 5.0000000000000016e-05 176000
1695675707705 5.0000000000000016e-05 180000
1695675779549 5.0000000000000016e-05 184000
1695675846408 5.0000000000000016e-05 188000
1695675913034 5.0000000000000016e-05 192000
1695675979158 5.0000000000000016e-05 196000
1695676044801 5.0000000000000016e-05 200000
1695676111029 5.0000000000000016e-05 204000
1695676191649 5.0000000000000016e-05 208000
1695676270307 5.0000000000000016e-05 212000
1695676339908 5.0000000000000016e-05 216000
1695676408572 5.0000000000000016e-05 220000
1695676480615 5.0000000000000016e-05 224000
1695676555110 5.0000000000000016e-05 228000
1695676625543 5.0000000000000016e-05 232000
1695676704034 5.0000000000000016e-05 236000
1695676788268 5.0000000000000016e-05 240000
1695676878078 5.0000000000000016e-05 244000
1695676967173 5.0000000000000016e-05 248000
1695677042732 5.0000000000000016e-05 252000
1695677114920 5.0000000000000016e-05 256000
1695677195539 5.0000000000000016e-05 260000
1695677276881 5.0000000000000016e-05 264000
1695677358260 5.0000000000000016e-05 268000
1695677440096 5.0000000000000016e-05 272000
1695677527236 5.0000000000000016e-05 276000
