1695672393982 0.20000000000000004 4000
1695672462676 0.20000000000000004 8000
1695672529188 0.20000000000000004 12000
1695672600065 0.20000000000000004 16000
1695672672339 0.20000000000000004 20000
1695672745270 0.20000000000000004 24000
1695672809656 0.20000000000000004 28000
1695672874002 0.20000000000000004 32000
1695672940689 0.20000000000000004 36000
1695673005223 0.20000000000000004 40000
1695673074260 0.20000000000000004 44000
1695673141201 0.20000000000000004 48000
1695673218496 0.20000000000000004 52000
1695673294784 0.20000000000000004 56000
1695673372500 0.20000000000000004 60000
1695673449725 0.20000000000000004 64000
1695673533632 0.20000000000000004 68000
1695673613818 0.20000000000000004 72000
1695673696610 0.20000000000000004 76000
1695673782622 0.20000000000000004 80000
1695673861112 0.20000000000000004 84000
1695673946057 0.20000000000000004 88000
1695674026398 0.20000000000000004 92000
1695674106849 0.20000000000000004 96000
1695674188591 0.20000000000000004 100000
1695674273000 0.20000000000000004 104000
1695674360602 0.20000000000000004 108000
1695674443027 0.20000000000000004 112000
1695674524916 0.20000000000000004 116000
1695674604844 0.20000000000000004 120000
1695674686370 0.20000000000000004 124000
1695674761062 0.20000000000000004 128000
1695674835906 0.20000000000000004 132000
1695674906025 0.20000000000000004 136000
1695674983934 0.20000000000000004 140000
1695675057467 0.20000000000000004 144000
1695675130828 0.20000000000000004 148000
1695675201107 0.20000000000000004 152000
1695675272694 0.20000000000000004 156000
1695675343627 0.20000000000000004 160000
1695675414091 0.20000000000000004 164000
1695675488958 0.20000000000000004 168000
1695675565031 0.20000000000000004 172000
1695675636585 0.20000000000000004 176000
1695675707705 0.20000000000000004 180000
1695675779548 0.20000000000000004 184000
1695675846407 0.20000000000000004 188000
1695675913033 0.20000000000000004 192000
1695675979157 0.20000000000000004 196000
1695676044801 0.20000000000000004 200000
1695676111029 0.20000000000000004 204000
1695676191648 0.10000000000000002 208000
1695676270306 0.05000000000000001 212000
1695676339908 0.05000000000000001 216000
1695676408571 0.025000000000000005 220000
1695676480614 0.025000000000000005 224000
1695676555110 0.025000000000000005 228000
1695676625542 0.025000000000000005 232000
1695676704033 0.03749999999999999 236000
1695676788267 0.03749999999999999 240000
1695676878077 0.018749999999999996 244000
1695676967172 0.009374999999999998 248000
1695677042731 0.004687499999999999 252000
1695677114919 0.0023437499999999995 256000
1695677195538 0.0011718749999999997 260000
1695677276880 0.0017578125000000005 264000
1695677358259 0.0026367187500000006 268000
1695677440094 0.003955078124999999 272000
1695677527235 0.0019775390624999995 276000
