1695672393987 1.9349488465736309 4000
1695672462681 1.917320391908288 8000
1695672529193 1.8998441568265358 12000
1695672600070 1.8810077156871556 16000
1695672672344 1.8648532996575038 20000
1695672745275 1.8364208683371543 24000
1695672809661 1.8055041617403427 28000
1695672874007 1.7837559676418702 32000
1695672940694 1.7775251910090446 36000
1695673005229 1.7505683727562427 40000
1695673074265 1.719559386000037 44000
1695673141206 1.6989184640347958 48000
1695673218501 1.670035855844617 52000
1695673294790 1.6249872691929341 56000
1695673372506 1.6255954084297022 60000
1695673449731 1.639899604022503 64000
1695673533639 1.5974540967494248 68000
1695673613824 1.6065556108951569 72000
1695673696616 1.5051670296738544 76000
1695673782628 1.508859609812498 80000
1695673861118 1.5469263815631469 84000
1695673946063 1.491626026108861 88000
1695674026405 1.4778473872691393 92000
1695674106855 1.4530472442507745 96000
1695674188598 1.4019192977497974 100000
1695674273007 1.4733569901436567 104000
1695674360608 1.437243494267265 108000
1695674443034 1.410963036864996 112000
1695674524922 1.442054509744048 116000
1695674604851 1.3170583482831717 120000
1695674686376 1.329799277956287 124000
1695674761068 1.313283148035407 128000
1695674835913 1.2578980524092913 132000
1695674906031 1.186771838615338 136000
1695674983939 1.2809339695920547 140000
1695675057472 1.286928108582894 144000
1695675130835 1.2233579035848379 148000
1695675201113 1.2083057848115761 152000
1695675272699 1.202577085296313 156000
1695675343632 1.1457227886964878 160000
1695675414097 1.1115032791470487 164000
1695675488965 1.123431440256536 168000
1695675565036 1.1741599439332882 172000
1695675636591 1.066406967677176 176000
1695675707710 0.9289680555462837 180000
1695675779554 0.846138311487933 184000
1695675846413 0.7071926640346646 188000
1695675913038 0.5259533879347146 192000
1695675979162 0.41411769051725666 196000
1695676044805 0.34690315057523546 200000
1695676111034 0.3192746778639654 204000
1695676191654 0.2793809427879751 208000
1695676270312 0.22166148647665979 212000
1695676339913 0.1615428501041606 216000
1695676408576 0.12388137138138215 220000
1695676480620 0.10464042631986861 224000
1695676555115 0.17469248484509686 228000
1695676625548 0.2571771207653607 232000
1695676704039 0.16892475304969898 236000
1695676788273 0.08009065864607692 240000
1695676878085 0.05399028922741612 244000
1695676967180 0.040317107605126995 248000
1695677042737 0.03009156589784349 252000
1695677114924 0.029194232366474657 256000
1695677195544 0.23875899984462498 260000
1695677276887 0.15347251136942455 264000
1695677358265 0.11635192266354959 268000
1695677440104 0.061917169607477264 272000
1695677527241 0.052738955880825715 276000
