1695672393988 0.0010000000000000005 4000
1695672462682 0.0010000000000000005 8000
1695672529194 0.0010000000000000005 12000
1695672600071 0.0010000000000000005 16000
1695672672345 0.0010000000000000005 20000
1695672745276 0.0010000000000000005 24000
1695672809661 0.0010000000000000005 28000
1695672874008 0.0010000000000000005 32000
1695672940695 0.0010000000000000005 36000
1695673005229 0.0010000000000000005 40000
1695673074266 0.0010000000000000005 44000
1695673141206 0.0010000000000000005 48000
1695673218502 0.0010000000000000005 52000
1695673294791 0.0010000000000000005 56000
1695673372507 0.0010000000000000005 60000
1695673449732 0.0010000000000000005 64000
1695673533640 0.0010000000000000005 68000
1695673613825 0.0010000000000000005 72000
1695673696617 0.0010000000000000005 76000
1695673782629 0.0010000000000000005 80000
1695673861119 0.0010000000000000005 84000
1695673946064 0.0010000000000000005 88000
1695674026406 0.0010000000000000005 92000
1695674106856 0.0010000000000000005 96000
1695674188599 0.0010000000000000005 100000
1695674273008 0.0010000000000000005 104000
1695674360609 0.0010000000000000005 108000
1695674443035 0.0010000000000000005 112000
1695674524923 0.0010000000000000005 116000
1695674604852 0.0010000000000000005 120000
1695674686377 0.0010000000000000005 124000
1695674761069 0.0010000000000000005 128000
1695674835914 0.0010000000000000005 132000
1695674906032 0.0010000000000000005 136000
1695674983940 0.0010000000000000005 140000
1695675057473 0.0010000000000000005 144000
1695675130836 0.0010000000000000005 148000
1695675201113 0.0010000000000000005 152000
1695675272700 0.0010000000000000005 156000
1695675343633 0.0010000000000000005 160000
1695675414098 0.0010000000000000005 164000
1695675488967 0.0010000000000000005 168000
1695675565037 0.0010000000000000005 172000
1695675636591 0.0010000000000000005 176000
1695675707710 0.0010000000000000005 180000
1695675779554 0.0010000000000000005 184000
1695675846414 0.0010000000000000005 188000
1695675913039 0.0010000000000000005 192000
1695675979163 0.0010000000000000005 196000
1695676044806 0.0010000000000000005 200000
1695676111034 0.0010000000000000005 204000
1695676191654 0.0010000000000000005 208000
1695676270313 0.0010000000000000005 212000
1695676339914 0.0010000000000000005 216000
1695676408577 0.0010000000000000005 220000
1695676480621 0.0010000000000000005 224000
1695676555116 0.0010000000000000005 228000
1695676625549 0.0010000000000000005 232000
1695676704040 0.0010000000000000005 236000
1695676788274 0.0010000000000000005 240000
1695676878087 0.0010000000000000005 244000
1695676967181 0.0010000000000000005 248000
1695677042737 0.0010000000000000005 252000
1695677114925 0.0010000000000000005 256000
1695677195545 0.0010000000000000005 260000
1695677276887 0.0010000000000000005 264000
1695677358266 0.0010000000000000005 268000
1695677440105 0.0010000000000000005 272000
1695677527241 0.0010000000000000005 276000
