1695672393981 0.5765932686006029 4000
1695672462675 0.7124013399705291 8000
1695672529187 0.779086404448996 12000
1695672600064 0.946111621769766 16000
1695672672338 1.0148194073078534 20000
1695672745270 1.0706563563086093 24000
1695672809655 1.184785312631478 28000
1695672874002 1.2038173933823904 32000
1695672940689 1.247655596304685 36000
1695673005223 1.2878436931719384 40000
1695673074259 1.339952345751226 44000
1695673141200 1.3185688807318607 48000
1695673218495 1.3068738697717588 52000
1695673294783 1.3828718667849897 56000
1695673372499 1.4111112576598923 60000
1695673449724 1.3852116105457146 64000
1695673533631 1.3620213573488096 68000
1695673613817 1.4515703146656354 72000
1695673696609 1.3981460571909945 76000
1695673782621 1.2998058076947927 80000
1695673861111 1.6892135734359424 84000
1695673946056 1.5674400844300787 88000
1695674026398 1.4378158098707596 92000
1695674106848 1.5741823057333628 96000
1695674188591 1.4496203752234578 100000
1695674272999 1.4574821649119258 104000
1695674360601 1.502636969058464 108000
1695674443026 1.603681804674367 112000
1695674524915 1.5340999069313208 116000
1695674604843 1.4723853934556246 120000
1695674686370 1.3850123584891358 124000
1695674761061 1.59613982681185 128000
1695674835905 1.5000805603650709 132000
1695674906024 1.6550947178776065 136000
1695674983933 1.5048764148727058 140000
1695675057466 1.5877954076975584 144000
1695675130827 1.602749326452613 148000
1695675201107 1.595343203563243 152000
1695675272694 1.4997578415398796 156000
1695675343626 1.6093985121697187 160000
1695675414091 1.5311913688977559 164000
1695675488957 1.460773971863091 168000
1695675565030 1.566853308553497 172000
1695675636584 1.502947372570634 176000
1695675707704 1.7149236049503087 180000
1695675779547 1.7398663996718824 184000
1695675846407 1.5256064595344165 188000
1695675913033 1.3418636232304075 192000
1695675979156 1.1699694335150221 196000
1695676044800 1.2116071950489034 200000
1695676111028 1.0959622079196076 204000
1695676191647 1.138684314256534 208000
1695676270305 0.7932835431148608 212000
1695676339907 0.6407501228541757 216000
1695676408571 0.44011826476392646 220000
1695676480614 0.6308617596223485 224000
1695676555109 0.6174483359248067 228000
1695676625542 0.7353366056689993 232000
1695676704032 1.4085504922200927 236000
1695676788266 0.11632395884565389 240000
1695676878075 0.12930434954954156 244000
1695676967171 0.10843117574307447 248000
1695677042731 0.0767647927054592 252000
1695677114918 0.09890658283450951 256000
1695677195537 0.6925422193986984 260000
1695677276880 0.7405431781313382 264000
1695677358259 0.600959648230734 268000
1695677440093 0.35398882429193085 272000
1695677527234 0.2618963222640256 276000
