1695672393986 0.011074462174537255 4000
1695672462680 0.01300996007415709 8000
1695672529192 0.01282069494279037 12000
1695672600070 0.011287189661754364 16000
1695672672344 0.012594015378148037 20000
1695672745275 0.01311876510023973 24000
1695672809660 0.010409891310586804 28000
1695672874006 0.013602407239375225 32000
1695672940694 0.01120566228179077 36000
1695673005228 0.012513421826897369 40000
1695673074264 0.00998096950971999 44000
1695673141205 0.011545512769005761 48000
1695673218500 0.010695887481800411 52000
1695673294789 0.014410972079490983 56000
1695673372505 0.011231630477057934 60000
1695673449730 0.010363949423392665 64000
1695673533638 0.011040098803355857 68000
1695673613823 0.010592070260278797 72000
1695673696616 0.011548027881030976 76000
1695673782628 0.014901596832528464 80000
1695673861117 0.012712495982645457 84000
1695673946062 0.007559517421528502 88000
1695674026404 0.010347436341091048 92000
1695674106855 0.011697362627882908 96000
1695674188597 0.008143465368039398 100000
1695674273006 0.009224981458910875 104000
1695674360608 0.011507475704585582 108000
1695674443033 0.011018826020842951 112000
1695674524921 0.011247716734337132 116000
1695674604850 0.011919754252559756 120000
1695674686376 0.006774146289758365 124000
1695674761067 0.009882147265470946 128000
1695674835912 0.011947590142747721 132000
1695674906030 0.009374243709218919 136000
1695674983939 0.008036064114579642 140000
1695675057471 0.013831049806811687 144000
1695675130834 0.011858773270400035 148000
1695675201112 0.010308069304652806 152000
1695675272698 0.011677190951384494 156000
1695675343631 0.009906677821424266 160000
1695675414096 0.009568476320817036 164000
1695675488964 0.009151055110572095 168000
1695675565035 0.011128722266593742 172000
1695675636590 0.0071700428135253935 176000
1695675707709 0.006573134636475212 180000
1695675779553 0.009838777939294495 184000
1695675846412 0.006707962829841041 188000
1695675913037 0.008345800395780574 192000
1695675979161 0.008830571645244768 196000
1695676044805 0.0056763143031451115 200000
1695676111033 0.004410892330971384 204000
1695676191653 0.003933122399684125 208000
1695676270311 0.005689840472236322 212000
1695676339912 0.004569803610339773 216000
1695676408576 0.005357391865512745 220000
1695676480619 0.008426914670762198 224000
1695676555115 0.017478762564358638 228000
1695676625547 0.06053902783079269 232000
1695676704038 0.0056368323650985465 236000
1695676788272 0.0011880364004877746 240000
1695676878083 0.0007703993088705947 244000
1695676967179 0.0007118546256663675 248000
1695677042736 0.0010604731221524537 252000
1695677114923 0.0022624834356148446 256000
1695677195543 0.09401780737496791 260000
1695677276886 0.036700349926417214 264000
1695677358264 0.02287208729200069 268000
1695677440103 0.0016346100910102283 272000
1695677527240 0.0030714001425222997 276000
