1695672393984 -0.015488712260654817 4000
1695672462678 -0.022721013287567378 8000
1695672529190 -0.017005178904219063 12000
1695672600067 -0.017029077882277 16000
1695672672341 -0.019164211770354694 20000
1695672745273 -0.01726739084745835 24000
1695672809658 -0.018175381816642282 28000
1695672874004 -0.02060606982073902 32000
1695672940691 -0.01835201631038217 36000
1695673005226 -0.017922494027880022 40000
1695673074262 -0.01772206564589093 44000
1695673141203 -0.018779259489141015 48000
1695673218498 -0.01883923562624356 52000
1695673294787 -0.021290279626312743 56000
1695673372502 -0.0172254492571786 60000
1695673449727 -0.0200309495885449 64000
1695673533635 -0.019958207993234587 68000
1695673613821 -0.020852534899556 72000
1695673696613 -0.01890611852722941 76000
1695673782625 -0.021106302509724627 80000
1695673861114 -0.01756297981822475 84000
1695673946060 -0.013048013430913366 88000
1695674026401 -0.01744468551429842 92000
1695674106852 -0.0196297108612877 96000
1695674188594 -0.013004824602103327 100000
1695674273004 -0.015678400987235365 104000
1695674360605 -0.02102979240735294 108000
1695674443030 -0.018719890436962792 112000
1695674524918 -0.019437155968140964 116000
1695674604847 -0.02125371632622167 120000
1695674686373 -0.012362381078128237 124000
1695674761064 -0.018402900373136313 128000
1695674835909 -0.01722949062010836 132000
1695674906028 -0.015322239265757768 136000
1695674983936 -0.019982987916834342 140000
1695675057469 -0.018709058983949943 144000
1695675130831 -0.01992040169716347 148000
1695675201110 -0.016855948132191163 152000
1695675272696 -0.01986770285924043 156000
1695675343629 -0.011210397666339607 160000
1695675414094 -0.015264880664472003 164000
1695675488961 -0.017000671361893184 168000
1695675565033 -0.01664028572049574 172000
1695675636587 -0.01170174855287769 176000
1695675707707 -0.010027151243897 180000
1695675779551 -0.012997041458341603 184000
1695675846410 -0.007118742375557 188000
1695675913035 -0.012037550917011686 192000
1695675979159 -0.015588239109395849 196000
1695676044803 -0.009484397734922823 200000
1695676111031 -0.004187261469148022 204000
1695676191650 -0.002433673381165136 208000
1695676270309 -0.007079586009058403 212000
1695676339910 -0.004765465202217456 216000
1695676408574 -0.002838745567381314 220000
1695676480617 -0.007112445674768726 224000
1695676555112 -0.01594940402137581 228000
1695676625545 -0.061920924373892676 232000
1695676704036 -0.005785911957112451 236000
1695676788269 -0.0007430162631256583 240000
1695676878080 -0.0016808150486516146 244000
1695676967175 -0.001281705876075042 248000
1695677042734 -0.0016736448984981205 252000
1695677114921 -0.002392979236052876 256000
1695677195541 -0.033768021830110226 260000
1695677276883 -0.015027877787360922 264000
1695677358262 -0.013114914569935838 268000
1695677440099 -0.0032683595601459576 272000
1695677527237 -0.0014685329078929499 276000
