1695672393983 -0.006211554610581515 4000
1695672462677 -0.019809468906047793 8000
1695672529189 -0.013890135156422427 12000
1695672600067 -0.010812185430404497 16000
1695672672341 -0.01696563969962881 20000
1695672745272 -0.012228601519321576 24000
1695672809657 -0.013336457439921408 28000
1695672874004 -0.01833916114810563 32000
1695672940691 -0.015638172381174324 36000
1695673005225 -0.012906803888108697 40000
1695673074261 -0.015750905808454264 44000
1695673141202 -0.012558476514035041 48000
1695673218498 -0.014591842781252732 52000
1695673294786 -0.017609463161034 56000
1695673372502 -0.015603451399268426 60000
1695673449727 -0.01843069486943326 64000
1695673533634 -0.016224032230669157 68000
1695673613820 -0.019400202501431825 72000
1695673696612 -0.01782372790524581 76000
1695673782624 -0.016157080151363818 80000
1695673861113 -0.016046684253039227 84000
1695673946059 -0.00961570433646557 88000
1695674026400 -0.014454825028345416 92000
1695674106851 -0.017280393584951526 96000
1695674188593 -0.009145832383607437 100000
1695674273003 -0.010974610070843483 104000
1695674360604 -0.01699003192637368 108000
1695674443029 -0.011045727307888834 112000
1695674524917 -0.016494364363704033 116000
1695674604846 -0.01940745593237807 120000
1695674686372 -0.008677021685798536 124000
1695674761064 -0.017280077691551318 128000
1695674835908 -0.010833788185846061 132000
1695674906027 -0.010166276242489402 136000
1695674983936 -0.015318909077844485 140000
1695675057468 -0.014806823149046976 144000
1695675130830 -0.013921970253189404 148000
1695675201109 -0.008141588493162998 152000
1695675272696 -0.007420553603878943 156000
1695675343628 0.0006931852107906404 160000
1695675414093 -0.004916217542207353 164000
1695675488960 -0.009808922692900523 168000
1695675565032 -0.009984389924041655 172000
1695675636587 -0.0033884407283039765 176000
1695675707706 0.004226317132633994 180000
1695675779550 0.0028301131174278756 184000
1695675846409 0.005982878967491463 188000
1695675913035 0.003499281009256568 192000
1695675979158 -0.0010081900692360554 196000
1695676044802 0.0012683289338383474 200000
1695676111030 0.0027390971163792225 204000
1695676191650 0.004490292057456221 208000
1695676270308 -0.0025200843259729783 212000
1695676339909 -0.0014493773705301768 216000
1695676408573 -0.0010578547762558324 220000
1695676480616 -0.005117278740711603 224000
1695676555111 -0.01388919851870014 228000
1695676625544 -0.059519975856286086 232000
1695676704035 -0.0034916267079703783 236000
1695676788268 0.000746758884118511 240000
1695676878079 -0.0006105028402998869 244000
1695676967174 0.0007883823101868377 248000
1695677042733 -0.0005701197222549581 252000
1695677114920 -0.0015920567322533921 256000
1695677195540 -0.03186090293227153 260000
1695677276882 -0.012649966179166465 264000
1695677358261 -0.011102577265995705 268000
1695677440098 -0.00024379457137608068 272000
1695677527237 -9.381186807028522e-05 276000
