1695672393986 -0.010904837896426519 4000
1695672462679 0.060988411866128446 8000
1695672529192 0.03185020374755065 12000
1695672600069 0.37724685358504456 16000
1695672672343 0.3849047065402071 20000
1695672745274 0.3575163496037324 24000
1695672809659 0.4709662488972147 28000
1695672874006 0.6109920734539628 32000
1695672940693 0.577897105179727 36000
1695673005227 0.640002722106874 40000
1695673074264 0.732277835905552 44000
1695673141204 0.623662065466245 48000
1695673218500 0.7492877267921965 52000
1695673294788 0.4282403986901045 56000
1695673372504 0.7584924846266706 60000
1695673449729 0.6608730209991336 64000
1695673533637 0.8134125290438533 68000
1695673613822 0.6591815957178672 72000
1695673696615 0.7531065709268053 76000
1695673782627 0.7674433598915736 80000
1695673861116 0.45325331191221874 84000
1695673946061 0.802772508872052 88000
1695674026403 0.8028211982920765 92000
1695674106854 0.7649489218990008 96000
1695674188596 0.7454366251205404 100000
1695674273005 0.5461564245944222 104000
1695674360606 0.7206456302354733 108000
1695674443032 0.728192558636268 112000
1695674524920 0.6649556546782454 116000
1695674604849 0.7677165114631256 120000
1695674686375 0.7608368586127957 124000
1695674761066 0.7102285248537858 128000
1695674835911 0.8212374463056524 132000
1695674906029 0.8196688652038574 136000
1695674983938 0.8237012165909012 140000
1695675057471 0.8410246736059587 144000
1695675130833 0.8380136859913667 148000
1695675201111 0.8480981869623065 152000
1695675272698 0.7865563752129674 156000
1695675343631 0.8410613315800826 160000
1695675414095 0.8271739699567358 164000
1695675488963 0.884028850061198 168000
1695675565035 0.9301569057628513 172000
1695675636589 0.9296301863466699 176000
1695675707708 0.9091500137001276 180000
1695675779552 0.9203740379462639 184000
1695675846411 0.9389426315824191 188000
1695675913037 0.9302671504517396 192000
1695675979161 0.9271898483857512 196000
1695676044804 0.94471009063224 200000
1695676111032 0.9648522204409044 204000
1695676191652 0.9617389658465981 208000
1695676270310 0.973389430406193 212000
1695676339911 0.9806862181052566 216000
1695676408575 0.989601963510116 220000
1695676480618 0.989462430588901 224000
1695676555114 0.9909662835299968 228000
1695676625546 0.9943818723162016 232000
1695676704037 0.9889445248991251 236000
1695676788271 0.9914521616573135 240000
1695676878082 0.9934714791675409 244000
1695676967177 0.9876502400885026 248000
1695677042735 0.993397639443477 252000
1695677114923 0.9951980198423068 256000
1695677195543 0.9894699772819877 260000
1695677276885 0.9864599042882521 264000
1695677358263 0.9893624810501933 268000
1695677440102 0.9823423348988096 272000
1695677527239 0.991551068611443 276000
