1695672393985 0.017994428481324577 4000
1695672462679 0.004453746215222054 8000
1695672529191 0.004901499573073427 12000
1695672600068 0.01168092480317379 16000
1695672672342 0.003089244460352347 20000
1695672745273 0.008502914539470415 24000
1695672809658 0.009124899410865812 28000
1695672874005 0.0026603666359126996 32000
1695672940692 0.0045004728453326 36000
1695673005226 0.008527148947420453 40000
1695673074263 0.0033890517787464585 44000
1695673141203 0.011221197338212125 48000
1695673218499 0.0075565022917847575 52000
1695673294787 0.004847219105189046 56000
1695673372503 0.0020025335059168964 60000
1695673449728 0.002334729260807459 64000
1695673533636 0.006247220799377828 68000
1695673613821 0.00188094776891982 72000
1695673696614 0.0005559043647887544 76000
1695673782626 0.006955526173805992 80000
1695673861115 0.0010414460515827766 84000
1695673946060 0.006824063927282017 88000
1695674026402 0.0047964419520212685 92000
1695674106853 0.0029257834493667664 96000
1695674188595 0.007264436463568321 100000
1695674273005 0.008664302955063855 104000
1695674360605 0.006351018813317447 108000
1695674443031 0.013762723297501604 112000
1695674524919 0.004270605504946919 116000
1695674604848 0.0015587341599408925 120000
1695674686374 0.007320658621150263 124000
1695674761065 0.0009193521184291361 128000
1695674835910 0.010528165905270725 132000
1695674906028 0.008935772667367321 136000
1695674983937 0.00867560116870057 140000
1695675057470 0.004845907597640083 144000
1695675130832 0.009700069488826558 148000
1695675201110 0.015722102274594363 152000
1695675272697 0.022628575163010586 156000
1695675343630 0.02213594094015813 160000
1695675414095 0.01909294118571173 164000
1695675488962 0.012969937478677215 168000
1695675565034 0.011208621808691532 172000
1695675636588 0.015891412282023034 176000
1695675707707 0.027735618907172466 180000
1695675779551 0.02941107410636808 184000
1695675846410 0.02493444084539078 188000
1695675913036 0.02878725273621967 192000
1695675979160 0.026456104721000885 196000
1695676044803 0.01992873401225855 200000
1695676111032 0.01272690983605571 204000
1695676191651 0.013620068584714318 208000
1695676270309 0.008993342736478857 212000
1695676339911 0.006498281454090223 216000
1695676408574 0.0035416753059962502 220000
1695676480617 0.003778268286631222 224000
1695676555113 0.0035958578571050263 228000
1695676625546 0.0022893005620365633 232000
1695676704036 0.004503658538578747 236000
1695676788270 0.0030506280491939225 240000
1695676878081 0.0022197136938558516 244000
1695676967176 0.004207462822948097 248000
1695677042735 0.002257292111217642 252000
1695677114922 0.0016496269083499252 256000
1695677195542 0.0040714001755532084 260000
1695677276884 0.00493374298857816 264000
1695677358263 0.004136764206335405 268000
1695677440101 0.006160034514899356 272000
1695677527238 0.002842771732525762 276000
