1695672599899 0.08736133575439453 16000
1695672672177 0.0911325216293335 20000
1695672745122 0.09077106203351702 24000
1695672809512 0.08644149416968935 28000
1695672873862 0.08478512366612752 32000
1695672940545 0.0839198077166522 36000
1695673005084 0.0819183886051178 40000
1695673074114 0.08157737114850212 44000
1695673141058 0.0833272933959961 48000
1695673218350 0.08334337278854015 52000
1695673294600 0.08309781551361084 56000
1695673372328 0.08302380641301473 60000
1695673449543 0.08667842397150004 64000
1695673533426 0.0868866660378196 68000
1695673613650 0.08724237743176912 72000
1695673696428 0.0884854793548584 76000
1695673782438 0.08941057956579959 80000
1695673860926 0.0893352636650427 84000
1695673945880 0.09084244569142659 88000
1695674026212 0.09091308242396305 92000
1695674106663 0.09177235456613395 96000
1695674188407 0.0917081373283662 100000
1695674272794 0.09378574111244896 104000
1695674360416 0.09400015291960342 108000
1695674442792 0.09477600759389448 112000
1695674524731 0.09488248825073242 116000
1695674604653 0.09566950798034668 120000
1695674686181 0.09629976749420166 124000
1695674760852 0.09639143943786621 128000
1695674835734 0.09717845916748047 132000
1695674905848 0.0980839729309082 136000
1695674983774 0.09877979755401611 140000
1695675057311 0.09957361221313477 144000
1695675130644 0.09900784492492676 148000
1695675200948 0.09624958038330078 152000
1695675272546 0.09029650688171387 156000
1695675343468 0.0874403715133667 160000
1695675413948 0.08857905864715576 164000
1695675488727 0.08869349956512451 168000
1695675564875 0.09690213203430176 172000
1695675636422 0.09391701221466064 176000
1695675707552 0.08985233306884766 180000
1695675779388 0.08727476137493728 184000
1695675846264 0.0836890060584862 188000
1695675912891 0.08127394475434956 192000
1695675979002 0.10907314889441987 196000
1695676044655 0.0778798262278239 200000
1695676110881 0.08120736317654534 204000
1695676191479 0.10424128428161868 208000
1695676270153 0.09812281536961732 212000
1695676339754 0.08520338986371015 216000
1695676408421 0.08468029599536882 220000
1695676480461 0.09181723875157974 224000
1695676554939 0.09167433803916997 228000
1695676625388 0.08853696533853973 232000
1695676703866 0.09613067807046129 236000
1695676788097 0.10794693393929923 240000
1695676877856 0.10415248656540774 244000
1695676966933 0.10540516990603822 248000
1695677042574 0.09675438242747371 252000
1695677114760 0.08610559507014634 256000
1695677195363 0.09338264791374533 260000
1695677276699 0.102411223272992 264000
1695677358091 0.1017234814216901 268000
1695677439905 0.1027777037268019 272000
1695677527074 0.10392256502835255 276000
