1695672393971 0.0 4000
1695672462667 0.0 8000
1695672529178 0.0 12000
1695672600055 0.0 16000
1695672672330 0.0 20000
1695672745262 0.0 24000
1695672809647 0.0 28000
1695672873994 0.0 32000
1695672940681 0.0 36000
1695673005214 0.0 40000
1695673074251 0.0 44000
1695673141192 0.0 48000
1695673218488 0.0 52000
1695673294773 0.0 56000
1695673372489 0.0 60000
1695673449713 0.0 64000
1695673533619 0.0 68000
1695673613807 0.0 72000
1695673696599 0.0 76000
1695673782612 0.0 80000
1695673861101 0.0 84000
1695673946046 0.0 88000
1695674026387 0.0 92000
1695674106838 0.0 96000
1695674188581 0.0 100000
1695674272988 0.0 104000
1695674360590 0.0 108000
1695674443012 0.0 112000
1695674524905 0.0 116000
1695674604827 0.0 120000
1695674686359 0.0 124000
1695674761050 0.0 128000
1695674835895 0.0 132000
1695674906015 0.0 136000
1695674983924 0.0 140000
1695675057458 0.0 144000
1695675130817 0.0 148000
1695675201098 0.0 152000
1695675272686 0.0 156000
1695675343617 0.0 160000
1695675414082 0.0 164000
1695675488944 0.0 168000
1695675565021 0.0 172000
1695675636574 0.0 176000
1695675707695 0.0 180000
1695675779539 0.0 184000
1695675846397 0.0 188000
1695675913024 0.0 192000
1695675979148 0.0 196000
1695676044792 0.0 200000
1695676111020 0.0 204000
1695676191638 0.0 208000
1695676270296 0.0 212000
1695676339899 0.0 216000
1695676408562 0.0 220000
1695676480605 0.0 224000
1695676555100 0.0 228000
1695676625533 0.0 232000
1695676704023 0.0 236000
1695676788256 0.0 240000
1695676878056 0.0 244000
1695676967157 0.0 248000
1695677042722 0.0 252000
1695677114909 0.0 256000
1695677195528 0.0 260000
1695677276864 0.0 264000
1695677358249 0.0 268000
1695677440081 0.0 272000
1695677527225 0.0 276000
