1695672393973 0.20000000000000004 4000
1695672462669 0.20000000000000004 8000
1695672529179 0.20000000000000004 12000
1695672600057 0.20000000000000004 16000
1695672672331 0.20000000000000004 20000
1695672745263 0.20000000000000004 24000
1695672809649 0.20000000000000004 28000
1695672873995 0.20000000000000004 32000
1695672940682 0.20000000000000004 36000
1695673005216 0.20000000000000004 40000
1695673074253 0.20000000000000004 44000
1695673141194 0.20000000000000004 48000
1695673218489 0.20000000000000004 52000
1695673294775 0.20000000000000004 56000
1695673372491 0.20000000000000004 60000
1695673449715 0.20000000000000004 64000
1695673533621 0.20000000000000004 68000
1695673613809 0.20000000000000004 72000
1695673696601 0.20000000000000004 76000
1695673782613 0.20000000000000004 80000
1695673861102 0.20000000000000004 84000
1695673946048 0.20000000000000004 88000
1695674026389 0.20000000000000004 92000
1695674106840 0.20000000000000004 96000
1695674188582 0.29999999999999993 100000
1695674272990 0.29999999999999993 104000
1695674360592 0.29999999999999993 108000
1695674443014 0.29999999999999993 112000
1695674524906 0.29999999999999993 116000
1695674604830 0.29999999999999993 120000
1695674686361 0.29999999999999993 124000
1695674761052 0.29999999999999993 128000
1695674835897 0.29999999999999993 132000
1695674906016 0.29999999999999993 136000
1695674983926 0.29999999999999993 140000
1695675057459 0.29999999999999993 144000
1695675130818 0.29999999999999993 148000
1695675201099 0.29999999999999993 152000
1695675272687 0.29999999999999993 156000
1695675343619 0.29999999999999993 160000
1695675414083 0.29999999999999993 164000
1695675488946 0.29999999999999993 168000
1695675565023 0.29999999999999993 172000
1695675636575 0.29999999999999993 176000
1695675707697 0.29999999999999993 180000
1695675779540 0.29999999999999993 184000
1695675846399 0.29999999999999993 188000
1695675913026 0.29999999999999993 192000
1695675979149 0.29999999999999993 196000
1695676044793 0.29999999999999993 200000
1695676111021 0.29999999999999993 204000
1695676191640 0.29999999999999993 208000
1695676270297 0.14999999999999997 212000
1695676339900 0.07499999999999998 216000
1695676408564 0.03749999999999999 220000
1695676480607 0.018749999999999996 224000
1695676555101 0.018749999999999996 228000
1695676625535 0.028125000000000008 232000
1695676704025 0.04218750000000001 236000
1695676788258 0.04218750000000001 240000
1695676878059 0.021093750000000005 244000
1695676967159 0.010546875000000002 248000
1695677042723 0.010546875000000002 252000
1695677114911 0.005273437500000001 256000
1695677195529 0.005273437500000001 260000
1695677276866 0.007910156249999998 264000
1695677358250 0.007910156249999998 268000
1695677440083 0.007910156249999998 272000
1695677527226 0.003955078124999999 276000
