1695672393974 5.0000000000000016e-05 4000
1695672462669 5.0000000000000016e-05 8000
1695672529180 5.0000000000000016e-05 12000
1695672600058 5.0000000000000016e-05 16000
1695672672332 5.0000000000000016e-05 20000
1695672745264 5.0000000000000016e-05 24000
1695672809649 5.0000000000000016e-05 28000
1695672873996 5.0000000000000016e-05 32000
1695672940683 5.0000000000000016e-05 36000
1695673005216 5.0000000000000016e-05 40000
1695673074253 5.0000000000000016e-05 44000
1695673141194 5.0000000000000016e-05 48000
1695673218490 5.0000000000000016e-05 52000
1695673294776 5.0000000000000016e-05 56000
1695673372492 5.0000000000000016e-05 60000
1695673449716 5.0000000000000016e-05 64000
1695673533622 5.0000000000000016e-05 68000
1695673613810 5.0000000000000016e-05 72000
1695673696602 5.0000000000000016e-05 76000
1695673782614 5.0000000000000016e-05 80000
1695673861103 5.0000000000000016e-05 84000
1695673946049 5.0000000000000016e-05 88000
1695674026390 5.0000000000000016e-05 92000
1695674106841 5.0000000000000016e-05 96000
1695674188583 5.0000000000000016e-05 100000
1695674272991 5.0000000000000016e-05 104000
1695674360593 5.0000000000000016e-05 108000
1695674443015 5.0000000000000016e-05 112000
1695674524907 5.0000000000000016e-05 116000
1695674604831 5.0000000000000016e-05 120000
1695674686362 5.0000000000000016e-05 124000
1695674761053 5.0000000000000016e-05 128000
1695674835897 5.0000000000000016e-05 132000
1695674906017 5.0000000000000016e-05 136000
1695674983926 5.0000000000000016e-05 140000
1695675057460 5.0000000000000016e-05 144000
1695675130819 5.0000000000000016e-05 148000
1695675201100 5.0000000000000016e-05 152000
1695675272688 5.0000000000000016e-05 156000
1695675343619 5.0000000000000016e-05 160000
1695675414084 5.0000000000000016e-05 164000
1695675488947 5.0000000000000016e-05 168000
1695675565024 5.0000000000000016e-05 172000
1695675636576 5.0000000000000016e-05 176000
1695675707697 5.0000000000000016e-05 180000
1695675779541 5.0000000000000016e-05 184000
1695675846399 5.0000000000000016e-05 188000
1695675913027 5.0000000000000016e-05 192000
1695675979150 5.0000000000000016e-05 196000
1695676044794 5.0000000000000016e-05 200000
1695676111022 5.0000000000000016e-05 204000
1695676191641 5.0000000000000016e-05 208000
1695676270298 5.0000000000000016e-05 212000
1695676339901 5.0000000000000016e-05 216000
1695676408564 5.0000000000000016e-05 220000
1695676480607 5.0000000000000016e-05 224000
1695676555102 5.0000000000000016e-05 228000
1695676625535 5.0000000000000016e-05 232000
1695676704025 5.0000000000000016e-05 236000
1695676788259 5.0000000000000016e-05 240000
1695676878060 5.0000000000000016e-05 244000
1695676967160 5.0000000000000016e-05 248000
1695677042724 5.0000000000000016e-05 252000
1695677114912 5.0000000000000016e-05 256000
1695677195530 5.0000000000000016e-05 260000
1695677276867 5.0000000000000016e-05 264000
1695677358251 5.0000000000000016e-05 268000
1695677440084 5.0000000000000016e-05 272000
1695677527227 5.0000000000000016e-05 276000
