1695672393979 0.0010000000000000005 4000
1695672462674 0.0010000000000000005 8000
1695672529185 0.0010000000000000005 12000
1695672600063 0.0010000000000000005 16000
1695672672337 0.0010000000000000005 20000
1695672745268 0.0010000000000000005 24000
1695672809654 0.0010000000000000005 28000
1695672874000 0.0010000000000000005 32000
1695672940687 0.0010000000000000005 36000
1695673005221 0.0010000000000000005 40000
1695673074258 0.0010000000000000005 44000
1695673141199 0.0010000000000000005 48000
1695673218494 0.0010000000000000005 52000
1695673294782 0.0010000000000000005 56000
1695673372498 0.0010000000000000005 60000
1695673449722 0.0010000000000000005 64000
1695673533629 0.0010000000000000005 68000
1695673613815 0.0010000000000000005 72000
1695673696608 0.0010000000000000005 76000
1695673782620 0.0010000000000000005 80000
1695673861109 0.0010000000000000005 84000
1695673946055 0.0010000000000000005 88000
1695674026396 0.0010000000000000005 92000
1695674106847 0.0010000000000000005 96000
1695674188589 0.0010000000000000005 100000
1695674272997 0.0010000000000000005 104000
1695674360599 0.0010000000000000005 108000
1695674443024 0.0010000000000000005 112000
1695674524913 0.0010000000000000005 116000
1695674604841 0.0010000000000000005 120000
1695674686368 0.0010000000000000005 124000
1695674761059 0.0010000000000000005 128000
1695674835903 0.0010000000000000005 132000
1695674906022 0.0010000000000000005 136000
1695674983932 0.0010000000000000005 140000
1695675057465 0.0010000000000000005 144000
1695675130825 0.0010000000000000005 148000
1695675201105 0.0010000000000000005 152000
1695675272692 0.0010000000000000005 156000
1695675343624 0.0010000000000000005 160000
1695675414089 0.0010000000000000005 164000
1695675488955 0.0010000000000000005 168000
1695675565029 0.0010000000000000005 172000
1695675636583 0.0010000000000000005 176000
1695675707702 0.0010000000000000005 180000
1695675779546 0.0010000000000000005 184000
1695675846405 0.0010000000000000005 188000
1695675913031 0.0010000000000000005 192000
1695675979155 0.0010000000000000005 196000
1695676044799 0.0010000000000000005 200000
1695676111027 0.0010000000000000005 204000
1695676191646 0.0010000000000000005 208000
1695676270304 0.0010000000000000005 212000
1695676339906 0.0010000000000000005 216000
1695676408569 0.0010000000000000005 220000
1695676480612 0.0010000000000000005 224000
1695676555107 0.0010000000000000005 228000
1695676625540 0.0010000000000000005 232000
1695676704031 0.0010000000000000005 236000
1695676788264 0.0010000000000000005 240000
1695676878072 0.0010000000000000005 244000
1695676967169 0.0010000000000000005 248000
1695677042729 0.0010000000000000005 252000
1695677114917 0.0010000000000000005 256000
1695677195536 0.0010000000000000005 260000
1695677276877 0.0010000000000000005 264000
1695677358257 0.0010000000000000005 268000
1695677440090 0.0010000000000000005 272000
1695677527233 0.0010000000000000005 276000
