1695672393978 1.9360406673202912 4000
1695672462673 1.912957581008474 8000
1695672529185 1.8895934630185365 12000
1695672600062 1.8660384338349103 16000
1695672672336 1.8479276111970344 20000
1695672745268 1.8089617570241292 24000
1695672809653 1.775540965050459 28000
1695672874000 1.7461230777204038 32000
1695672940687 1.7031788932780425 36000
1695673005221 1.6581836002568404 40000
1695673074257 1.6217227272689343 44000
1695673141198 1.6058457071582477 48000
1695673218494 1.6008471225698788 52000
1695673294781 1.6280016469458738 56000
1695673372497 1.5680651649832726 60000
1695673449721 1.509038769081235 64000
1695673533628 1.4913348497202 68000
1695673613815 1.495208401605487 72000
1695673696607 1.4080928144355616 76000
1695673782619 1.3981124897797903 80000
1695673861108 1.4706775373468797 84000
1695673946054 1.4690576615432898 88000
1695674026395 1.4446786367644866 92000
1695674106846 1.5012688241899013 96000
1695674188588 1.5135611393799384 100000
1695674272996 1.4587592265258233 104000
1695674360598 1.4687094370524088 108000
1695674443021 1.4060034686078628 112000
1695674524912 1.4187144301831722 116000
1695674604840 1.43246589936316 120000
1695674686367 1.4215926894297202 124000
1695674761058 1.2803841670354208 128000
1695674835902 1.1460383813207349 132000
1695674906022 1.1164340998977422 136000
1695674983931 1.2371670107046764 140000
1695675057464 1.1915449849019448 144000
1695675130825 1.0319843600814542 148000
1695675201104 1.0090978544826308 152000
1695675272692 1.0713890764241418 156000
1695675343624 1.0630144477511445 160000
1695675414088 1.090028027134637 164000
1695675488954 1.0505542682483793 168000
1695675565028 1.0819210959598422 172000
1695675636581 0.999536789332827 176000
1695675707701 0.8998844478279352 180000
1695675779545 0.8254073098301887 184000
1695675846404 0.6475199228152633 188000
1695675913031 0.480256606079638 192000
1695675979154 0.3788357261568308 196000
1695676044798 0.29619992058724165 200000
1695676111026 0.22911362131126226 204000
1695676191645 0.19583916805374127 208000
1695676270303 0.1441565656879296 212000
1695676339905 0.09974406147763754 216000
1695676408569 0.07800484692755466 220000
1695676480612 0.11707803040820484 224000
1695676555107 0.15005696127191187 228000
1695676625539 0.2801945085559661 232000
1695676704030 0.1798013262450695 236000
1695676788263 0.07353631655763214 240000
1695676878070 0.06404068802755015 244000
1695676967168 0.05517240902797008 248000
1695677042728 0.044798271168838256 252000
1695677114916 0.07887997826328501 256000
1695677195535 0.19814988307965298 260000
1695677276875 0.16555246711553384 264000
1695677358256 0.16502968216470132 268000
1695677440089 0.09198529142304324 272000
1695677527232 0.05552330469363369 276000
