1695672393972 0.6291017784737051 4000
1695672462668 0.7549233651099105 8000
1695672529179 0.8595369728592535 12000
1695672600056 0.9682484511906903 16000
1695672672330 1.0060779688569406 20000
1695672745262 1.0585488942141335 24000
1695672809648 1.1792418635139863 28000
1695672873995 1.1997765302968522 32000
1695672940682 1.2244168321912487 36000
1695673005215 1.2986065922304988 40000
1695673074252 1.3457667785386245 44000
1695673141193 1.3087994455670318 48000
1695673218488 1.2471220523739854 52000
1695673294774 1.1571930704948803 56000
1695673372490 1.345542060273389 60000
1695673449714 1.3569517320021987 64000
1695673533620 1.4131377515693506 68000
1695673613808 1.3456930129167934 72000
1695673696600 1.247287857128928 76000
1695673782612 1.3858466466267905 80000
1695673861101 1.298457084906598 84000
1695673946047 1.3804899976588785 88000
1695674026388 1.3057470556038122 92000
1695674106839 1.5057782024145125 96000
1695674188582 1.5680258063599468 100000
1695674272989 1.3704016224170725 104000
1695674360591 1.5767330722262463 108000
1695674443013 1.4601972377548615 112000
1695674524905 1.313941119549175 116000
1695674604828 1.2936621229474743 120000
1695674686360 1.3219849183534582 124000
1695674761051 1.1859992713667453 128000
1695674835896 1.3218508326138059 132000
1695674906015 1.3988899398595094 136000
1695674983925 1.4822361286108692 140000
1695675057458 1.5420297566180428 144000
1695675130818 1.532504702731967 148000
1695675201098 1.6798199600850543 152000
1695675272686 1.5124492283289632 156000
1695675343618 1.6057357823476195 160000
1695675414083 1.583986103348434 164000
1695675488945 1.4970555622130632 168000
1695675565022 1.5723907585566244 172000
1695675636575 1.4113006051629782 176000
1695675707696 1.5655595639099678 180000
1695675779540 1.3668075500677028 184000
1695675846398 1.5169999030729135 188000
1695675913025 1.3516524257604032 192000
1695675979149 1.0226929956426223 196000
1695676044793 0.6473583888417731 200000
1695676111021 0.7339138167289396 204000
1695676191639 0.713976812727439 208000
1695676270297 0.774635402020067 212000
1695676339899 0.4872312084150811 216000
1695676408563 0.19571177142400606 220000
1695676480606 1.3164782279229257 224000
1695676555101 2.3111692511010915 228000
1695676625534 2.0202358783377954 232000
1695676704024 1.3667501529756312 236000
1695676788257 0.5593016158052099 240000
1695676878057 0.12477557555442521 244000
1695676967158 0.6658051134242365 248000
1695677042722 0.10096091515248796 252000
1695677114910 0.30276878815784586 256000
1695677195529 0.7550661394915854 260000
1695677276864 0.9033944176587586 264000
1695677358250 1.4798683169453095 268000
1695677440082 0.8695897636401545 272000
1695677527226 0.319719232483961 276000
