1695672393978 0.009895873519799928 4000
1695672462673 0.012026589246682798 8000
1695672529184 0.012285355617231394 12000
1695672600061 0.013183541768656682 16000
1695672672335 0.014425855550255514 20000
1695672745267 0.013336652563863731 24000
1695672809652 0.013438434122564872 28000
1695672873999 0.010083329530684245 32000
1695672940686 0.011611922686036754 36000
1695673005220 0.008552890204717905 40000
1695673074256 0.012077862745940459 44000
1695673141197 0.009897132913178303 48000
1695673218493 0.008586476375982493 52000
1695673294780 0.015123650635935992 56000
1695673372496 0.010435758429292015 60000
1695673449721 0.011553704176471056 64000
1695673533627 0.012787453827820625 68000
1695673613814 0.00940962553911715 72000
1695673696606 0.008556745671288415 76000
1695673782618 0.010989135954599242 80000
1695673861107 0.011318906184711208 84000
1695673946053 0.010509187939321752 88000
1695674026394 0.010310463070993592 92000
1695674106845 0.02052836454040547 96000
1695674188587 0.008926207917157019 100000
1695674272996 0.013325948140708189 104000
1695674360597 0.00786864258929332 108000
1695674443020 0.00690014831775357 112000
1695674524911 0.009399534834151761 116000
1695674604839 0.00838425309988183 120000
1695674686366 0.007638568094241123 124000
1695674761057 0.008557409575194205 128000
1695674835901 0.007620097012255598 132000
1695674906021 0.008467320186671172 136000
1695674983930 0.008950364910769408 140000
1695675057463 0.013706748957996787 144000
1695675130824 0.007690269620707113 148000
1695675201104 0.009975109228456671 152000
1695675272691 0.01321813113690619 156000
1695675343623 0.010921463373841268 160000
1695675414088 0.015331446599486754 164000
1695675488953 0.00917259862497165 168000
1695675565027 0.009356501658097035 172000
1695675636580 0.010017610921000288 176000
1695675707701 0.00968840170745967 180000
1695675779545 0.014563117055553323 184000
1695675846403 0.012228253939523863 188000
1695675913030 0.008800049879055886 192000
1695675979154 0.005248000327302298 196000
1695676044797 0.005779167287997028 200000
1695676111025 0.006185021483438134 204000
1695676191644 0.004026585247559102 208000
1695676270302 0.004845380331261415 212000
1695676339904 0.0038594024244652633 216000
1695676408568 0.0013634521169182646 220000
1695676480611 0.005994859200979559 224000
1695676555106 0.02270146081845835 228000
1695676625539 0.02512798329633307 232000
1695676704029 0.007629861294932745 236000
1695676788263 0.001617063831737639 240000
1695676878069 0.0038439078086888734 244000
1695676967167 0.006203454255209258 248000
1695677042728 0.0006922195011847002 252000
1695677114915 0.008255796261772903 256000
1695677195534 0.054281731212939346 260000
1695677276874 0.014524023273299018 264000
1695677358255 0.012554722932063575 268000
1695677440088 0.002886823319235887 272000
1695677527231 0.0018135130622392618 276000
