1695672393975 -0.013537427845585625 4000
1695672462671 -0.013555394307574412 8000
1695672529182 -0.01763128401216818 12000
1695672600059 -0.020878578751095726 16000
1695672672333 -0.019788867634633788 20000
1695672745265 -0.02117686510658435 24000
1695672809650 -0.02082863181033948 28000
1695672873997 -0.015826683458969152 32000
1695672940684 -0.017756043332337868 36000
1695673005218 -0.016398244253105078 40000
1695673074255 -0.018360746470474018 44000
1695673141196 -0.018248970880085834 48000
1695673218491 -0.01777631746638993 52000
1695673294778 -0.01896708169442718 56000
1695673372494 -0.01697145079233451 60000
1695673449718 -0.013985424271474282 64000
1695673533624 -0.02150455379141931 68000
1695673613811 -0.017739706538729177 72000
1695673696604 -0.012858643854997354 76000
1695673782616 -0.01988165869115619 80000
1695673861105 -0.013582304066949292 84000
1695673946050 -0.017493815863660226 88000
1695674026392 -0.01564253312899382 92000
1695674106842 -0.026619653789384756 96000
1695674188585 -0.014731833021263204 100000
1695674272993 -0.021585692976562616 104000
1695674360595 -0.016633190374462477 108000
1695674443017 -0.018089289339938357 112000
1695674524909 -0.01895135863451287 116000
1695674604834 -0.020238868131370207 120000
1695674686364 -0.01673579840401847 124000
1695674761055 -0.018051380574858437 128000
1695674835899 -0.01779054212505192 132000
1695674906019 -0.021252773391946297 136000
1695674983928 -0.022097724533765965 140000
1695675057461 -0.026263766088231933 144000
1695675130821 -0.016735656768044768 148000
1695675201101 -0.021741919707953153 152000
1695675272689 -0.023005619538889733 156000
1695675343621 -0.020074645415055176 160000
1695675414086 -0.02988059932589143 164000
1695675488949 -0.021417422380424492 168000
1695675565025 -0.024206150291138328 172000
1695675636578 -0.020424507613885604 176000
1695675707699 -0.019867866261241336 180000
1695675779542 -0.026562930544362946 184000
1695675846401 -0.026984427367521373 188000
1695675913028 -0.019992447800420147 192000
1695675979151 -0.013680704091287528 196000
1695676044795 -0.011363484483930127 200000
1695676111023 -0.013065850412628303 204000
1695676191642 -0.013467070787737612 208000
1695676270300 -0.010011871850777728 212000
1695676339902 -0.00816792259841653 216000
1695676408566 -0.001347965933988841 220000
1695676480609 -0.008290215379868944 224000
1695676555104 -0.030550627823686227 228000
1695676625537 -0.029096078885777386 232000
1695676704027 -0.023317767235372835 236000
1695676788260 -0.005556112293925252 240000
1695676878064 -0.002510522807521435 244000
1695676967162 -0.0037536176654005735 248000
1695677042726 -0.002282176027316988 252000
1695677114913 -0.013867591288969076 256000
1695677195532 -0.06989230477580956 260000
1695677276869 -0.020600956152338767 264000
1695677358253 -0.022424296921963106 268000
1695677440086 -0.010972478334709497 272000
1695677527229 -0.003984486147237476 276000
