1695672393974 0.0012129412229114679 4000
1695672462670 -0.00846454549664486 8000
1695672529181 -0.014836925759421622 12000
1695672600058 -0.014552737010611357 16000
1695672672332 -0.013858113127207616 20000
1695672745264 -0.012249172608365673 24000
1695672809650 -0.006512581766704291 28000
1695672873997 -0.011256098586197064 32000
1695672940683 -0.01124058888174962 36000
1695673005217 -0.009397597352532708 40000
1695673074254 -0.016866901227209987 44000
1695673141195 -0.014994727246206214 48000
1695673218490 -0.015577052215424677 52000
1695673294777 -0.014573919146035527 56000
1695673372493 -0.014406948991017998 60000
1695673449717 -0.009082715662043484 64000
1695673533623 -0.015773247241061956 68000
1695673613811 -0.015248927085849573 72000
1695673696603 -0.010394833792937182 76000
1695673782615 -0.014833560012508922 80000
1695673861104 -0.00975361889195483 84000
1695673946050 -0.015743675733028796 88000
1695674026391 -0.012982181672881173 92000
1695674106842 -0.022480541009645093 96000
1695674188584 -0.012023812679096106 100000
1695674272992 -0.01599285434980023 104000
1695674360594 -0.012460113620424334 108000
1695674443016 -0.01378237042784652 112000
1695674524908 -0.013819585270054328 116000
1695674604833 -0.01798169593833639 120000
1695674686363 -0.011931083387389662 124000
1695674761054 -0.01589129550029611 128000
1695674835898 -0.012461815859205671 132000
1695674906018 -0.013419499802148493 136000
1695674983927 -0.01535181817719907 140000
1695675057461 -0.021032633740348198 144000
1695675130820 -0.01122331281494553 148000
1695675201101 -0.011466548365691172 152000
1695675272688 -0.007375766334613824 156000
1695675343620 -0.009741848012830208 160000
1695675414085 -0.01656200129521797 164000
1695675488948 -0.013754811131123763 168000
1695675565024 -0.015199979337194237 172000
1695675636577 -0.014257114774591174 176000
1695675707698 -0.008871832180739147 180000
1695675779542 -0.018222139432812885 184000
1695675846400 -0.02074999184102732 188000
1695675913027 -0.015667899121278122 192000
1695675979151 -0.011350129296079103 196000
1695676044795 -0.009371270829615242 200000
1695676111023 -0.010976671027310658 204000
1695676191641 -0.012160485504743216 208000
1695676270299 -0.009367052109337238 212000
1695676339901 -0.007944185323625182 216000
1695676408565 -0.001162645264442593 220000
1695676480608 -0.007454220238923881 224000
1695676555103 -0.02965332001740535 228000
1695676625536 -0.028204688209189043 232000
1695676704026 -0.02222352810543574 236000
1695676788260 -0.0053430396033907835 240000
1695676878062 -0.0019027565506500347 244000
1695676967161 -0.0037140867086804972 248000
1695677042725 -0.0021019001131814246 252000
1695677114912 -0.013227523383405545 256000
1695677195531 -0.06884559767971345 260000
1695677276868 -0.020010629076402133 264000
1695677358252 -0.022108846333761298 268000
1695677440085 -0.010514325145859022 272000
1695677527228 -0.004004803563759651 276000
