1695672393977 0.012015808746218682 4000
1695672462672 -0.0018114660556117694 8000
1695672529183 0.1343158794566989 12000
1695672600060 0.45942401929448046 16000
1695672672335 0.4709041263908148 20000
1695672745266 0.37297755349427464 24000
1695672809652 0.49191529614229995 28000
1695672873998 0.20830026461432377 32000
1695672940685 0.5121456515664856 36000
1695673005219 0.4151159233103196 40000
1695673074256 0.6361249545589089 44000
1695673141197 0.71345912044247 48000
1695673218492 0.7559807975466053 52000
1695673294779 0.47522214061270157 56000
1695673372495 0.5551675405353308 60000
1695673449720 0.5060569791744153 64000
1695673533626 0.37067724851270517 68000
1695673613813 0.6556613041087985 72000
1695673696605 0.8023949443673094 76000
1695673782617 0.5191362911214431 80000
1695673861107 0.36159841691454253 84000
1695673946052 0.6021287435665726 88000
1695674026393 0.8344958951075871 92000
1695674106844 0.792084252461791 96000
1695674188586 0.6597309899826844 100000
1695674272995 0.49295891312261425 104000
1695674360596 0.6858727174500624 108000
1695674443019 0.782732349447906 112000
1695674524910 0.7397467455516259 116000
1695674604837 0.7722314366449913 120000
1695674686365 0.5795603182787696 124000
1695674761056 0.3265909573063254 128000
1695674835901 0.7440746298680703 132000
1695674906020 0.7365392546479901 136000
1695674983929 0.7609252479548255 140000
1695675057463 0.759022489314278 144000
1695675130823 0.7858709376926224 148000
1695675201103 0.7500296484678983 152000
1695675272690 0.7807603357980649 156000
1695675343622 0.8655622765421868 160000
1695675414087 0.8342882645626862 164000
1695675488951 0.8905391647169988 168000
1695675565027 0.9040941921373208 172000
1695675636579 0.9583814779296518 176000
1695675707700 0.9175405421604713 180000
1695675779544 0.9589408842846752 184000
1695675846402 0.9682492477198442 188000
1695675913029 0.9512904567023118 192000
1695675979153 0.9483686754480004 196000
1695676044797 0.9756569815178712 200000
1695676111025 0.9793022115404407 204000
1695676191644 0.9864873439073563 208000
1695676270301 0.9971580234666665 212000
1695676339903 0.9984791106854876 216000
1695676408567 0.9911206920320789 220000
1695676480610 0.9696197103088101 224000
1695676555105 0.9878202854966124 228000
1695676625538 0.9946339083835483 232000
1695676704028 0.9854772315671047 236000
1695676788262 0.9930851946895322 240000
1695676878067 0.976163704196612 244000
1695676967165 0.9986875584969918 248000
1695677042727 0.9909894265855352 252000
1695677114915 0.972507085216542 256000
1695677195533 0.9827056556319197 260000
1695677276872 0.9896002111335596 264000
1695677358255 0.9946972658236821 268000
1695677440087 0.9813975512360533 272000
1695677527230 0.998739899136126 276000
