1695672393976 0.02941447013290599 4000
1695672462671 0.009196977945248364 8000
1695672529183 0.004453761837188115 12000
1695672600060 0.011110343996551818 16000
1695672672334 0.009787020570608243 20000
1695672745266 0.016138647738989674 24000
1695672809651 0.026807808654848487 28000
1695672873998 0.008600083886267384 32000
1695672940685 0.011792498228896876 36000
1695673005218 0.013896504362734655 40000
1695673074255 0.00139999163087244 44000
1695673141196 0.005761325592781456 48000
1695673218492 0.004165633937009261 52000
1695673294778 0.00599286755235274 56000
1695673372494 0.004090832046980116 60000
1695673449719 0.008202012711505328 64000
1695673533625 0.009330299489374739 68000
1695673613812 0.004208125103953838 72000
1695673696604 0.004321107255176078 76000
1695673782617 0.008496769535243705 80000
1695673861106 0.0060711630219278355 84000
1695673946051 0.0022347206539961918 88000
1695674026392 0.00408587470628845 92000
1695674106843 0.0030694175760800136 96000
1695674188586 0.0030874374286819755 100000
1695674272994 0.006107624789365218 104000
1695674360596 0.006562387063968345 108000
1695674443018 0.007285755066550337 112000
1695674524910 0.007461253424116876 116000
1695674604836 0.00234872577960535 120000
1695674686364 0.007869475029292517 124000
1695674761055 0.0017464924742853327 128000
1695674835900 0.008377470812774845 132000
1695674906019 0.012819024992495542 136000
1695674983929 0.010595926944127617 140000
1695675057462 0.004621305733599002 144000
1695675130822 0.00847449471972747 148000
1695675201102 0.016583873048754565 152000
1695675272690 0.02547160604444798 156000
1695675343621 0.016238745280134026 160000
1695675414086 0.019618383283765677 164000
1695675488950 0.01192277314015276 168000
1695675565026 0.014562283504831915 172000
1695675636578 0.008323293122036073 176000
1695675707699 0.017978796928946394 180000
1695675779543 0.009594525569021546 184000
1695675846402 0.006426957539588329 188000
1695675913029 0.004329581803904148 192000
1695675979152 0.002270021616125935 196000
1695676044796 0.0011093260037190096 200000
1695676111024 0.0009255728607968194 204000
1695676191643 0.000588897602195478 208000
1695676270300 0.0001243386896097339 212000
1695676339903 6.80526395456127e-05 216000
1695676408567 0.0004243930560600499 220000
1695676480610 0.0016813388278668147 224000
1695676555104 0.001243424417263365 228000
1695676625537 0.0009297219169070558 232000
1695676704028 0.001904312219661127 236000
1695676788261 0.0004367776288593935 240000
1695676878065 0.0011814478674655978 244000
1695676967164 5.855284690762611e-05 248000
1695677042726 0.0004355466007429717 252000
1695677114914 0.001350823466235814 256000
1695677195533 0.0019172109988100298 260000
1695677276871 0.0012819828390396046 264000
1695677358254 0.0007623392801444121 268000
1695677440086 0.0010546071395424405 272000
1695677527229 5.606897517414685e-05 276000
