1695731492047 2.0 244000
1695731555421 2.0 248000
1695731627048 2.0 252000
1695731694061 2.0 256000
1695731770510 2.0 260000
1695731847955 2.0 264000
1695731929390 2.0 268000
1695732007624 2.0 272000
1695732085719 2.0 276000
1695732161666 2.0 280000
1695732229901 2.0 284000
1695732296334 2.0 288000
1695732365448 2.0 292000
1695732431781 2.0 296000
1695732499357 2.0 300000
1695732565256 2.0 304000
1695732635529 2.0 308000
1695732703143 2.0 312000
1695732772459 2.0 316000
1695732841644 2.0 320000
1695732910302 2.0 324000
1695732988777 2.0 328000
1695733057838 2.0 332000
1695733127280 2.0 336000
1695733197276 2.0 340000
1695733266992 2.0 344000
1695733337827 2.0 348000
1695733406330 2.0 352000
1695733475172 2.0 356000
1695733547242 2.0 360000
1695733617802 2.0 364000
1695733686299 2.0 368000
1695733756274 2.0 372000
1695733824504 2.0 376000
1695733895017 2.0 380000
1695733964339 2.0 384000
1695734035358 2.0 388000
1695734104322 2.0 392000
1695734175751 2.0 396000
1695734244799 2.0 400000
1695734315824 2.0 404000
1695734384738 2.0 408000
1695734453510 2.0 412000
1695734520800 2.0 416000
1695734588507 2.0 420000
1695734658460 2.0 424000
1695734728125 2.0 428000
1695734797008 2.0 432000
1695734870389 2.0 436000
1695734945893 2.0 440000
1695735017214 2.0 444000
1695735086493 2.0 448000
1695735161816 2.0 452000
1695735232057 2.0 456000
1695735306012 2.0 460000
1695735382280 2.0 464000
1695735453260 2.0 468000
1695735524476 2.0 472000
1695735599273 2.0 476000
1695735678779 2.0 480000
1695735759902 2.0 484000
1695735842466 2.0 488000
1695735925907 2.0 492000
1695736013575 2.0 496000
1695736097417 2.0 500000
1695736173733 2.0 504000
1695736249020 2.0 508000
1695736320715 2.0 512000
1695736388263 2.0 516000
1695736454400 2.0 520000
1695736520728 2.0 524000
1695736587160 2.0 528000
1695736651794 2.0 532000
1695736716224 2.0 536000
1695736779574 2.0 540000
1695736842292 2.0 544000
1695736905495 2.0 548000
1695736968553 2.0 552000
1695737032255 2.0 556000
1695737094164 2.0 560000
1695737158072 2.0 564000
1695737219745 2.0 568000
1695737282070 2.0 572000
1695737344739 2.0 576000
1695737412078 2.0 580000
1695737478351 2.0 584000
1695737542021 2.0 588000
1695737604460 2.0 592000
1695737666544 2.0 596000
1695737728753 2.0 600000
1695737791676 2.0 604000
1695737853632 2.0 608000
1695737916319 2.0 612000
1695737978698 2.0 616000
1695738041336 2.0 620000
1695738103597 2.0 624000
1695738167422 2.0 628000
1695738230097 2.0 632000
1695738292650 2.0 636000
1695738355143 2.0 640000
1695738417999 2.0 644000
1695738479955 2.0 648000
1695738542545 2.0 652000
1695738605977 2.0 656000
1695738668253 2.0 660000
1695738731803 2.0 664000
1695738794275 2.0 668000
1695738858619 2.0 672000
1695738921356 2.0 676000
1695738984581 2.0 680000
1695739046814 2.0 684000
1695739110188 2.0 688000
1695739172064 2.0 692000
1695739235592 2.0 696000
1695739297840 2.0 700000
1695739360654 2.0 704000
1695739423344 2.0 708000
1695739488127 2.0 712000
1695739550780 2.0 716000
1695739613416 2.0 720000
1695739676112 2.0 724000
1695739737900 2.0 728000
1695739800588 2.0 732000
1695739862823 2.0 736000
1695739925965 2.0 740000
1695739987811 2.0 744000
1695740051707 2.0 748000
1695740114526 2.0 752000
1695740177740 2.0 756000
1695740240213 2.0 760000
1695740302083 2.0 764000
1695740363670 2.0 768000
1695740426148 2.0 772000
1695740488984 2.0 776000
1695740550819 2.0 780000
1695740613521 2.0 784000
1695740676145 2.0 788000
1695740739902 2.0 792000
1695740801812 2.0 796000
1695740865070 2.0 800000
1695740927293 2.0 804000
1695740989523 2.0 808000
1695741052860 2.0 812000
1695741116505 2.0 816000
1695741179238 2.0 820000
1695741242154 2.0 824000
1695741305254 2.0 828000
1695741368577 2.0 832000
1695741432822 2.0 836000
1695741500858 2.0 840000
1695741566895 2.0 844000
1695741631847 2.0 848000
1695741707492 2.0 852000
1695741770306 2.0 856000
1695741834387 2.0 860000
1695741896391 2.0 864000
1695741958529 2.0 868000
1695742020777 2.0 872000
1695742083931 2.0 876000
1695742146594 2.0 880000
1695742211714 2.0 884000
1695742275954 2.0 888000
1695742341697 2.0 892000
1695742413736 2.0 896000
1695742482036 2.0 900000
1695742548340 2.0 904000
1695742610804 2.0 908000
1695742672915 2.0 912000
1695742735205 2.0 916000
1695742798513 2.0 920000
1695742861607 2.0 924000
1695742924201 2.0 928000
1695742986434 2.0 932000
1695743049736 2.0 936000
1695743112022 2.0 940000
1695743175992 2.0 944000
1695743237952 2.0 948000
1695743299860 2.0 952000
1695743362061 2.0 956000
1695743425354 2.0 960000
1695743487830 2.0 964000
1695743552215 2.0 968000
1695743614367 2.0 972000
1695743677552 2.0 976000
1695743740602 2.0 980000
1695743804878 2.0 984000
1695743867060 2.0 988000
1695743930171 2.0 992000
1695743991805 2.0 996000
1695744055141 2.0 1000000
