1695731491832 0.0 244000
1695731555205 0.0 248000
1695731626858 0.0 252000
1695731693850 0.0 256000
1695731770283 0.0 260000
1695731847707 0.0 264000
1695731929159 0.0 268000
1695732007392 0.0 272000
1695732085446 0.0 276000
1695732161478 0.0 280000
1695732229707 0.0 284000
1695732296134 0.0 288000
1695732365244 0.0 292000
1695732431595 0.0 296000
1695732499164 0.0 300000
1695732565047 0.0 304000
1695732635304 0.0 308000
1695732702929 0.0 312000
1695732772257 0.0 316000
1695732841448 0.0 320000
1695732910113 0.0 324000
1695732988574 0.0 328000
1695733057634 0.0 332000
1695733127093 0.0 336000
1695733197070 0.0 340000
1695733266782 0.0 344000
1695733337580 0.0 348000
1695733406136 0.0 352000
1695733474967 0.0 356000
1695733547027 0.0 360000
1695733617602 0.0 364000
1695733686087 0.0 368000
1695733756076 0.0 372000
1695733824315 0.0 376000
1695733894815 0.0 380000
1695733964147 0.0 384000
1695734035144 0.0 388000
1695734104126 0.0 392000
1695734175555 0.0 396000
1695734244600 0.0 400000
1695734315624 0.0 404000
1695734384531 0.0 408000
1695734453317 0.0 412000
1695734520606 0.0 416000
1695734588310 0.0 420000
1695734658258 0.0 424000
1695734727927 0.0 428000
1695734796819 0.0 432000
1695734870150 0.0 436000
1695734945685 0.0 440000
1695735016995 0.0 444000
1695735086294 0.0 448000
1695735161618 0.0 452000
1695735231858 0.0 456000
1695735305785 0.0 460000
1695735382036 0.0 464000
1695735453055 0.0 468000
1695735524287 0.0 472000
1695735599049 0.0 476000
1695735678554 0.0 480000
1695735759675 0.0 484000
1695735842239 0.0 488000
1695735925668 0.0 492000
1695736013343 0.0 496000
1695736097191 0.0 500000
1695736173518 0.0 504000
1695736248752 0.0 508000
1695736320480 0.0 512000
1695736388081 0.0 516000
1695736454217 0.0 520000
1695736520548 0.0 524000
1695736586975 0.0 528000
1695736651602 0.0 532000
1695736716041 0.0 536000
1695736779394 0.0 540000
1695736842108 0.0 544000
1695736905300 0.0 548000
1695736968374 0.0 552000
1695737032070 0.0 556000
1695737093983 0.0 560000
1695737157891 0.0 564000
1695737219554 0.0 568000
1695737281872 0.0 572000
1695737344550 0.0 576000
1695737411875 0.0 580000
1695737478169 0.0 584000
1695737541839 0.0 588000
1695737604279 0.0 592000
1695737666356 0.0 596000
1695737728564 0.0 600000
1695737791492 0.0 604000
1695737853453 0.0 608000
1695737916139 0.0 612000
1695737978508 0.0 616000
1695738041155 0.0 620000
1695738103402 0.0 624000
1695738167239 0.0 628000
1695738229911 0.0 632000
1695738292471 0.0 636000
1695738354953 0.0 640000
1695738417822 0.0 644000
1695738479772 0.0 648000
1695738542359 0.0 652000
1695738605799 0.0 656000
1695738668069 0.0 660000
1695738731623 0.0 664000
1695738794090 0.0 668000
1695738858435 0.0 672000
1695738921169 0.0 676000
1695738984358 0.0 680000
1695739046637 0.0 684000
1695739110010 0.0 688000
1695739171884 0.0 692000
1695739235413 0.0 696000
1695739297660 0.0 700000
1695739360469 0.0 704000
1695739423143 0.0 708000
1695739487945 0.0 712000
1695739550599 0.0 716000
1695739613225 0.0 720000
1695739675925 0.0 724000
1695739737716 0.0 728000
1695739800402 0.0 732000
1695739862633 0.0 736000
1695739925776 0.0 740000
1695739987621 0.0 744000
1695740051521 0.0 748000
1695740114337 0.0 752000
1695740177561 0.0 756000
1695740240033 0.0 760000
1695740301898 0.0 764000
1695740363479 0.0 768000
1695740425972 0.0 772000
1695740488799 0.0 776000
1695740550639 0.0 780000
1695740613342 0.0 784000
1695740675963 0.0 788000
1695740739724 0.0 792000
1695740801624 0.0 796000
1695740864892 0.0 800000
1695740927088 0.0 804000
1695740989345 0.0 808000
1695741052674 0.0 812000
1695741116326 0.0 816000
1695741179059 0.0 820000
1695741241964 0.0 824000
1695741305067 0.0 828000
1695741368396 0.0 832000
1695741432634 0.0 836000
1695741500660 0.0 840000
1695741566704 0.0 844000
1695741631647 0.0 848000
1695741707285 0.0 852000
1695741770125 0.0 856000
1695741834193 0.0 860000
1695741896156 0.0 864000
1695741958351 0.0 868000
1695742020592 0.0 872000
1695742083740 0.0 876000
1695742146409 0.0 880000
1695742211522 0.0 884000
1695742275769 0.0 888000
1695742341506 0.0 892000
1695742413478 0.0 896000
1695742481834 0.0 900000
1695742548157 0.0 904000
1695742610623 0.0 908000
1695742672737 0.0 912000
1695742735022 0.0 916000
1695742798322 0.0 920000
1695742861421 0.0 924000
1695742924006 0.0 928000
1695742986252 0.0 932000
1695743049554 0.0 936000
1695743111836 0.0 940000
1695743175806 0.0 944000
1695743237772 0.0 948000
1695743299674 0.0 952000
1695743361872 0.0 956000
1695743425171 0.0 960000
1695743487649 0.0 964000
1695743552034 0.0 968000
1695743614186 0.0 972000
1695743677378 0.0 976000
1695743740417 0.0 980000
1695743804692 0.0 984000
1695743866866 0.0 988000
1695743929994 0.0 992000
1695743991623 0.0 996000
1695744054964 1.0 1000000
