1695731491819 26.0 244000
1695731555192 12.0 248000
1695731626844 33.0 252000
1695731693837 18.0 256000
1695731770266 35.0 260000
1695731847692 41.0 264000
1695731929144 54.0 268000
1695732007378 55.0 272000
1695732085430 58.0 276000
1695732161465 60.0 280000
1695732229694 78.0 284000
1695732296121 48.0 288000
1695732365230 52.0 292000
1695732431582 63.0 296000
1695732499151 61.0 300000
1695732565035 63.0 304000
1695732635287 69.0 308000
1695732702915 53.0 312000
1695732772244 88.0 316000
1695732841435 68.0 320000
1695732910101 69.0 324000
1695732988561 71.0 328000
1695733057621 61.0 332000
1695733127080 58.0 336000
1695733197058 116.0 340000
1695733266770 95.0 344000
1695733337564 113.0 348000
1695733406124 98.0 352000
1695733474954 98.0 356000
1695733547013 96.0 360000
1695733617589 130.0 364000
1695733686073 122.0 368000
1695733756063 127.0 372000
1695733824303 119.0 376000
1695733894802 117.0 380000
1695733964135 104.0 384000
1695734035130 109.0 388000
1695734104113 120.0 392000
1695734175542 114.0 396000
1695734244588 102.0 400000
1695734315611 105.0 404000
1695734384515 118.0 408000
1695734453304 123.0 412000
1695734520593 102.0 416000
1695734588297 124.0 420000
1695734658244 116.0 424000
1695734727914 120.0 428000
1695734796806 127.0 432000
1695734870136 104.0 436000
1695734945672 131.0 440000
1695735016980 142.0 444000
1695735086281 157.0 448000
1695735161606 139.0 452000
1695735231845 168.0 456000
1695735305770 169.0 460000
1695735382021 190.0 464000
1695735453041 204.0 468000
1695735524275 196.0 472000
1695735599036 181.0 476000
1695735678540 167.0 480000
1695735759659 171.0 484000
1695735842222 173.0 488000
1695735925653 182.0 492000
1695736013328 177.0 496000
1695736097177 203.0 500000
1695736173503 197.0 504000
1695736248734 222.0 508000
1695736320456 195.0 512000
1695736388069 187.0 516000
1695736454205 175.0 520000
1695736520536 190.0 524000
1695736586963 148.0 528000
1695736651589 104.0 532000
1695736716028 97.0 536000
1695736779381 134.0 540000
1695736842096 113.0 544000
1695736905286 131.0 548000
1695736968362 111.0 552000
1695737032058 156.0 556000
1695737093970 117.0 560000
1695737157879 143.0 564000
1695737219541 155.0 568000
1695737281861 144.0 572000
1695737344537 157.0 576000
1695737411862 166.0 580000
1695737478156 193.0 584000
1695737541827 204.0 588000
1695737604267 181.0 592000
1695737666344 162.0 596000
1695737728551 110.0 600000
1695737791479 130.0 604000
1695737853441 160.0 608000
1695737916128 161.0 612000
1695737978496 154.0 616000
1695738041144 160.0 620000
1695738103391 148.0 624000
1695738167226 172.0 628000
1695738229899 149.0 632000
1695738292458 163.0 636000
1695738354940 221.0 640000
1695738417810 216.0 644000
1695738479760 176.0 648000
1695738542346 218.0 652000
1695738605787 240.0 656000
1695738668058 242.0 660000
1695738731611 199.0 664000
1695738794078 175.0 668000
1695738858423 202.0 672000
1695738921158 197.0 676000
1695738984345 221.0 680000
1695739046625 220.0 684000
1695739109999 227.0 688000
1695739171871 220.0 692000
1695739235401 173.0 696000
1695739297648 227.0 700000
1695739360457 207.0 704000
1695739423130 217.0 708000
1695739487933 214.0 712000
1695739550587 203.0 716000
1695739613213 186.0 720000
1695739675914 179.0 724000
1695739737704 194.0 728000
1695739800390 166.0 732000
1695739862621 168.0 736000
1695739925764 168.0 740000
1695739987609 106.0 744000
1695740051510 119.0 748000
1695740114325 108.0 752000
1695740177548 130.0 756000
1695740240021 147.0 760000
1695740301887 139.0 764000
1695740363467 118.0 768000
1695740425961 142.0 772000
1695740488788 107.0 776000
1695740550628 143.0 780000
1695740613329 98.0 784000
1695740675951 114.0 788000
1695740739712 127.0 792000
1695740801612 143.0 796000
1695740864880 162.0 800000
1695740927074 151.0 804000
1695740989333 122.0 808000
1695741052662 160.0 812000
1695741116315 182.0 816000
1695741179048 191.0 820000
1695741241952 169.0 824000
1695741305055 208.0 828000
1695741368385 201.0 832000
1695741432622 156.0 836000
1695741500647 154.0 840000
1695741566691 156.0 844000
1695741631635 197.0 848000
1695741707273 211.0 852000
1695741770114 204.0 856000
1695741834180 188.0 860000
1695741896144 165.0 864000
1695741958340 185.0 868000
1695742020581 207.0 872000
1695742083728 215.0 876000
1695742146398 175.0 880000
1695742211503 166.0 884000
1695742275757 184.0 888000
1695742341492 158.0 892000
1695742413462 150.0 896000
1695742481821 156.0 900000
1695742548145 183.0 904000
1695742610610 177.0 908000
1695742672725 182.0 912000
1695742735010 192.0 916000
1695742798310 197.0 920000
1695742861409 192.0 924000
1695742923993 195.0 928000
1695742986241 178.0 932000
1695743049542 154.0 936000
1695743111823 153.0 940000
1695743175796 150.0 944000
1695743237761 156.0 948000
1695743299661 162.0 952000
1695743361861 144.0 956000
1695743425160 172.0 960000
1695743487638 185.0 964000
1695743552021 170.0 968000
1695743614175 164.0 972000
1695743677366 182.0 976000
1695743740405 192.0 980000
1695743804679 181.0 984000
1695743866854 179.0 988000
1695743929982 179.0 992000
1695743991612 130.0 996000
1695744054954 174.0 1000000
