1695731491833 3801.0 244000
1695731555206 3813.0 248000
1695731626858 3846.0 252000
1695731693851 3864.0 256000
1695731770284 3899.0 260000
1695731847709 3940.0 264000
1695731929160 3994.0 268000
1695732007393 4049.0 272000
1695732085447 4107.0 276000
1695732161479 4167.0 280000
1695732229708 4245.0 284000
1695732296135 4293.0 288000
1695732365245 4345.0 292000
1695732431596 4408.0 296000
1695732499165 4469.0 300000
1695732565048 4532.0 304000
1695732635304 4601.0 308000
1695732702929 4654.0 312000
1695732772258 4742.0 316000
1695732841449 4810.0 320000
1695732910114 4879.0 324000
1695732988575 4950.0 328000
1695733057635 5011.0 332000
1695733127094 5069.0 336000
1695733197071 5185.0 340000
1695733266783 5280.0 344000
1695733337581 5393.0 348000
1695733406137 5491.0 352000
1695733474968 5589.0 356000
1695733547028 5685.0 360000
1695733617603 5815.0 364000
1695733686088 5937.0 368000
1695733756077 6064.0 372000
1695733824316 6183.0 376000
1695733894816 6300.0 380000
1695733964147 6404.0 384000
1695734035145 6513.0 388000
1695734104126 6633.0 392000
1695734175556 6747.0 396000
1695734244601 6849.0 400000
1695734315624 6954.0 404000
1695734384532 7072.0 408000
1695734453317 7195.0 412000
1695734520607 7297.0 416000
1695734588311 7421.0 420000
1695734658259 7537.0 424000
1695734727928 7657.0 428000
1695734796820 7784.0 432000
1695734870151 7888.0 436000
1695734945686 8019.0 440000
1695735016996 8161.0 444000
1695735086295 8318.0 448000
1695735161619 8457.0 452000
1695735231859 8625.0 456000
1695735305786 8794.0 460000
1695735382037 8984.0 464000
1695735453055 9188.0 468000
1695735524288 9384.0 472000
1695735599050 9565.0 476000
1695735678555 9732.0 480000
1695735759676 9903.0 484000
1695735842240 10076.0 488000
1695735925668 10258.0 492000
1695736013344 10435.0 496000
1695736097192 10638.0 500000
1695736173519 10835.0 504000
1695736248753 11057.0 508000
1695736320481 11252.0 512000
1695736388081 11439.0 516000
1695736454217 11614.0 520000
1695736520548 11804.0 524000
1695736586976 11952.0 528000
1695736651603 12056.0 532000
1695736716042 12153.0 536000
1695736779395 12287.0 540000
1695736842109 12400.0 544000
1695736905300 12531.0 548000
1695736968375 12642.0 552000
1695737032071 12798.0 556000
1695737093984 12915.0 560000
1695737157892 13058.0 564000
1695737219555 13213.0 568000
1695737281873 13357.0 572000
1695737344550 13514.0 576000
1695737411876 13680.0 580000
1695737478170 13873.0 584000
1695737541840 14077.0 588000
1695737604279 14258.0 592000
1695737666357 14420.0 596000
1695737728565 14530.0 600000
1695737791492 14660.0 604000
1695737853453 14820.0 608000
1695737916140 14981.0 612000
1695737978509 15135.0 616000
1695738041156 15295.0 620000
1695738103402 15443.0 624000
1695738167239 15615.0 628000
1695738229912 15764.0 632000
1695738292471 15927.0 636000
1695738354953 16148.0 640000
1695738417823 16364.0 644000
1695738479773 16540.0 648000
1695738542359 16758.0 652000
1695738605799 16998.0 656000
1695738668070 17240.0 660000
1695738731624 17439.0 664000
1695738794090 17614.0 668000
1695738858435 17816.0 672000
1695738921170 18013.0 676000
1695738984359 18234.0 680000
1695739046638 18454.0 684000
1695739110011 18681.0 688000
1695739171884 18901.0 692000
1695739235414 19074.0 696000
1695739297661 19301.0 700000
1695739360469 19508.0 704000
1695739423143 19725.0 708000
1695739487945 19939.0 712000
1695739550599 20142.0 716000
1695739613226 20328.0 720000
1695739675925 20507.0 724000
1695739737717 20701.0 728000
1695739800402 20867.0 732000
1695739862634 21035.0 736000
1695739925777 21203.0 740000
1695739987622 21309.0 744000
1695740051522 21428.0 748000
1695740114338 21536.0 752000
1695740177561 21666.0 756000
1695740240034 21813.0 760000
1695740301899 21952.0 764000
1695740363479 22070.0 768000
1695740425973 22212.0 772000
1695740488800 22319.0 776000
1695740550640 22462.0 780000
1695740613343 22560.0 784000
1695740675964 22674.0 788000
1695740739724 22801.0 792000
1695740801625 22944.0 796000
1695740864892 23106.0 800000
1695740927089 23257.0 804000
1695740989346 23379.0 808000
1695741052674 23539.0 812000
1695741116327 23721.0 816000
1695741179059 23912.0 820000
1695741241964 24081.0 824000
1695741305067 24289.0 828000
1695741368397 24490.0 832000
1695741432634 24646.0 836000
1695741500661 24800.0 840000
1695741566705 24956.0 844000
1695741631648 25153.0 848000
1695741707285 25364.0 852000
1695741770126 25568.0 856000
1695741834193 25756.0 860000
1695741896157 25921.0 864000
1695741958352 26106.0 868000
1695742020593 26313.0 872000
1695742083741 26528.0 876000
1695742146409 26703.0 880000
1695742211523 26869.0 884000
1695742275770 27053.0 888000
1695742341507 27211.0 892000
1695742413478 27361.0 896000
1695742481835 27517.0 900000
1695742548158 27700.0 904000
1695742610623 27877.0 908000
1695742672737 28059.0 912000
1695742735023 28251.0 916000
1695742798323 28448.0 920000
1695742861422 28640.0 924000
1695742924006 28835.0 928000
1695742986253 29013.0 932000
1695743049555 29167.0 936000
1695743111837 29320.0 940000
1695743175807 29470.0 944000
1695743237773 29626.0 948000
1695743299675 29788.0 952000
1695743361873 29932.0 956000
1695743425172 30104.0 960000
1695743487650 30289.0 964000
1695743552034 30459.0 968000
1695743614187 30623.0 972000
1695743677379 30805.0 976000
1695743740417 30997.0 980000
1695743804692 31178.0 984000
1695743866867 31357.0 988000
1695743929994 31536.0 992000
1695743991624 31666.0 996000
1695744054965 31840.0 1000000
