1695731491818 2.815302853270491 244000
1695731555190 2.8141807142776223 248000
1695731626843 2.8034608500302105 252000
1695731693835 2.8084211528903764 256000
1695731770264 2.7735929438042324 260000
1695731847690 2.7237743957990563 264000
1695731929142 2.764746023194017 268000
1695732007376 2.8354254378467414 272000
1695732085428 2.8403192078355626 276000
1695732161464 2.827769862682914 280000
1695732229692 2.8769163834767415 284000
1695732296119 2.867818765523787 288000
1695732365229 2.8230285401381128 292000
1695732431580 2.8650622533742323 296000
1695732499150 2.806926607377845 300000
1695732565034 2.88705038931065 304000
1695732635285 2.886870383877594 308000
1695732702913 2.9267762991488184 312000
1695732772242 2.9287543953785193 316000
1695732841434 2.9332109006238833 320000
1695732910099 2.891686815366806 324000
1695732988560 2.9091168193570773 328000
1695733057619 2.9254061832760567 332000
1695733127079 2.888072634649273 336000
1695733197056 2.937412783545631 340000
1695733266768 2.957123219722605 344000
1695733337563 2.932525823943809 348000
1695733406122 2.952509549477665 352000
1695733474952 2.9473381760698953 356000
1695733547011 2.95889455539991 360000
1695733617587 2.9366854687627946 364000
1695733686071 2.949052240396888 368000
1695733756062 2.93577257495641 372000
1695733824301 2.9512922275594575 376000
1695733894801 2.957258448490097 380000
1695733964133 2.9488293871734834 384000
1695734035128 2.953714281888719 388000
1695734104111 2.94951748299747 392000
1695734175541 2.953213911109562 396000
1695734244586 2.95581912974569 400000
1695734315609 2.9385942714171036 404000
1695734384513 2.9529419950368063 408000
1695734453302 2.946465642202035 412000
1695734520592 2.9554286930580447 416000
1695734588296 2.9489934313493174 420000
1695734658243 2.966693875379444 424000
1695734727913 2.9571300742873428 428000
1695734796804 2.970740301322783 432000
1695734870134 2.9626013828019495 436000
1695734945670 2.9713104837121236 440000
1695735016979 2.9675608775870166 444000
1695735086279 2.96186151695134 448000
1695735161604 2.968098904995762 452000
1695735231843 2.929696208797467 456000
1695735305768 2.9596464036262513 460000
1695735382019 2.9509680321471627 464000
1695735453039 2.9726428189844833 468000
1695735524273 2.983188932942299 472000
1695735599034 2.9802531390708933 476000
1695735678537 2.9789026764659443 480000
1695735759657 2.9776364928799803 484000
1695735842220 2.9809905441598987 488000
1695735925652 2.980026053132 492000
1695736013326 2.9781649799402365 496000
1695736097175 2.988935470238064 500000
1695736173502 2.9796197149228227 504000
1695736248731 2.943204387847181 508000
1695736320455 2.9729606350482505 512000
1695736388068 2.948523553464049 516000
1695736454204 2.950550863763697 520000
1695736520535 2.9176995107914996 524000
1695736586961 2.9514190542228675 528000
1695736651588 2.9613941187412305 532000
1695736716027 2.9662937813653003 536000
1695736779380 2.8961305268161808 540000
1695736842094 2.9064901455717025 544000
1695736905285 2.9261440270215027 548000
1695736968360 2.936503950613509 552000
1695737032056 2.9492243637906577 556000
1695737093968 2.944715336083692 560000
1695737157878 2.948460558037063 564000
1695737219539 2.9577781636578333 568000
1695737281860 2.9682139561577716 572000
1695737344536 2.973782601663175 576000
1695737411860 2.9650319378685537 580000
1695737478154 2.977066849449705 584000
1695737541825 2.985556879425824 588000
1695737604266 2.9852809789909713 592000
1695737666342 2.9828669582377287 596000
1695737728550 2.977196034185276 600000
1695737791477 2.965160542157049 604000
1695737853440 2.9688206454862716 608000
1695737916127 2.9813272469958463 612000
1695737978494 2.9738209727434506 616000
1695738041143 2.9759069711255535 620000
1695738103389 2.9731119890976805 624000
1695738167225 2.984843566062524 628000
1695738229897 2.9799055290915377 632000
1695738292457 2.941658669141905 636000
1695738354939 2.9596590792141404 640000
1695738417808 2.9777466173414315 644000
1695738479758 2.9700002049738203 648000
1695738542344 2.9728141823583503 652000
1695738605785 2.9793099813571016 656000
1695738668056 2.987171963597418 660000
1695738731610 2.9836531351400803 664000
1695738794077 2.943405573749341 668000
1695738858422 2.9586850668043048 672000
1695738921156 2.9658092745176887 676000
1695738984344 2.9828709168482628 680000
1695739046623 2.9832303895625594 684000
1695739109997 2.9801970653787273 688000
1695739171870 2.9771253638899626 692000
1695739235400 2.981159848100689 696000
1695739297646 2.9849429192375228 700000
1695739360456 2.9825420681783927 704000
1695739423129 2.9805401183450475 708000
1695739487932 2.9850038546958495 712000
1695739550585 2.952898022609749 716000
1695739613212 2.974010047263089 720000
1695739675912 2.9807347956247323 724000
1695739737702 2.972829154464039 728000
1695739800389 2.971704466731669 732000
1695739862620 2.9387895356163276 736000
1695739925763 2.9291663646121457 740000
1695739987607 2.938450532136195 744000
1695740051508 2.9058836275148217 748000
1695740114323 2.948049272507561 752000
1695740177547 2.9398134587398275 756000
1695740240020 2.9727406112034793 760000
1695740301885 2.9749571494285667 764000
1695740363465 2.9513360306548155 768000
1695740425959 2.9462518313841004 772000
1695740488787 2.9547448858335006 776000
1695740550627 2.9631426410203447 780000
1695740613327 2.9277522091205923 784000
1695740675949 2.956576363015668 788000
1695740739711 2.9558691745909442 792000
1695740801610 2.9167985196165946 796000
1695740864878 2.9656667473721385 800000
1695740927072 2.9790166301094163 804000
1695740989332 2.976391784353828 808000
1695741052660 2.9688718891071124 812000
1695741116313 2.96792358088517 816000
1695741179046 2.960383494411331 820000
1695741241951 2.965949147380241 824000
1695741305054 2.9613696001320777 828000
1695741368383 2.967373466925985 832000
1695741432620 2.979369710924728 836000
1695741500645 2.9704430780726456 840000
1695741566690 2.9667302221073504 844000
1695741631634 2.975700101878615 848000
1695741707271 2.9684088753358226 852000
1695741770113 2.9701463821558227 856000
1695741834179 2.952956022148843 860000
1695741896143 2.9425671516195577 864000
1695741958339 2.954736239976723 868000
1695742020580 2.9596592252470857 872000
1695742083727 2.9651623390236406 876000
1695742146396 2.971399623108507 880000
1695742211500 2.918363436595472 884000
1695742275756 2.9586297497258913 888000
1695742341491 2.956322052324121 892000
1695742413458 2.967562324013279 896000
1695742481820 2.9540056725454464 900000
1695742548143 2.953317884090994 904000
1695742610609 2.9406086426879843 908000
1695742672724 2.962788908425457 912000
1695742735009 2.942911109903898 916000
1695742798308 2.959599850964364 920000
1695742861407 2.9662220856817565 924000
1695742923992 2.9750860150889644 928000
1695742986240 2.979987820626513 932000
1695743049541 2.9534252534452676 936000
1695743111821 2.95768182737346 940000
1695743175794 2.962584019934842 944000
1695743237760 2.9380299936198 948000
1695743299660 2.967102817623192 952000
1695743361859 2.971654952319155 956000
1695743425159 2.958374472530773 960000
1695743487636 2.977152306216234 964000
1695743552020 2.970691738741731 968000
1695743614173 2.9748664834595573 972000
1695743677365 2.9553308386481545 976000
1695743740403 2.9617940558212172 980000
1695743804678 2.9645298347653473 984000
1695743866853 2.9810372880208864 988000
1695743929981 2.9323190358508917 992000
1695743991610 2.97764170799661 996000
1695744054952 2.9641296891892783 1000000
