1695731491816 2.9981456677729414 244000
1695731555188 2.9981456677729414 248000
1695731626841 2.9981456677729414 252000
1695731693834 2.9981456677729414 256000
1695731770262 2.998259283544055 260000
1695731847688 2.998259283544055 264000
1695731929140 2.9981456677729414 268000
1695732007375 2.9981456677729414 272000
1695732085426 2.9981456677729414 276000
1695732161462 2.9981456677729414 280000
1695732229691 2.998259283544055 284000
1695732296117 2.998259283544055 288000
1695732365227 2.998259283544055 292000
1695732431578 2.9981456677729414 296000
1695732499148 2.9981456677729414 300000
1695732565032 2.998259283544055 304000
1695732635282 2.998259283544055 308000
1695732702911 2.998259283544055 312000
1695732772241 2.9981456677729414 316000
1695732841432 2.9981456677729414 320000
1695732910098 2.998259283544055 324000
1695732988558 2.998259283544055 328000
1695733057617 2.998259283544055 332000
1695733127077 2.9981456677729414 336000
1695733197054 2.998259283544055 340000
1695733266766 2.9981456677729414 344000
1695733337561 2.998259283544055 348000
1695733406120 2.9981456677729414 352000
1695733474950 2.998259283544055 356000
1695733547009 2.998259283544055 360000
1695733617586 2.998259283544055 364000
1695733686069 2.998259283544055 368000
1695733756060 2.998259283544055 372000
1695733824300 2.9981456677729414 376000
1695733894799 2.9981456677729414 380000
1695733964132 2.998259283544055 384000
1695734035126 2.998259283544055 388000
1695734104109 2.9981456677729414 392000
1695734175539 2.998259283544055 396000
1695734244585 2.998259283544055 400000
1695734315607 2.9981456677729414 404000
1695734384512 2.9981456677729414 408000
1695734453301 2.998259283544055 412000
1695734520590 2.998259283544055 416000
1695734588294 2.998259283544055 420000
1695734658241 2.998259283544055 424000
1695734727911 2.998259283544055 428000
1695734796803 2.998259283544055 432000
1695734870132 2.998259283544055 436000
1695734945668 2.998259283544055 440000
1695735016977 2.998259283544055 444000
1695735086278 2.9981456677729414 448000
1695735161602 2.998259283544055 452000
1695735231841 2.998259283544055 456000
1695735305767 2.998259283544055 460000
1695735382017 2.998259283544055 464000
1695735453038 2.998259283544055 468000
1695735524271 2.998259283544055 472000
1695735599032 2.998259283544055 476000
1695735678533 2.998259283544055 480000
1695735759655 2.998259283544055 484000
1695735842217 2.998259283544055 488000
1695735925649 2.998259283544055 492000
1695736013324 2.998259283544055 496000
1695736097174 2.998259283544055 500000
1695736173500 2.998259283544055 504000
1695736248729 2.998259283544055 508000
1695736320453 2.998259283544055 512000
1695736388066 2.998259283544055 516000
1695736454202 2.998259283544055 520000
1695736520533 2.998259283544055 524000
1695736586960 2.998259283544055 528000
1695736651586 2.998259283544055 532000
1695736716025 2.998259283544055 536000
1695736779378 2.998259283544055 540000
1695736842093 2.998259283544055 544000
1695736905283 2.998259283544055 548000
1695736968359 2.998259283544055 552000
1695737032055 2.998259283544055 556000
1695737093967 2.998259283544055 560000
1695737157876 2.998259283544055 564000
1695737219538 2.998259283544055 568000
1695737281858 2.998259283544055 572000
1695737344534 2.998259283544055 576000
1695737411858 2.998259283544055 580000
1695737478153 2.998259283544055 584000
1695737541824 2.998259283544055 588000
1695737604265 2.998259283544055 592000
1695737666340 2.998259283544055 596000
1695737728548 2.998259283544055 600000
1695737791476 2.998259283544055 604000
1695737853438 2.998259283544055 608000
1695737916125 2.998259283544055 612000
1695737978493 2.998259283544055 616000
1695738041141 2.998259283544055 620000
1695738103388 2.998259283544055 624000
1695738167223 2.998259283544055 628000
1695738229895 2.998259283544055 632000
1695738292455 2.998259283544055 636000
1695738354938 2.998259283544055 640000
1695738417806 2.998259283544055 644000
1695738479756 2.998259283544055 648000
1695738542342 2.998259283544055 652000
1695738605783 2.998259283544055 656000
1695738668055 2.998259283544055 660000
1695738731608 2.998259283544055 664000
1695738794075 2.998259283544055 668000
1695738858420 2.998259283544055 672000
1695738921154 2.998259283544055 676000
1695738984342 2.998259283544055 680000
1695739046622 2.998259283544055 684000
1695739109996 2.998259283544055 688000
1695739171868 2.998259283544055 692000
1695739235398 2.998259283544055 696000
1695739297645 2.998259283544055 700000
1695739360454 2.998259283544055 704000
1695739423127 2.998259283544055 708000
1695739487929 2.998259283544055 712000
1695739550584 2.998259283544055 716000
1695739613210 2.998259283544055 720000
1695739675910 2.998259283544055 724000
1695739737700 2.998259283544055 728000
1695739800388 2.998259283544055 732000
1695739862618 2.998259283544055 736000
1695739925761 2.998259283544055 740000
1695739987606 2.998259283544055 744000
1695740051506 2.998259283544055 748000
1695740114321 2.998259283544055 752000
1695740177545 2.998259283544055 756000
1695740240018 2.998259283544055 760000
1695740301884 2.998259283544055 764000
1695740363464 2.998259283544055 768000
1695740425958 2.998259283544055 772000
1695740488785 2.998259283544055 776000
1695740550625 2.998259283544055 780000
1695740613325 2.998259283544055 784000
1695740675948 2.998259283544055 788000
1695740739710 2.998259283544055 792000
1695740801609 2.998259283544055 796000
1695740864877 2.998259283544055 800000
1695740927070 2.998259283544055 804000
1695740989330 2.998259283544055 808000
1695741052659 2.998259283544055 812000
1695741116312 2.998259283544055 816000
1695741179045 2.998259283544055 820000
1695741241949 2.998259283544055 824000
1695741305052 2.998259283544055 828000
1695741368381 2.998259283544055 832000
1695741432619 2.998259283544055 836000
1695741500644 2.998259283544055 840000
1695741566688 2.998259283544055 844000
1695741631632 2.998259283544055 848000
1695741707270 2.998259283544055 852000
1695741770111 2.998259283544055 856000
1695741834177 2.998259283544055 860000
1695741896141 2.998259283544055 864000
1695741958337 2.998259283544055 868000
1695742020578 2.998259283544055 872000
1695742083725 2.998259283544055 876000
1695742146395 2.998259283544055 880000
1695742211497 2.998259283544055 884000
1695742275754 2.998259283544055 888000
1695742341489 2.998259283544055 892000
1695742413455 2.998259283544055 896000
1695742481818 2.998259283544055 900000
1695742548141 2.998259283544055 904000
1695742610607 2.998259283544055 908000
1695742672722 2.998259283544055 912000
1695742735007 2.998259283544055 916000
1695742798307 2.998259283544055 920000
1695742861405 2.998259283544055 924000
1695742923990 2.998259283544055 928000
1695742986238 2.998259283544055 932000
1695743049539 2.998259283544055 936000
1695743111820 2.998259283544055 940000
1695743175792 2.998259283544055 944000
1695743237758 2.998259283544055 948000
1695743299658 2.998259283544055 952000
1695743361858 2.998259283544055 956000
1695743425157 2.998259283544055 960000
1695743487634 2.998259283544055 964000
1695743552018 2.998259283544055 968000
1695743614172 2.998259283544055 972000
1695743677364 2.998259283544055 976000
1695743740402 2.998259283544055 980000
1695743804676 2.998259283544055 984000
1695743866851 2.998259283544055 988000
1695743929979 2.998259283544055 992000
1695743991609 2.998259283544055 996000
1695744054951 2.998259283544055 1000000
