1695731491839 1.0 244000
1695731555212 2.0 248000
1695731626864 3.0 252000
1695731693856 4.0 256000
1695731770290 5.0 260000
1695731847719 6.0 264000
1695731929167 7.0 268000
1695732007399 8.0 272000
1695732085455 9.0 276000
1695732161484 10.0 280000
1695732229713 11.0 284000
1695732296141 12.0 288000
1695732365251 13.0 292000
1695732431602 14.0 296000
1695732499170 15.0 300000
1695732565054 16.0 304000
1695732635311 17.0 308000
1695732702935 18.0 312000
1695732772263 19.0 316000
1695732841455 20.0 320000
1695732910119 21.0 324000
1695732988581 22.0 328000
1695733057641 23.0 332000
1695733127099 24.0 336000
1695733197077 25.0 340000
1695733266789 26.0 344000
1695733337588 27.0 348000
1695733406143 28.0 352000
1695733474973 29.0 356000
1695733547034 30.0 360000
1695733617609 31.0 364000
1695733686094 32.0 368000
1695733756082 33.0 372000
1695733824321 34.0 376000
1695733894822 35.0 380000
1695733964153 36.0 384000
1695734035151 37.0 388000
1695734104132 38.0 392000
1695734175562 39.0 396000
1695734244606 40.0 400000
1695734315630 41.0 404000
1695734384538 42.0 408000
1695734453323 43.0 412000
1695734520612 44.0 416000
1695734588317 45.0 420000
1695734658265 46.0 424000
1695734727933 47.0 428000
1695734796825 48.0 432000
1695734870157 49.0 436000
1695734945691 50.0 440000
1695735017002 51.0 444000
1695735086300 52.0 448000
1695735161625 53.0 452000
1695735231864 54.0 456000
1695735305792 55.0 460000
1695735382044 56.0 464000
1695735453061 57.0 468000
1695735524293 58.0 472000
1695735599056 59.0 476000
1695735678562 60.0 480000
1695735759684 61.0 484000
1695735842246 62.0 488000
1695735925675 63.0 492000
1695736013350 64.0 496000
1695736097199 65.0 500000
1695736173525 66.0 504000
1695736248760 67.0 508000
1695736320488 68.0 512000
1695736388086 69.0 516000
1695736454223 70.0 520000
1695736520553 71.0 524000
1695736586981 72.0 528000
1695736651608 73.0 532000
1695736716047 74.0 536000
1695736779401 75.0 540000
1695736842114 76.0 544000
1695736905306 77.0 548000
1695736968380 78.0 552000
1695737032076 79.0 556000
1695737093989 80.0 560000
1695737157897 81.0 564000
1695737219560 82.0 568000
1695737281878 83.0 572000
1695737344556 84.0 576000
1695737411882 85.0 580000
1695737478176 86.0 584000
1695737541845 87.0 588000
1695737604284 88.0 592000
1695737666362 89.0 596000
1695737728570 90.0 600000
1695737791498 91.0 604000
1695737853458 92.0 608000
1695737916145 93.0 612000
1695737978514 94.0 616000
1695738041161 95.0 620000
1695738103408 96.0 624000
1695738167244 97.0 628000
1695738229917 98.0 632000
1695738292476 99.0 636000
1695738354959 100.0 640000
1695738417828 101.0 644000
1695738479779 102.0 648000
1695738542365 103.0 652000
1695738605804 104.0 656000
1695738668075 105.0 660000
1695738731630 106.0 664000
1695738794096 107.0 668000
1695738858440 108.0 672000
1695738921175 109.0 676000
1695738984366 110.0 680000
1695739046644 111.0 684000
1695739110016 112.0 688000
1695739171889 113.0 692000
1695739235419 114.0 696000
1695739297666 115.0 700000
1695739360475 116.0 704000
1695739423149 117.0 708000
1695739487951 118.0 712000
1695739550604 119.0 716000
1695739613231 120.0 720000
1695739675931 121.0 724000
1695739737723 122.0 728000
1695739800408 123.0 732000
1695739862639 124.0 736000
1695739925783 125.0 740000
1695739987627 126.0 744000
1695740051527 127.0 748000
1695740114343 128.0 752000
1695740177566 129.0 756000
1695740240039 130.0 760000
1695740301904 131.0 764000
1695740363484 132.0 768000
1695740425978 133.0 772000
1695740488805 134.0 776000
1695740550646 135.0 780000
1695740613348 136.0 784000
1695740675970 137.0 788000
1695740739729 138.0 792000
1695740801631 139.0 796000
1695740864897 140.0 800000
1695740927095 141.0 804000
1695740989351 142.0 808000
1695741052679 143.0 812000
1695741116332 144.0 816000
1695741179064 145.0 820000
1695741241969 146.0 824000
1695741305072 147.0 828000
1695741368401 148.0 832000
1695741432639 149.0 836000
1695741500666 150.0 840000
1695741566710 151.0 844000
1695741631653 152.0 848000
1695741707291 153.0 852000
1695741770131 154.0 856000
1695741834199 155.0 860000
1695741896164 156.0 864000
1695741958357 157.0 868000
1695742020598 158.0 872000
1695742083746 159.0 876000
1695742146415 160.0 880000
1695742211529 161.0 884000
1695742275775 162.0 888000
1695742341512 163.0 892000
1695742413485 164.0 896000
1695742481840 165.0 900000
1695742548163 166.0 904000
1695742610629 167.0 908000
1695742672742 168.0 912000
1695742735028 169.0 916000
1695742798328 170.0 920000
1695742861427 171.0 924000
1695742924012 172.0 928000
1695742986258 173.0 932000
1695743049560 174.0 936000
1695743111841 175.0 940000
1695743175812 176.0 944000
1695743237778 177.0 948000
1695743299680 178.0 952000
1695743361878 179.0 956000
1695743425177 180.0 960000
1695743487655 181.0 964000
1695743552040 182.0 968000
1695743614192 183.0 972000
1695743677384 184.0 976000
1695743740423 185.0 980000
1695743804698 186.0 984000
1695743866873 187.0 988000
1695743929999 188.0 992000
1695743991629 189.0 996000
1695744054970 190.0 1000000
