1695731491823 0.0 244000
1695731555195 0.0 248000
1695731626848 0.0 252000
1695731693840 0.0 256000
1695731770270 0.0 260000
1695731847695 0.0 264000
1695731929148 0.0 268000
1695732007382 0.0 272000
1695732085434 0.0 276000
1695732161469 0.0 280000
1695732229697 0.0 284000
1695732296124 0.0 288000
1695732365234 0.0 292000
1695732431585 0.0 296000
1695732499155 0.0 300000
1695732565038 0.0 304000
1695732635290 0.0 308000
1695732702919 0.0 312000
1695732772247 0.0 316000
1695732841439 0.0 320000
1695732910104 0.0 324000
1695732988564 0.0 328000
1695733057624 0.0 332000
1695733127083 0.0 336000
1695733197061 0.0 340000
1695733266773 0.0 344000
1695733337568 0.0 348000
1695733406127 0.0 352000
1695733474957 0.0 356000
1695733547016 0.0 360000
1695733617592 0.0 364000
1695733686076 0.0 368000
1695733756067 0.0 372000
1695733824306 0.0 376000
1695733894806 0.0 380000
1695733964138 0.0 384000
1695734035133 0.0 388000
1695734104116 0.0 392000
1695734175546 0.0 396000
1695734244591 0.0 400000
1695734315614 0.0 404000
1695734384519 0.0 408000
1695734453307 0.0 412000
1695734520597 0.0 416000
1695734588301 0.0 420000
1695734658248 0.0 424000
1695734727917 0.0 428000
1695734796809 0.0 432000
1695734870140 0.0 436000
1695734945675 0.0 440000
1695735016984 0.0 444000
1695735086284 0.0 448000
1695735161609 0.0 452000
1695735231848 0.0 456000
1695735305774 0.0 460000
1695735382024 0.0 464000
1695735453044 0.0 468000
1695735524278 0.0 472000
1695735599039 0.0 476000
1695735678544 0.0 480000
1695735759662 0.0 484000
1695735842227 0.0 488000
1695735925657 0.0 492000
1695736013332 0.0 496000
1695736097181 0.0 500000
1695736173507 0.0 504000
1695736248738 0.0 508000
1695736320461 0.0 512000
1695736388072 0.0 516000
1695736454208 0.0 520000
1695736520539 0.0 524000
1695736586966 0.0 528000
1695736651592 0.0 532000
1695736716031 0.0 536000
1695736779384 0.0 540000
1695736842099 0.0 544000
1695736905290 0.0 548000
1695736968365 0.0 552000
1695737032061 0.0 556000
1695737093973 0.0 560000
1695737157882 0.0 564000
1695737219544 0.0 568000
1695737281864 0.0 572000
1695737344540 0.0 576000
1695737411865 0.0 580000
1695737478159 0.0 584000
1695737541830 0.0 588000
1695737604270 0.0 592000
1695737666347 0.0 596000
1695737728555 0.0 600000
1695737791482 0.0 604000
1695737853444 0.0 608000
1695737916131 0.0 612000
1695737978499 0.0 616000
1695738041147 0.0 620000
1695738103393 0.0 624000
1695738167230 0.0 628000
1695738229902 0.0 632000
1695738292461 0.0 636000
1695738354943 0.0 640000
1695738417813 0.0 644000
1695738479763 0.0 648000
1695738542349 0.0 652000
1695738605790 0.0 656000
1695738668061 0.0 660000
1695738731614 0.0 664000
1695738794081 0.0 668000
1695738858426 0.0 672000
1695738921161 0.0 676000
1695738984348 0.0 680000
1695739046628 0.0 684000
1695739110002 0.0 688000
1695739171874 0.0 692000
1695739235405 0.0 696000
1695739297651 0.0 700000
1695739360460 0.0 704000
1695739423133 0.0 708000
1695739487936 0.0 712000
1695739550590 0.0 716000
1695739613216 0.0 720000
1695739675916 0.0 724000
1695739737707 0.0 728000
1695739800393 0.0 732000
1695739862624 0.0 736000
1695739925767 0.0 740000
1695739987612 0.0 744000
1695740051513 0.0 748000
1695740114328 0.0 752000
1695740177551 0.0 756000
1695740240025 0.0 760000
1695740301890 0.0 764000
1695740363470 0.0 768000
1695740425963 0.0 772000
1695740488791 0.0 776000
1695740550631 0.0 780000
1695740613332 0.0 784000
1695740675954 0.0 788000
1695740739715 0.0 792000
1695740801615 0.0 796000
1695740864883 0.0 800000
1695740927077 0.0 804000
1695740989336 0.0 808000
1695741052665 0.0 812000
1695741116317 0.0 816000
1695741179050 0.0 820000
1695741241955 0.0 824000
1695741305058 0.0 828000
1695741368388 0.0 832000
1695741432625 0.0 836000
1695741500650 0.0 840000
1695741566694 0.0 844000
1695741631638 0.0 848000
1695741707276 0.0 852000
1695741770117 0.0 856000
1695741834183 0.0 860000
1695741896147 0.0 864000
1695741958343 0.0 868000
1695742020584 0.0 872000
1695742083732 0.0 876000
1695742146400 0.0 880000
1695742211506 0.0 884000
1695742275760 0.0 888000
1695742341496 0.0 892000
1695742413466 0.0 896000
1695742481824 0.0 900000
1695742548148 0.0 904000
1695742610613 0.0 908000
1695742672728 0.0 912000
1695742735013 0.0 916000
1695742798313 0.0 920000
1695742861412 0.0 924000
1695742923996 0.0 928000
1695742986244 0.0 932000
1695743049545 0.0 936000
1695743111826 0.0 940000
1695743175798 0.0 944000
1695743237764 0.0 948000
1695743299665 0.0 952000
1695743361864 0.0 956000
1695743425163 0.0 960000
1695743487640 0.0 964000
1695743552024 0.0 968000
1695743614178 0.0 972000
1695743677369 0.0 976000
1695743740408 0.0 980000
1695743804683 0.0 984000
1695743866857 0.0 988000
1695743929985 0.0 992000
1695743991614 0.0 996000
1695744054956 0.0 1000000
