1695731491827 4000.0 244000
1695731555199 4000.0 248000
1695731626852 4000.0 252000
1695731693844 4000.0 256000
1695731770276 4000.0 260000
1695731847700 4000.0 264000
1695731929153 4000.0 268000
1695732007386 4000.0 272000
1695732085438 4000.0 276000
1695732161473 4000.0 280000
1695732229701 4000.0 284000
1695732296128 4000.0 288000
1695732365238 4000.0 292000
1695732431589 4000.0 296000
1695732499159 4000.0 300000
1695732565042 4000.0 304000
1695732635295 4000.0 308000
1695732702923 4000.0 312000
1695732772252 4000.0 316000
1695732841443 4000.0 320000
1695732910108 4000.0 324000
1695732988568 4000.0 328000
1695733057628 4000.0 332000
1695733127088 4000.0 336000
1695733197065 4000.0 340000
1695733266777 4000.0 344000
1695733337573 4000.0 348000
1695733406131 4000.0 352000
1695733474961 4000.0 356000
1695733547021 4000.0 360000
1695733617597 4000.0 364000
1695733686081 4000.0 368000
1695733756071 4000.0 372000
1695733824310 4000.0 376000
1695733894810 4000.0 380000
1695733964142 4000.0 384000
1695734035138 4000.0 388000
1695734104120 4000.0 392000
1695734175550 4000.0 396000
1695734244595 4000.0 400000
1695734315618 4000.0 404000
1695734384524 4000.0 408000
1695734453311 4000.0 412000
1695734520601 4000.0 416000
1695734588305 4000.0 420000
1695734658252 4000.0 424000
1695734727921 4000.0 428000
1695734796813 4000.0 432000
1695734870144 4000.0 436000
1695734945679 4000.0 440000
1695735016988 4000.0 444000
1695735086288 4000.0 448000
1695735161613 4000.0 452000
1695735231852 4000.0 456000
1695735305778 4000.0 460000
1695735382029 4000.0 464000
1695735453049 4000.0 468000
1695735524282 4000.0 472000
1695735599043 4000.0 476000
1695735678548 4000.0 480000
1695735759667 4000.0 484000
1695735842233 4000.0 488000
1695735925661 4000.0 492000
1695736013337 4000.0 496000
1695736097185 4000.0 500000
1695736173511 4000.0 504000
1695736248743 4000.0 508000
1695736320469 4000.0 512000
1695736388076 4000.0 516000
1695736454212 4000.0 520000
1695736520543 4000.0 524000
1695736586970 4000.0 528000
1695736651596 4000.0 532000
1695736716035 4000.0 536000
1695736779388 4000.0 540000
1695736842102 4000.0 544000
1695736905294 4000.0 548000
1695736968368 4000.0 552000
1695737032065 4000.0 556000
1695737093977 4000.0 560000
1695737157886 4000.0 564000
1695737219548 4000.0 568000
1695737281867 4000.0 572000
1695737344544 4000.0 576000
1695737411870 4000.0 580000
1695737478163 4000.0 584000
1695737541834 4000.0 588000
1695737604274 4000.0 592000
1695737666351 4000.0 596000
1695737728559 4000.0 600000
1695737791486 4000.0 604000
1695737853448 4000.0 608000
1695737916134 4000.0 612000
1695737978502 4000.0 616000
1695738041150 4000.0 620000
1695738103397 4000.0 624000
1695738167234 4000.0 628000
1695738229906 4000.0 632000
1695738292465 4000.0 636000
1695738354947 4000.0 640000
1695738417816 4000.0 644000
1695738479767 4000.0 648000
1695738542353 4000.0 652000
1695738605794 4000.0 656000
1695738668064 4000.0 660000
1695738731618 4000.0 664000
1695738794085 4000.0 668000
1695738858429 4000.0 672000
1695738921165 4000.0 676000
1695738984352 4000.0 680000
1695739046632 4000.0 684000
1695739110005 4000.0 688000
1695739171878 4000.0 692000
1695739235408 4000.0 696000
1695739297655 4000.0 700000
1695739360464 4000.0 704000
1695739423137 4000.0 708000
1695739487940 4000.0 712000
1695739550594 4000.0 716000
1695739613220 4000.0 720000
1695739675920 4000.0 724000
1695739737711 4000.0 728000
1695739800396 4000.0 732000
1695739862628 4000.0 736000
1695739925771 4000.0 740000
1695739987615 4000.0 744000
1695740051516 4000.0 748000
1695740114332 4000.0 752000
1695740177555 4000.0 756000
1695740240028 4000.0 760000
1695740301893 4000.0 764000
1695740363474 4000.0 768000
1695740425967 4000.0 772000
1695740488794 4000.0 776000
1695740550634 4000.0 780000
1695740613336 4000.0 784000
1695740675958 4000.0 788000
1695740739719 4000.0 792000
1695740801619 4000.0 796000
1695740864887 4000.0 800000
1695740927081 4000.0 804000
1695740989340 4000.0 808000
1695741052669 4000.0 812000
1695741116321 4000.0 816000
1695741179054 4000.0 820000
1695741241959 4000.0 824000
1695741305062 4000.0 828000
1695741368391 4000.0 832000
1695741432629 4000.0 836000
1695741500654 4000.0 840000
1695741566698 4000.0 844000
1695741631641 4000.0 848000
1695741707279 4000.0 852000
1695741770120 4000.0 856000
1695741834187 4000.0 860000
1695741896151 4000.0 864000
1695741958346 4000.0 868000
1695742020588 4000.0 872000
1695742083735 4000.0 876000
1695742146404 4000.0 880000
1695742211513 4000.0 884000
1695742275764 4000.0 888000
1695742341500 4000.0 892000
1695742413471 4000.0 896000
1695742481828 4000.0 900000
1695742548152 4000.0 904000
1695742610617 4000.0 908000
1695742672732 4000.0 912000
1695742735017 4000.0 916000
1695742798316 4000.0 920000
1695742861415 4000.0 924000
1695742924000 4000.0 928000
1695742986247 4000.0 932000
1695743049549 4000.0 936000
1695743111830 4000.0 940000
1695743175802 4000.0 944000
1695743237768 4000.0 948000
1695743299669 4000.0 952000
1695743361867 4000.0 956000
1695743425166 4000.0 960000
1695743487644 4000.0 964000
1695743552028 4000.0 968000
1695743614181 4000.0 972000
1695743677372 4000.0 976000
1695743740411 4000.0 980000
1695743804686 4000.0 984000
1695743866861 4000.0 988000
1695743929989 4000.0 992000
1695743991618 4000.0 996000
1695744054960 4000.0 1000000
