1695731491820 0.0 244000
1695731555193 0.0 248000
1695731626845 0.0 252000
1695731693838 0.0 256000
1695731770267 0.0 260000
1695731847692 0.0 264000
1695731929145 0.0 268000
1695732007379 0.0 272000
1695732085431 0.0 276000
1695732161466 0.0 280000
1695732229695 0.0 284000
1695732296122 0.0 288000
1695732365231 0.0 292000
1695732431582 0.0 296000
1695732499152 0.0 300000
1695732565036 0.0 304000
1695732635287 0.0 308000
1695732702916 0.0 312000
1695732772245 0.0 316000
1695732841436 0.0 320000
1695732910102 0.0 324000
1695732988562 0.0 328000
1695733057622 0.0 332000
1695733127081 0.0 336000
1695733197059 0.0 340000
1695733266771 0.0 344000
1695733337565 0.0 348000
1695733406124 0.0 352000
1695733474955 0.0 356000
1695733547014 0.0 360000
1695733617590 0.0 364000
1695733686074 0.0 368000
1695733756064 0.0 372000
1695733824303 0.0 376000
1695733894803 0.0 380000
1695733964136 0.0 384000
1695734035131 0.0 388000
1695734104113 0.0 392000
1695734175543 0.0 396000
1695734244589 0.0 400000
1695734315612 0.0 404000
1695734384516 0.0 408000
1695734453305 0.0 412000
1695734520594 0.0 416000
1695734588298 0.0 420000
1695734658245 0.0 424000
1695734727915 0.0 428000
1695734796807 0.0 432000
1695734870137 0.0 436000
1695734945673 0.0 440000
1695735016981 0.0 444000
1695735086282 0.0 448000
1695735161607 0.0 452000
1695735231846 0.0 456000
1695735305771 0.0 460000
1695735382022 0.0 464000
1695735453042 0.0 468000
1695735524275 0.0 472000
1695735599037 0.0 476000
1695735678541 0.0 480000
1695735759659 0.0 484000
1695735842223 0.0 488000
1695735925654 0.0 492000
1695736013329 0.0 496000
1695736097178 0.0 500000
1695736173504 0.0 504000
1695736248735 0.0 508000
1695736320457 0.0 512000
1695736388070 0.0 516000
1695736454206 0.0 520000
1695736520537 0.0 524000
1695736586964 0.0 528000
1695736651590 0.0 532000
1695736716029 0.0 536000
1695736779382 0.0 540000
1695736842096 0.0 544000
1695736905287 0.0 548000
1695736968362 0.0 552000
1695737032059 0.0 556000
1695737093971 0.0 560000
1695737157880 0.0 564000
1695737219542 0.0 568000
1695737281862 0.0 572000
1695737344538 0.0 576000
1695737411863 0.0 580000
1695737478157 0.0 584000
1695737541828 0.0 588000
1695737604268 0.0 592000
1695737666344 0.0 596000
1695737728552 0.0 600000
1695737791480 0.0 604000
1695737853442 0.0 608000
1695737916129 0.0 612000
1695737978496 0.0 616000
1695738041145 0.0 620000
1695738103391 0.0 624000
1695738167227 0.0 628000
1695738229899 0.0 632000
1695738292459 0.0 636000
1695738354941 0.0 640000
1695738417810 0.0 644000
1695738479760 0.0 648000
1695738542347 0.0 652000
1695738605788 0.0 656000
1695738668058 0.0 660000
1695738731612 0.0 664000
1695738794079 0.0 668000
1695738858424 0.0 672000
1695738921158 0.0 676000
1695738984346 0.0 680000
1695739046626 0.0 684000
1695739109999 0.0 688000
1695739171872 0.0 692000
1695739235402 0.0 696000
1695739297648 0.0 700000
1695739360458 0.0 704000
1695739423131 0.0 708000
1695739487934 0.0 712000
1695739550587 0.0 716000
1695739613214 0.0 720000
1695739675914 0.0 724000
1695739737705 0.0 728000
1695739800391 0.0 732000
1695739862622 0.0 736000
1695739925765 0.0 740000
1695739987609 0.0 744000
1695740051510 0.0 748000
1695740114326 0.0 752000
1695740177549 0.0 756000
1695740240022 0.0 760000
1695740301888 0.0 764000
1695740363468 0.0 768000
1695740425961 0.0 772000
1695740488789 0.0 776000
1695740550629 0.0 780000
1695740613330 0.0 784000
1695740675952 0.0 788000
1695740739713 0.0 792000
1695740801613 0.0 796000
1695740864881 0.0 800000
1695740927075 0.0 804000
1695740989334 0.0 808000
1695741052663 0.0 812000
1695741116315 0.0 816000
1695741179048 0.0 820000
1695741241953 0.0 824000
1695741305056 0.0 828000
1695741368385 0.0 832000
1695741432622 0.0 836000
1695741500648 0.0 840000
1695741566692 0.0 844000
1695741631636 0.0 848000
1695741707273 0.0 852000
1695741770115 0.0 856000
1695741834181 0.0 860000
1695741896145 0.0 864000
1695741958341 0.0 868000
1695742020582 0.0 872000
1695742083729 0.0 876000
1695742146398 0.0 880000
1695742211504 0.0 884000
1695742275758 0.0 888000
1695742341493 0.0 892000
1695742413463 0.0 896000
1695742481822 0.0 900000
1695742548145 0.0 904000
1695742610611 0.0 908000
1695742672726 0.0 912000
1695742735011 0.0 916000
1695742798310 0.0 920000
1695742861409 0.0 924000
1695742923994 0.0 928000
1695742986242 0.0 932000
1695743049543 0.0 936000
1695743111824 0.0 940000
1695743175796 0.0 944000
1695743237762 0.0 948000
1695743299662 0.0 952000
1695743361862 0.0 956000
1695743425161 0.0 960000
1695743487638 0.0 964000
1695743552022 0.0 968000
1695743614176 0.0 972000
1695743677367 0.0 976000
1695743740406 0.0 980000
1695743804680 0.0 984000
1695743866855 0.0 988000
1695743929983 0.0 992000
1695743991612 0.0 996000
1695744054954 0.0 1000000
