1695731491831 4000.0 244000
1695731555203 4000.0 248000
1695731626856 4000.0 252000
1695731693848 4000.0 256000
1695731770281 4000.0 260000
1695731847704 4000.0 264000
1695731929157 4000.0 268000
1695732007390 4000.0 272000
1695732085444 4000.0 276000
1695732161477 4000.0 280000
1695732229705 4000.0 284000
1695732296132 4000.0 288000
1695732365242 4000.0 292000
1695732431594 4000.0 296000
1695732499162 4000.0 300000
1695732565046 4000.0 304000
1695732635302 4000.0 308000
1695732702927 4000.0 312000
1695732772256 4000.0 316000
1695732841447 4000.0 320000
1695732910112 4000.0 324000
1695732988572 4000.0 328000
1695733057632 4000.0 332000
1695733127092 4000.0 336000
1695733197069 4000.0 340000
1695733266781 4000.0 344000
1695733337578 4000.0 348000
1695733406135 4000.0 352000
1695733474965 4000.0 356000
1695733547025 4000.0 360000
1695733617601 4000.0 364000
1695733686085 4000.0 368000
1695733756075 4000.0 372000
1695733824314 4000.0 376000
1695733894814 4000.0 380000
1695733964145 4000.0 384000
1695734035142 4000.0 388000
1695734104124 4000.0 392000
1695734175554 4000.0 396000
1695734244599 4000.0 400000
1695734315622 4000.0 404000
1695734384529 4000.0 408000
1695734453315 4000.0 412000
1695734520604 4000.0 416000
1695734588309 4000.0 420000
1695734658256 4000.0 424000
1695734727925 4000.0 428000
1695734796817 4000.0 432000
1695734870148 4000.0 436000
1695734945683 4000.0 440000
1695735016993 4000.0 444000
1695735086292 4000.0 448000
1695735161617 4000.0 452000
1695735231856 4000.0 456000
1695735305783 4000.0 460000
1695735382034 4000.0 464000
1695735453053 4000.0 468000
1695735524286 4000.0 472000
1695735599048 4000.0 476000
1695735678553 4000.0 480000
1695735759673 4000.0 484000
1695735842237 4000.0 488000
1695735925666 4000.0 492000
1695736013341 4000.0 496000
1695736097190 4000.0 500000
1695736173516 4000.0 504000
1695736248749 4000.0 508000
1695736320477 4000.0 512000
1695736388079 4000.0 516000
1695736454215 4000.0 520000
1695736520546 4000.0 524000
1695736586974 4000.0 528000
1695736651600 4000.0 532000
1695736716039 4000.0 536000
1695736779393 4000.0 540000
1695736842105 4000.0 544000
1695736905298 4000.0 548000
1695736968372 4000.0 552000
1695737032069 4000.0 556000
1695737093981 4000.0 560000
1695737157890 4000.0 564000
1695737219552 4000.0 568000
1695737281871 4000.0 572000
1695737344548 4000.0 576000
1695737411874 4000.0 580000
1695737478167 4000.0 584000
1695737541837 4000.0 588000
1695737604277 4000.0 592000
1695737666355 4000.0 596000
1695737728562 4000.0 600000
1695737791490 4000.0 604000
1695737853451 4000.0 608000
1695737916138 4000.0 612000
1695737978506 4000.0 616000
1695738041154 4000.0 620000
1695738103400 4000.0 624000
1695738167237 4000.0 628000
1695738229910 4000.0 632000
1695738292469 4000.0 636000
1695738354951 4000.0 640000
1695738417820 4000.0 644000
1695738479771 4000.0 648000
1695738542357 4000.0 652000
1695738605797 4000.0 656000
1695738668068 4000.0 660000
1695738731622 4000.0 664000
1695738794088 4000.0 668000
1695738858433 4000.0 672000
1695738921168 4000.0 676000
1695738984357 4000.0 680000
1695739046636 4000.0 684000
1695739110008 4000.0 688000
1695739171882 4000.0 692000
1695739235412 4000.0 696000
1695739297659 4000.0 700000
1695739360467 4000.0 704000
1695739423141 4000.0 708000
1695739487943 4000.0 712000
1695739550597 4000.0 716000
1695739613223 4000.0 720000
1695739675923 4000.0 724000
1695739737715 4000.0 728000
1695739800400 4000.0 732000
1695739862632 4000.0 736000
1695739925775 4000.0 740000
1695739987619 4000.0 744000
1695740051520 4000.0 748000
1695740114336 4000.0 752000
1695740177559 4000.0 756000
1695740240032 4000.0 760000
1695740301897 4000.0 764000
1695740363477 4000.0 768000
1695740425971 4000.0 772000
1695740488798 4000.0 776000
1695740550638 4000.0 780000
1695740613341 4000.0 784000
1695740675962 4000.0 788000
1695740739722 4000.0 792000
1695740801623 4000.0 796000
1695740864890 4000.0 800000
1695740927086 4000.0 804000
1695740989343 4000.0 808000
1695741052672 4000.0 812000
1695741116325 4000.0 816000
1695741179057 4000.0 820000
1695741241962 4000.0 824000
1695741305065 4000.0 828000
1695741368395 4000.0 832000
1695741432632 4000.0 836000
1695741500658 4000.0 840000
1695741566702 4000.0 844000
1695741631645 4000.0 848000
1695741707283 4000.0 852000
1695741770124 4000.0 856000
1695741834191 4000.0 860000
1695741896155 4000.0 864000
1695741958350 4000.0 868000
1695742020591 4000.0 872000
1695742083739 4000.0 876000
1695742146407 4000.0 880000
1695742211519 4000.0 884000
1695742275768 4000.0 888000
1695742341504 4000.0 892000
1695742413476 4000.0 896000
1695742481832 4000.0 900000
1695742548156 4000.0 904000
1695742610621 4000.0 908000
1695742672735 4000.0 912000
1695742735021 4000.0 916000
1695742798320 4000.0 920000
1695742861419 4000.0 924000
1695742924004 4000.0 928000
1695742986251 4000.0 932000
1695743049553 4000.0 936000
1695743111834 4000.0 940000
1695743175805 4000.0 944000
1695743237771 4000.0 948000
1695743299672 4000.0 952000
1695743361871 4000.0 956000
1695743425170 4000.0 960000
1695743487648 4000.0 964000
1695743552032 4000.0 968000
1695743614185 4000.0 972000
1695743677376 4000.0 976000
1695743740415 4000.0 980000
1695743804690 4000.0 984000
1695743866865 4000.0 988000
1695743929992 4000.0 992000
1695743991621 4000.0 996000
1695744054963 4000.0 1000000
