1695731491822 0.0 244000
1695731555194 0.0 248000
1695731626847 0.0 252000
1695731693839 0.0 256000
1695731770269 0.0 260000
1695731847694 0.0 264000
1695731929147 0.0 268000
1695732007381 0.0 272000
1695732085433 0.0 276000
1695732161468 0.0 280000
1695732229696 0.0 284000
1695732296124 0.0 288000
1695732365233 0.0 292000
1695732431584 0.0 296000
1695732499154 0.0 300000
1695732565037 0.0 304000
1695732635289 0.0 308000
1695732702918 0.0 312000
1695732772246 0.0 316000
1695732841438 0.0 320000
1695732910103 0.0 324000
1695732988564 0.0 328000
1695733057623 0.0 332000
1695733127083 0.0 336000
1695733197060 0.0 340000
1695733266772 0.0 344000
1695733337567 0.0 348000
1695733406126 0.0 352000
1695733474956 0.0 356000
1695733547015 0.0 360000
1695733617591 0.0 364000
1695733686075 0.0 368000
1695733756066 0.0 372000
1695733824305 0.0 376000
1695733894805 0.0 380000
1695733964137 0.0 384000
1695734035132 0.0 388000
1695734104115 0.0 392000
1695734175545 0.0 396000
1695734244590 0.0 400000
1695734315613 0.0 404000
1695734384518 0.0 408000
1695734453306 0.0 412000
1695734520596 0.0 416000
1695734588300 0.0 420000
1695734658247 0.0 424000
1695734727917 0.0 428000
1695734796809 0.0 432000
1695734870139 0.0 436000
1695734945674 0.0 440000
1695735016983 0.0 444000
1695735086284 0.0 448000
1695735161608 0.0 452000
1695735231847 0.0 456000
1695735305773 0.0 460000
1695735382023 0.0 464000
1695735453044 0.0 468000
1695735524277 0.0 472000
1695735599038 0.0 476000
1695735678543 0.0 480000
1695735759661 0.0 484000
1695735842226 0.0 488000
1695735925656 0.0 492000
1695736013331 0.0 496000
1695736097180 0.0 500000
1695736173506 0.0 504000
1695736248737 0.0 508000
1695736320460 0.0 512000
1695736388071 0.0 516000
1695736454208 0.0 520000
1695736520538 0.0 524000
1695736586965 0.0 528000
1695736651592 0.0 532000
1695736716031 0.0 536000
1695736779384 0.0 540000
1695736842098 0.0 544000
1695736905289 0.0 548000
1695736968364 0.0 552000
1695737032060 0.0 556000
1695737093973 0.0 560000
1695737157882 0.0 564000
1695737219544 0.0 568000
1695737281863 0.0 572000
1695737344540 0.0 576000
1695737411864 0.0 580000
1695737478158 0.0 584000
1695737541829 0.0 588000
1695737604269 0.0 592000
1695737666346 0.0 596000
1695737728554 0.0 600000
1695737791481 0.0 604000
1695737853443 0.0 608000
1695737916130 0.0 612000
1695737978498 0.0 616000
1695738041146 0.0 620000
1695738103393 0.0 624000
1695738167229 0.0 628000
1695738229901 0.0 632000
1695738292461 0.0 636000
1695738354942 0.0 640000
1695738417812 0.0 644000
1695738479762 0.0 648000
1695738542348 0.0 652000
1695738605789 0.0 656000
1695738668060 0.0 660000
1695738731614 0.0 664000
1695738794080 0.0 668000
1695738858425 0.0 672000
1695738921160 0.0 676000
1695738984348 0.0 680000
1695739046627 0.0 684000
1695739110001 0.0 688000
1695739171874 0.0 692000
1695739235404 0.0 696000
1695739297650 0.0 700000
1695739360459 0.0 704000
1695739423132 0.0 708000
1695739487935 0.0 712000
1695739550589 0.0 716000
1695739613216 0.0 720000
1695739675916 0.0 724000
1695739737706 0.0 728000
1695739800392 0.0 732000
1695739862623 0.0 736000
1695739925766 0.0 740000
1695739987611 0.0 744000
1695740051512 0.0 748000
1695740114327 0.0 752000
1695740177551 0.0 756000
1695740240024 0.0 760000
1695740301889 0.0 764000
1695740363469 0.0 768000
1695740425963 0.0 772000
1695740488790 0.0 776000
1695740550630 0.0 780000
1695740613332 0.0 784000
1695740675953 0.0 788000
1695740739714 0.0 792000
1695740801614 0.0 796000
1695740864882 0.0 800000
1695740927076 0.0 804000
1695740989336 0.0 808000
1695741052664 0.0 812000
1695741116317 0.0 816000
1695741179050 0.0 820000
1695741241954 0.0 824000
1695741305057 0.0 828000
1695741368387 0.0 832000
1695741432624 0.0 836000
1695741500649 0.0 840000
1695741566694 0.0 844000
1695741631637 0.0 848000
1695741707275 0.0 852000
1695741770116 0.0 856000
1695741834183 0.0 860000
1695741896146 0.0 864000
1695741958342 0.0 868000
1695742020584 0.0 872000
1695742083731 0.0 876000
1695742146400 0.0 880000
1695742211505 0.0 884000
1695742275759 0.0 888000
1695742341495 0.0 892000
1695742413465 0.0 896000
1695742481824 0.0 900000
1695742548147 0.0 904000
1695742610613 0.0 908000
1695742672727 0.0 912000
1695742735012 0.0 916000
1695742798312 0.0 920000
1695742861411 0.0 924000
1695742923996 0.0 928000
1695742986243 0.0 932000
1695743049544 0.0 936000
1695743111825 0.0 940000
1695743175798 0.0 944000
1695743237763 0.0 948000
1695743299664 0.0 952000
1695743361863 0.0 956000
1695743425162 0.0 960000
1695743487640 0.0 964000
1695743552024 0.0 968000
1695743614177 0.0 972000
1695743677368 0.0 976000
1695743740407 0.0 980000
1695743804682 0.0 984000
1695743866856 0.0 988000
1695743929985 0.0 992000
1695743991614 0.0 996000
1695744054956 0.0 1000000
