1695731491828 67.91817809689343 244000
1695731555201 63.58179225551831 248000
1695731626854 56.17710234180396 252000
1695731693846 60.08917151197201 256000
1695731770278 52.665629601051585 260000
1695731847701 52.020739564963755 264000
1695731929155 49.43875346047665 268000
1695732007388 51.47600915189134 272000
1695732085440 51.59156927303507 276000
1695732161474 52.98941978169348 280000
1695732229703 59.032115671788354 284000
1695732296130 60.6369553844072 288000
1695732365240 58.273200063380365 292000
1695732431591 60.71570016317682 296000
1695732499160 59.597604160978186 300000
1695732565044 61.133731126351336 304000
1695732635297 57.3691781501713 308000
1695732702924 59.5962928691579 312000
1695732772253 58.111128612383034 316000
1695732841444 58.21525398231521 320000
1695732910110 58.677112655409196 324000
1695732988570 51.28443338397131 328000
1695733057630 58.32773035197883 332000
1695733127089 57.99020229485261 336000
1695733197066 57.549245167858565 340000
1695733266778 57.78013700063392 344000
1695733337575 56.93040276436659 348000
1695733406132 58.81433853307745 352000
1695733474963 58.52917480800832 356000
1695733547023 55.91150958615768 360000
1695733617598 57.120745324033315 364000
1695733686083 58.852687435468354 368000
1695733756072 57.579121615982736 372000
1695733824311 59.03566398233501 376000
1695733894811 57.12716164036859 380000
1695733964143 58.10762857930998 384000
1695734035139 56.7563970582845 388000
1695734104122 58.43046432755154 392000
1695734175551 56.38761762949393 396000
1695734244596 58.35586801307391 400000
1695734315620 56.750607391458175 404000
1695734384526 58.47400040737838 408000
1695734453313 58.61463895613329 412000
1695734520602 59.882623288710185 416000
1695734588306 59.53156898019882 420000
1695734658254 57.62204278773647 424000
1695734727923 57.8425487689463 428000
1695734796815 58.49263862345028 432000
1695734870146 54.94195472116177 436000
1695734945681 53.35589451570195 440000
1695735016990 56.54314917404623 444000
1695735086290 58.20460562531719 448000
1695735161614 53.4757906399995 452000
1695735231854 57.381463511374136 456000
1695735305780 54.53102911146542 460000
1695735382031 52.86277013840884 464000
1695735453050 56.815430431996155 468000
1695735524283 56.587791725460306 472000
1695735599045 53.90936321349342 476000
1695735678550 50.69856216383379 480000
1695735759669 49.70038801440909 484000
1695735842234 48.815930397904765 488000
1695735925663 48.30875576042174 492000
1695736013338 45.95861290764322 496000
1695736097187 48.06869768228915 500000
1695736173513 52.83285876955686 504000
1695736248745 53.62107859042537 508000
1695736320472 56.33143532606776 512000
1695736388077 59.70487743387392 516000
1695736454213 60.96047221553229 520000
1695736520544 60.802746762878904 524000
1695736586971 60.6820446691501 528000
1695736651598 62.385371098824535 532000
1695736716037 62.572409139249366 536000
1695736779390 63.648469819738715 540000
1695736842103 64.29920405646754 544000
1695736905295 63.86300019274372 548000
1695736968370 63.94930020518896 552000
1695737032066 63.32887706656023 556000
1695737093979 65.15957719501796 560000
1695737157888 63.13281036217006 564000
1695737219550 65.42917945264432 568000
1695737281869 64.7345296276273 572000
1695737344546 64.38189023563599 576000
1695737411871 59.94986544882068 580000
1695737478165 60.8554325357261 584000
1695737541835 63.35450420992001 588000
1695737604275 64.61618084111113 592000
1695737666352 64.98329599872783 596000
1695737728560 64.85634703170504 600000
1695737791488 64.13198990986706 604000
1695737853449 65.11628990111626 608000
1695737916136 64.35653131439095 612000
1695737978504 64.6859079054793 616000
1695738041152 64.40797408901753 620000
1695738103398 64.81561369758 624000
1695738167235 63.211963994021595 628000
1695738229907 64.3979367699474 632000
1695738292467 64.49499138276204 636000
1695738354949 64.59932219291672 640000
1695738417818 64.22424291896739 644000
1695738479768 65.15429610137976 648000
1695738542355 64.48792709450224 652000
1695738605795 63.629651418106974 656000
1695738668066 64.828987220805 660000
1695738731620 63.49280164312426 664000
1695738794086 64.60304471920209 668000
1695738858431 62.70578961713359 672000
1695738921166 64.34389241097205 676000
1695738984355 63.88400091165945 680000
1695739046633 64.8866094894994 684000
1695739110006 63.67450011578119 688000
1695739171880 65.2421338830137 692000
1695739235410 63.528317798656445 696000
1695739297656 64.85963912278423 700000
1695739360465 64.31080406946721 704000
1695739423139 64.4611629855143 708000
1695739487941 62.30077016455606 712000
1695739550595 64.42905769851025 716000
1695739613221 64.46944247523197 720000
1695739675921 64.44091252888093 724000
1695739737713 65.36558808185568 728000
1695739800398 64.41065898412027 732000
1695739862629 64.88914721306867 736000
1695739925773 63.9461125496779 740000
1695739987617 65.29992190654914 744000
1695740051517 63.16448806202969 748000
1695740114333 64.2725431510327 752000
1695740177557 63.84621927494485 756000
1695740240030 64.6307954691102 760000
1695740301895 65.30545312819933 764000
1695740363475 65.57614438357619 768000
1695740425968 64.62481260942708 772000
1695740488796 64.25179412026331 776000
1695740550636 65.30961773126636 780000
1695740613338 64.39617017949516 784000
1695740675959 64.47021640966955 788000
1695740739720 63.31021943219921 792000
1695740801620 65.25347742260693 796000
1695740864888 63.834598492888226 800000
1695740927083 64.96966853573365 804000
1695740989341 64.90634883430731 808000
1695741052670 63.75888229659509 812000
1695741116322 63.437850342664156 816000
1695741179055 64.36279571397714 820000
1695741241960 64.20749230746587 824000
1695741305063 64.0241184606408 828000
1695741368392 63.80112043166833 832000
1695741432630 62.87818669814526 836000
1695741500656 59.36427710723601 840000
1695741566700 61.189796773418976 844000
1695741631643 62.20977019431272 848000
1695741707281 53.352747712700925 852000
1695741770122 64.32079895425396 856000
1695741834189 63.04880138000125 860000
1695741896152 65.21697359564449 864000
1695741958348 65.01236476477497 868000
1695742020589 64.92117793230146 872000
1695742083737 64.00787914372287 876000
1695742146405 64.49826399950204 880000
1695742211515 62.105697568566406 884000
1695742275766 62.89001371319767 888000
1695742341501 61.4502866219544 892000
1695742413473 56.16397046366887 896000
1695742481830 59.16414270153892 900000
1695742548153 60.91638013728212 904000
1695742610619 64.70354366877035 908000
1695742672733 65.0623279537172 912000
1695742735018 64.88723712595312 916000
1695742798318 63.841407640888185 920000
1695742861417 64.10655234620064 924000
1695742924002 64.62034535653775 928000
1695742986249 64.95149917546881 932000
1695743049551 63.84369395732601 936000
1695743111832 64.90138538051306 940000
1695743175803 63.172063386146036 944000
1695743237769 65.24049597677576 948000
1695743299670 65.30084121245609 952000
1695743361869 64.99784349950454 956000
1695743425167 63.85055899232548 960000
1695743487645 64.73024174356372 964000
1695743552030 62.75160232491002 968000
1695743614183 65.04475608577026 972000
1695743677374 63.957155166554266 976000
1695743740413 64.11637529104034 980000
1695743804688 62.88243140072139 984000
1695743866863 65.04898737900723 988000
1695743929990 64.04614628625642 992000
1695743991619 65.6022092859805 996000
1695744054961 63.80431208914785 1000000
