1695731491821 10.0 244000
1695731555194 10.0 248000
1695731626846 10.0 252000
1695731693839 10.0 256000
1695731770268 10.0 260000
1695731847693 10.0 264000
1695731929146 10.0 268000
1695732007380 10.0 272000
1695732085432 10.0 276000
1695732161467 10.0 280000
1695732229695 10.0 284000
1695732296123 10.0 288000
1695732365232 10.0 292000
1695732431583 10.0 296000
1695732499153 10.0 300000
1695732565037 10.0 304000
1695732635288 10.0 308000
1695732702917 10.0 312000
1695732772246 10.0 316000
1695732841437 10.0 320000
1695732910102 10.0 324000
1695732988563 10.0 328000
1695733057623 10.0 332000
1695733127082 10.0 336000
1695733197059 10.0 340000
1695733266771 10.0 344000
1695733337566 10.0 348000
1695733406125 10.0 352000
1695733474955 10.0 356000
1695733547014 10.0 360000
1695733617591 10.0 364000
1695733686074 10.0 368000
1695733756065 10.0 372000
1695733824304 10.0 376000
1695733894804 10.0 380000
1695733964137 10.0 384000
1695734035132 10.0 388000
1695734104114 10.0 392000
1695734175544 10.0 396000
1695734244590 10.0 400000
1695734315612 10.0 404000
1695734384517 10.0 408000
1695734453305 10.0 412000
1695734520595 10.0 416000
1695734588299 10.0 420000
1695734658246 10.0 424000
1695734727916 10.0 428000
1695734796808 10.0 432000
1695734870138 10.0 436000
1695734945673 10.0 440000
1695735016982 10.0 444000
1695735086283 10.0 448000
1695735161607 10.0 452000
1695735231846 10.0 456000
1695735305772 10.0 460000
1695735382023 10.0 464000
1695735453043 10.0 468000
1695735524276 10.0 472000
1695735599037 10.0 476000
1695735678542 10.0 480000
1695735759660 10.0 484000
1695735842224 10.0 488000
1695735925655 10.0 492000
1695736013330 10.0 496000
1695736097179 10.0 500000
1695736173505 10.0 504000
1695736248736 10.0 508000
1695736320458 10.0 512000
1695736388071 10.0 516000
1695736454207 10.0 520000
1695736520538 10.0 524000
1695736586964 10.0 528000
1695736651591 10.0 532000
1695736716030 10.0 536000
1695736779383 10.0 540000
1695736842097 10.0 544000
1695736905288 10.0 548000
1695736968363 10.0 552000
1695737032059 10.0 556000
1695737093972 10.0 560000
1695737157881 10.0 564000
1695737219543 10.0 568000
1695737281863 10.0 572000
1695737344539 10.0 576000
1695737411863 10.0 580000
1695737478157 10.0 584000
1695737541829 10.0 588000
1695737604269 10.0 592000
1695737666345 10.0 596000
1695737728553 10.0 600000
1695737791480 10.0 604000
1695737853442 10.0 608000
1695737916129 10.0 612000
1695737978497 10.0 616000
1695738041145 10.0 620000
1695738103392 10.0 624000
1695738167228 10.0 628000
1695738229900 10.0 632000
1695738292460 10.0 636000
1695738354942 10.0 640000
1695738417811 10.0 644000
1695738479761 10.0 648000
1695738542347 10.0 652000
1695738605788 10.0 656000
1695738668059 10.0 660000
1695738731613 10.0 664000
1695738794079 10.0 668000
1695738858424 10.0 672000
1695738921159 10.0 676000
1695738984347 10.0 680000
1695739046626 10.0 684000
1695739110000 10.0 688000
1695739171873 10.0 692000
1695739235403 10.0 696000
1695739297649 10.0 700000
1695739360459 10.0 704000
1695739423132 10.0 708000
1695739487934 10.0 712000
1695739550588 10.0 716000
1695739613215 10.0 720000
1695739675915 10.0 724000
1695739737705 10.0 728000
1695739800392 10.0 732000
1695739862623 10.0 736000
1695739925766 10.0 740000
1695739987610 10.0 744000
1695740051511 10.0 748000
1695740114326 10.0 752000
1695740177550 10.0 756000
1695740240023 10.0 760000
1695740301888 10.0 764000
1695740363468 10.0 768000
1695740425962 10.0 772000
1695740488789 10.0 776000
1695740550629 10.0 780000
1695740613331 10.0 784000
1695740675953 10.0 788000
1695740739714 10.0 792000
1695740801614 10.0 796000
1695740864881 10.0 800000
1695740927076 10.0 804000
1695740989335 10.0 808000
1695741052663 10.0 812000
1695741116316 10.0 816000
1695741179049 10.0 820000
1695741241954 10.0 824000
1695741305057 10.0 828000
1695741368386 10.0 832000
1695741432623 10.0 836000
1695741500649 10.0 840000
1695741566693 10.0 844000
1695741631636 10.0 848000
1695741707274 10.0 852000
1695741770116 10.0 856000
1695741834182 10.0 860000
1695741896146 10.0 864000
1695741958342 10.0 868000
1695742020583 10.0 872000
1695742083730 10.0 876000
1695742146399 10.0 880000
1695742211505 10.0 884000
1695742275759 10.0 888000
1695742341494 10.0 892000
1695742413464 10.0 896000
1695742481823 10.0 900000
1695742548146 10.0 904000
1695742610612 10.0 908000
1695742672727 10.0 912000
1695742735012 10.0 916000
1695742798311 10.0 920000
1695742861410 10.0 924000
1695742923995 10.0 928000
1695742986243 10.0 932000
1695743049544 10.0 936000
1695743111824 10.0 940000
1695743175797 10.0 944000
1695743237763 10.0 948000
1695743299663 10.0 952000
1695743361862 10.0 956000
1695743425161 10.0 960000
1695743487639 10.0 964000
1695743552023 10.0 968000
1695743614176 10.0 972000
1695743677368 10.0 976000
1695743740406 10.0 980000
1695743804681 10.0 984000
1695743866856 10.0 988000
1695743929984 10.0 992000
1695743991613 10.0 996000
1695744054955 10.0 1000000
