1695731491827 4000.0 244000
1695731555200 4000.0 248000
1695731626853 4000.0 252000
1695731693845 4000.0 256000
1695731770277 4000.0 260000
1695731847700 4000.0 264000
1695731929154 4000.0 268000
1695732007387 4000.0 272000
1695732085439 4000.0 276000
1695732161474 4000.0 280000
1695732229702 4000.0 284000
1695732296129 4000.0 288000
1695732365239 4000.0 292000
1695732431590 4000.0 296000
1695732499159 4000.0 300000
1695732565043 4000.0 304000
1695732635296 4000.0 308000
1695732702923 4000.0 312000
1695732772252 4000.0 316000
1695732841444 4000.0 320000
1695732910109 4000.0 324000
1695732988569 4000.0 328000
1695733057629 4000.0 332000
1695733127089 4000.0 336000
1695733197066 4000.0 340000
1695733266778 4000.0 344000
1695733337574 4000.0 348000
1695733406132 4000.0 352000
1695733474962 4000.0 356000
1695733547022 4000.0 360000
1695733617597 4000.0 364000
1695733686082 4000.0 368000
1695733756072 4000.0 372000
1695733824310 4000.0 376000
1695733894811 4000.0 380000
1695733964142 4000.0 384000
1695734035139 4000.0 388000
1695734104121 4000.0 392000
1695734175550 4000.0 396000
1695734244596 4000.0 400000
1695734315619 4000.0 404000
1695734384525 4000.0 408000
1695734453312 4000.0 412000
1695734520602 4000.0 416000
1695734588306 4000.0 420000
1695734658253 4000.0 424000
1695734727922 4000.0 428000
1695734796814 4000.0 432000
1695734870145 4000.0 436000
1695734945680 4000.0 440000
1695735016989 4000.0 444000
1695735086289 4000.0 448000
1695735161614 4000.0 452000
1695735231853 4000.0 456000
1695735305779 4000.0 460000
1695735382030 4000.0 464000
1695735453049 4000.0 468000
1695735524282 4000.0 472000
1695735599044 4000.0 476000
1695735678549 4000.0 480000
1695735759668 4000.0 484000
1695735842233 4000.0 488000
1695735925662 4000.0 492000
1695736013337 4000.0 496000
1695736097186 4000.0 500000
1695736173512 4000.0 504000
1695736248744 4000.0 508000
1695736320471 4000.0 512000
1695736388076 4000.0 516000
1695736454212 4000.0 520000
1695736520543 4000.0 524000
1695736586971 4000.0 528000
1695736651597 4000.0 532000
1695736716036 4000.0 536000
1695736779389 4000.0 540000
1695736842103 4000.0 544000
1695736905294 4000.0 548000
1695736968369 4000.0 552000
1695737032066 4000.0 556000
1695737093978 4000.0 560000
1695737157887 4000.0 564000
1695737219549 4000.0 568000
1695737281868 4000.0 572000
1695737344545 4000.0 576000
1695737411870 4000.0 580000
1695737478164 4000.0 584000
1695737541834 4000.0 588000
1695737604274 4000.0 592000
1695737666351 4000.0 596000
1695737728559 4000.0 600000
1695737791487 4000.0 604000
1695737853448 4000.0 608000
1695737916135 4000.0 612000
1695737978503 4000.0 616000
1695738041151 4000.0 620000
1695738103398 4000.0 624000
1695738167234 4000.0 628000
1695738229907 4000.0 632000
1695738292466 4000.0 636000
1695738354948 4000.0 640000
1695738417817 4000.0 644000
1695738479768 4000.0 648000
1695738542354 4000.0 652000
1695738605794 4000.0 656000
1695738668065 4000.0 660000
1695738731619 4000.0 664000
1695738794085 4000.0 668000
1695738858430 4000.0 672000
1695738921165 4000.0 676000
1695738984352 4000.0 680000
1695739046632 4000.0 684000
1695739110006 4000.0 688000
1695739171879 4000.0 692000
1695739235409 4000.0 696000
1695739297655 4000.0 700000
1695739360465 4000.0 704000
1695739423138 4000.0 708000
1695739487940 4000.0 712000
1695739550594 4000.0 716000
1695739613221 4000.0 720000
1695739675920 4000.0 724000
1695739737712 4000.0 728000
1695739800397 4000.0 732000
1695739862629 4000.0 736000
1695739925772 4000.0 740000
1695739987616 4000.0 744000
1695740051517 4000.0 748000
1695740114333 4000.0 752000
1695740177556 4000.0 756000
1695740240029 4000.0 760000
1695740301894 4000.0 764000
1695740363474 4000.0 768000
1695740425968 4000.0 772000
1695740488795 4000.0 776000
1695740550635 4000.0 780000
1695740613337 4000.0 784000
1695740675959 4000.0 788000
1695740739720 4000.0 792000
1695740801620 4000.0 796000
1695740864888 4000.0 800000
1695740927082 4000.0 804000
1695740989340 4000.0 808000
1695741052669 4000.0 812000
1695741116322 4000.0 816000
1695741179054 4000.0 820000
1695741241959 4000.0 824000
1695741305062 4000.0 828000
1695741368392 4000.0 832000
1695741432629 4000.0 836000
1695741500655 4000.0 840000
1695741566699 4000.0 844000
1695741631642 4000.0 848000
1695741707280 4000.0 852000
1695741770121 4000.0 856000
1695741834188 4000.0 860000
1695741896151 4000.0 864000
1695741958347 4000.0 868000
1695742020588 4000.0 872000
1695742083736 4000.0 876000
1695742146404 4000.0 880000
1695742211514 4000.0 884000
1695742275765 4000.0 888000
1695742341501 4000.0 892000
1695742413472 4000.0 896000
1695742481829 4000.0 900000
1695742548153 4000.0 904000
1695742610618 4000.0 908000
1695742672732 4000.0 912000
1695742735017 4000.0 916000
1695742798317 4000.0 920000
1695742861416 4000.0 924000
1695742924001 4000.0 928000
1695742986248 4000.0 932000
1695743049550 4000.0 936000
1695743111831 4000.0 940000
1695743175802 4000.0 944000
1695743237768 4000.0 948000
1695743299669 4000.0 952000
1695743361868 4000.0 956000
1695743425167 4000.0 960000
1695743487645 4000.0 964000
1695743552029 4000.0 968000
1695743614182 4000.0 972000
1695743677373 4000.0 976000
1695743740412 4000.0 980000
1695743804687 4000.0 984000
1695743866862 4000.0 988000
1695743929989 4000.0 992000
1695743991619 4000.0 996000
1695744054960 4000.0 1000000
