1695731491825 244000.0 244000
1695731555198 248000.0 248000
1695731626850 252000.0 252000
1695731693843 256000.0 256000
1695731770274 260000.0 260000
1695731847698 264000.0 264000
1695731929151 268000.0 268000
1695732007384 272000.0 272000
1695732085437 276000.0 276000
1695732161471 280000.0 280000
1695732229700 284000.0 284000
1695732296127 288000.0 288000
1695732365236 292000.0 292000
1695732431588 296000.0 296000
1695732499157 300000.0 300000
1695732565040 304000.0 304000
1695732635293 308000.0 308000
1695732702921 312000.0 312000
1695732772250 316000.0 316000
1695732841441 320000.0 320000
1695732910107 324000.0 324000
1695732988567 328000.0 328000
1695733057627 332000.0 332000
1695733127086 336000.0 336000
1695733197063 340000.0 340000
1695733266775 344000.0 344000
1695733337571 348000.0 348000
1695733406129 352000.0 352000
1695733474960 356000.0 356000
1695733547019 360000.0 360000
1695733617595 364000.0 364000
1695733686079 368000.0 368000
1695733756069 372000.0 372000
1695733824308 376000.0 376000
1695733894808 380000.0 380000
1695733964140 384000.0 384000
1695734035136 388000.0 388000
1695734104118 392000.0 392000
1695734175548 396000.0 396000
1695734244593 400000.0 400000
1695734315616 404000.0 404000
1695734384522 408000.0 408000
1695734453309 412000.0 412000
1695734520599 416000.0 416000
1695734588303 420000.0 420000
1695734658250 424000.0 424000
1695734727920 428000.0 428000
1695734796812 432000.0 432000
1695734870142 436000.0 436000
1695734945678 440000.0 440000
1695735016987 444000.0 444000
1695735086287 448000.0 448000
1695735161611 452000.0 452000
1695735231850 456000.0 456000
1695735305776 460000.0 460000
1695735382027 464000.0 464000
1695735453047 468000.0 468000
1695735524280 472000.0 472000
1695735599042 476000.0 476000
1695735678546 480000.0 480000
1695735759665 484000.0 484000
1695735842231 488000.0 488000
1695735925660 492000.0 492000
1695736013335 496000.0 496000
1695736097184 500000.0 500000
1695736173510 504000.0 504000
1695736248741 508000.0 508000
1695736320466 512000.0 512000
1695736388074 516000.0 516000
1695736454210 520000.0 520000
1695736520541 524000.0 524000
1695736586968 528000.0 528000
1695736651595 532000.0 532000
1695736716034 536000.0 536000
1695736779387 540000.0 540000
1695736842101 544000.0 544000
1695736905292 548000.0 548000
1695736968367 552000.0 552000
1695737032063 556000.0 556000
1695737093976 560000.0 560000
1695737157885 564000.0 564000
1695737219547 568000.0 568000
1695737281866 572000.0 572000
1695737344543 576000.0 576000
1695737411867 580000.0 580000
1695737478162 584000.0 584000
1695737541832 588000.0 588000
1695737604272 592000.0 592000
1695737666349 596000.0 596000
1695737728557 600000.0 600000
1695737791484 604000.0 604000
1695737853446 608000.0 608000
1695737916133 612000.0 612000
1695737978501 616000.0 616000
1695738041149 620000.0 620000
1695738103396 624000.0 624000
1695738167232 628000.0 628000
1695738229904 632000.0 632000
1695738292463 636000.0 636000
1695738354945 640000.0 640000
1695738417815 644000.0 644000
1695738479765 648000.0 648000
1695738542351 652000.0 652000
1695738605792 656000.0 656000
1695738668063 660000.0 660000
1695738731617 664000.0 664000
1695738794083 668000.0 668000
1695738858428 672000.0 672000
1695738921163 676000.0 676000
1695738984350 680000.0 680000
1695739046630 684000.0 684000
1695739110004 688000.0 688000
1695739171876 692000.0 692000
1695739235407 696000.0 696000
1695739297653 700000.0 700000
1695739360462 704000.0 704000
1695739423136 708000.0 708000
1695739487938 712000.0 712000
1695739550592 716000.0 716000
1695739613218 720000.0 720000
1695739675918 724000.0 724000
1695739737709 728000.0 728000
1695739800395 732000.0 732000
1695739862626 736000.0 736000
1695739925769 740000.0 740000
1695739987614 744000.0 744000
1695740051515 748000.0 748000
1695740114330 752000.0 752000
1695740177554 756000.0 756000
1695740240027 760000.0 760000
1695740301892 764000.0 764000
1695740363472 768000.0 768000
1695740425965 772000.0 772000
1695740488793 776000.0 776000
1695740550633 780000.0 780000
1695740613335 784000.0 784000
1695740675956 788000.0 788000
1695740739717 792000.0 792000
1695740801617 796000.0 796000
1695740864885 800000.0 800000
1695740927080 804000.0 804000
1695740989338 808000.0 808000
1695741052667 812000.0 812000
1695741116319 816000.0 816000
1695741179052 820000.0 820000
1695741241957 824000.0 824000
1695741305060 828000.0 828000
1695741368390 832000.0 832000
1695741432627 836000.0 836000
1695741500652 840000.0 840000
1695741566697 844000.0 844000
1695741631640 848000.0 848000
1695741707278 852000.0 852000
1695741770119 856000.0 856000
1695741834186 860000.0 860000
1695741896149 864000.0 864000
1695741958345 868000.0 868000
1695742020586 872000.0 872000
1695742083734 876000.0 876000
1695742146402 880000.0 880000
1695742211510 884000.0 884000
1695742275763 888000.0 888000
1695742341498 892000.0 892000
1695742413469 896000.0 896000
1695742481827 900000.0 900000
1695742548150 904000.0 904000
1695742610616 908000.0 908000
1695742672730 912000.0 912000
1695742735015 916000.0 916000
1695742798315 920000.0 920000
1695742861414 924000.0 924000
1695742923999 928000.0 928000
1695742986246 932000.0 932000
1695743049548 936000.0 936000
1695743111828 940000.0 940000
1695743175800 944000.0 944000
1695743237766 948000.0 948000
1695743299667 952000.0 952000
1695743361866 956000.0 956000
1695743425165 960000.0 960000
1695743487642 964000.0 964000
1695743552027 968000.0 968000
1695743614180 972000.0 972000
1695743677371 976000.0 976000
1695743740410 980000.0 980000
1695743804685 984000.0 984000
1695743866860 988000.0 988000
1695743929987 992000.0 992000
1695743991616 996000.0 996000
1695744054958 1000000.0 1000000
