1695731491837 12623.0 244000
1695731555211 12623.0 248000
1695731626863 12623.0 252000
1695731693854 12623.0 256000
1695731770288 12623.0 260000
1695731847717 12623.0 264000
1695731929165 12623.0 268000
1695732007397 12623.0 272000
1695732085452 12623.0 276000
1695732161483 12623.0 280000
1695732229711 12623.0 284000
1695732296140 12623.0 288000
1695732365249 12623.0 292000
1695732431600 12623.0 296000
1695732499169 12623.0 300000
1695732565053 12623.0 304000
1695732635309 12623.0 308000
1695732702934 12623.0 312000
1695732772262 12623.0 316000
1695732841453 12623.0 320000
1695732910118 12623.0 324000
1695732988579 12623.0 328000
1695733057639 12623.0 332000
1695733127098 12623.0 336000
1695733197075 12623.0 340000
1695733266787 12623.0 344000
1695733337586 12623.0 348000
1695733406141 12623.0 352000
1695733474972 12623.0 356000
1695733547032 12623.0 360000
1695733617607 12623.0 364000
1695733686092 12623.0 368000
1695733756081 12623.0 372000
1695733824320 12623.0 376000
1695733894820 12623.0 380000
1695733964151 12623.0 384000
1695734035149 12623.0 388000
1695734104130 12623.0 392000
1695734175560 12623.0 396000
1695734244605 12623.0 400000
1695734315629 12623.0 404000
1695734384536 12623.0 408000
1695734453321 12623.0 412000
1695734520610 12623.0 416000
1695734588315 12623.0 420000
1695734658263 12623.0 424000
1695734727932 12623.0 428000
1695734796823 12623.0 432000
1695734870155 12623.0 436000
1695734945690 12623.0 440000
1695735017000 12623.0 444000
1695735086299 12623.0 448000
1695735161623 12623.0 452000
1695735231863 12623.0 456000
1695735305790 12623.0 460000
1695735382042 12623.0 464000
1695735453060 12623.0 468000
1695735524292 12623.0 472000
1695735599055 12623.0 476000
1695735678560 12623.0 480000
1695735759682 12623.0 484000
1695735842245 12623.0 488000
1695735925673 12623.0 492000
1695736013348 12623.0 496000
1695736097197 12623.0 500000
1695736173523 12623.0 504000
1695736248758 12623.0 508000
1695736320486 12623.0 512000
1695736388085 12623.0 516000
1695736454221 12623.0 520000
1695736520552 12623.0 524000
1695736586980 12623.0 528000
1695736651606 12623.0 532000
1695736716045 12623.0 536000
1695736779399 12623.0 540000
1695736842113 12623.0 544000
1695736905305 12623.0 548000
1695736968378 12623.0 552000
1695737032075 12623.0 556000
1695737093988 12623.0 560000
1695737157895 12623.0 564000
1695737219559 12623.0 568000
1695737281877 12623.0 572000
1695737344554 12623.0 576000
1695737411880 12623.0 580000
1695737478174 12623.0 584000
1695737541844 12623.0 588000
1695737604283 12623.0 592000
1695737666361 12623.0 596000
1695737728569 12623.0 600000
1695737791496 12623.0 604000
1695737853457 12623.0 608000
1695737916144 12623.0 612000
1695737978513 12623.0 616000
1695738041160 12623.0 620000
1695738103406 12623.0 624000
1695738167243 12623.0 628000
1695738229916 12623.0 632000
1695738292475 12623.0 636000
1695738354957 12623.0 640000
1695738417827 12623.0 644000
1695738479777 12623.0 648000
1695738542364 12623.0 652000
1695738605803 12623.0 656000
1695738668074 12623.0 660000
1695738731628 12623.0 664000
1695738794094 12623.0 668000
1695738858439 12623.0 672000
1695738921173 12623.0 676000
1695738984364 12623.0 680000
1695739046642 12623.0 684000
1695739110015 12623.0 688000
1695739171888 12623.0 692000
1695739235417 12623.0 696000
1695739297665 12623.0 700000
1695739360473 12623.0 704000
1695739423147 12623.0 708000
1695739487949 12623.0 712000
1695739550603 12623.0 716000
1695739613229 12623.0 720000
1695739675929 12623.0 724000
1695739737721 12623.0 728000
1695739800406 12623.0 732000
1695739862638 12623.0 736000
1695739925781 12623.0 740000
1695739987625 12623.0 744000
1695740051525 12623.0 748000
1695740114342 12623.0 752000
1695740177565 12623.0 756000
1695740240037 12623.0 760000
1695740301903 12623.0 764000
1695740363483 12623.0 768000
1695740425976 12623.0 772000
1695740488803 12623.0 776000
1695740550644 12623.0 780000
1695740613346 12623.0 784000
1695740675968 12623.0 788000
1695740739728 12623.0 792000
1695740801629 12623.0 796000
1695740864896 12623.0 800000
1695740927093 12623.0 804000
1695740989349 12623.0 808000
1695741052678 12623.0 812000
1695741116330 12623.0 816000
1695741179063 12623.0 820000
1695741241968 12623.0 824000
1695741305071 12623.0 828000
1695741368400 12623.0 832000
1695741432638 12623.0 836000
1695741500664 12623.0 840000
1695741566708 12623.0 844000
1695741631652 12623.0 848000
1695741707289 12623.0 852000
1695741770129 12623.0 856000
1695741834197 12623.0 860000
1695741896162 12623.0 864000
1695741958356 12623.0 868000
1695742020597 12623.0 872000
1695742083744 12623.0 876000
1695742146413 12623.0 880000
1695742211527 12623.0 884000
1695742275773 12623.0 888000
1695742341511 12623.0 892000
1695742413483 12623.0 896000
1695742481838 12623.0 900000
1695742548162 12623.0 904000
1695742610627 12623.0 908000
1695742672741 12623.0 912000
1695742735026 12623.0 916000
1695742798327 12623.0 920000
1695742861426 12623.0 924000
1695742924010 12623.0 928000
1695742986257 12623.0 932000
1695743049559 12623.0 936000
1695743111840 12623.0 940000
1695743175811 12623.0 944000
1695743237776 12623.0 948000
1695743299679 12623.0 952000
1695743361876 12623.0 956000
1695743425176 12623.0 960000
1695743487654 12623.0 964000
1695743552038 12623.0 968000
1695743614190 12623.0 972000
1695743677382 12623.0 976000
1695743740421 12623.0 980000
1695743804696 12623.0 984000
1695743866871 12623.0 988000
1695743929998 12623.0 992000
1695743991627 12623.0 996000
1695744054969 12623.0 1000000
