1695731491835 58.90451526641846 244000
1695731555209 62.921748638153076 248000
1695731626861 71.21686434745789 252000
1695731693853 66.58341026306152 256000
1695731770286 75.97028160095215 260000
1695731847713 76.91131329536438 264000
1695731929163 80.9272780418396 268000
1695732007396 77.72573232650757 272000
1695732085450 77.5514919757843 276000
1695732161481 75.50295639038086 280000
1695732229710 67.77661085128784 284000
1695732296138 65.98320579528809 288000
1695732365247 68.65997219085693 292000
1695732431598 65.89708232879639 296000
1695732499167 67.13386487960815 300000
1695732565051 65.44585371017456 304000
1695732635307 69.74628949165344 308000
1695732702932 67.13701844215393 312000
1695732772260 68.85392618179321 316000
1695732841452 68.72846126556396 320000
1695732910116 68.18643522262573 324000
1695732988577 78.01306986808777 328000
1695733057637 68.59572839736938 332000
1695733127096 68.99356698989868 336000
1695733197073 69.52645468711853 340000
1695733266786 69.24682140350342 344000
1695733337584 70.28671669960022 348000
1695733406139 68.02834725379944 352000
1695733474970 68.36192440986633 356000
1695733547030 71.56260681152344 360000
1695733617606 70.04873704910278 364000
1695733686090 67.98878192901611 368000
1695733756079 69.49013137817383 372000
1695733824318 67.77575087547302 376000
1695733894819 70.04041957855225 380000
1695733964150 68.85607862472534 384000
1695734035147 70.50546360015869 388000
1695734104129 68.47888469696045 392000
1695734175558 70.95848774909973 396000
1695734244603 68.56430959701538 400000
1695734315627 70.50341057777405 404000
1695734384535 68.42605638504028 408000
1695734453320 68.26422476768494 412000
1695734520609 66.81530809402466 416000
1695734588314 67.21339964866638 420000
1695734658261 69.43956518173218 424000
1695734727930 69.17372679710388 428000
1695734796822 68.40562868118286 432000
1695734870154 72.82652759552002 436000
1695734945688 74.9923346042633 440000
1695735016999 70.76730632781982 444000
1695735086297 68.75671148300171 448000
1695735161621 74.82412099838257 452000
1695735231861 69.73527312278748 456000
1695735305788 73.38209414482117 460000
1695735382040 75.69882988929749 464000
1695735453058 70.43548917770386 468000
1695735524290 70.71624159812927 472000
1695735599053 74.23182559013367 476000
1695735678558 78.9293954372406 480000
1695735759680 80.51178741455078 484000
1695735842243 81.97228240966797 488000
1695735925671 82.83385825157166 492000
1695736013346 87.06588411331177 496000
1695736097195 83.2482578754425 500000
1695736173521 75.74201488494873 504000
1695736248756 74.63671469688416 508000
1695736320484 71.05055904388428 512000
1695736388083 67.02176237106323 516000
1695736454220 65.64218521118164 520000
1695736520550 65.81224536895752 524000
1695736586978 65.93936681747437 528000
1695736651605 64.13611888885498 532000
1695736716044 63.94251847267151 536000
1695736779397 62.865633726119995 540000
1695736842111 62.22742199897766 544000
1695736905303 62.6585214138031 548000
1695736968377 62.5675573348999 552000
1695737032073 63.18724083900452 556000
1695737093986 61.40674114227295 560000
1695737157894 63.38048458099365 564000
1695737219557 61.156365156173706 568000
1695737281875 61.81276249885559 572000
1695737344553 62.150959491729736 576000
1695737411879 66.75473213195801 580000
1695737478172 65.75769829750061 584000
1695737541842 63.163973808288574 588000
1695737604281 61.927815198898315 592000
1695737666359 61.57735753059387 596000
1695737728567 61.693979024887085 600000
1695737791495 62.3914749622345 604000
1695737853455 61.450854539871216 608000
1695737916143 62.17671799659729 612000
1695737978511 61.85887908935547 616000
1695738041158 62.1270592212677 620000
1695738103405 61.734283208847046 624000
1695738167241 63.30338454246521 628000
1695738229914 62.1357319355011 632000
1695738292473 62.04390740394592 636000
1695738354956 61.95099472999573 640000
1695738417825 62.310007095336914 644000
1695738479776 61.41840863227844 648000
1695738542362 62.05487775802612 652000
1695738605801 62.89469003677368 656000
1695738668072 61.73116111755371 660000
1695738731626 63.02623105049133 664000
1695738794093 61.94104552268982 668000
1695738858437 63.81767249107361 672000
1695738921172 62.19412803649902 676000
1695738984361 62.64203858375549 680000
1695739046641 61.67500638961792 684000
1695739110013 62.85065960884094 688000
1695739171887 61.3411328792572 692000
1695739235416 62.988142013549805 696000
1695739297663 61.70095944404602 700000
1695739360472 62.23546814918518 704000
1695739423146 62.08412480354309 708000
1695739487948 64.23240447044373 712000
1695739550601 62.10958766937256 716000
1695739613228 62.07111573219299 720000
1695739675928 62.09884524345398 724000
1695739737720 61.22177219390869 728000
1695739800405 62.12598919868469 732000
1695739862636 61.66728067398071 736000
1695739925780 62.577274560928345 740000
1695739987624 61.27410340309143 744000
1695740051524 63.347092390060425 748000
1695740114340 62.251715660095215 752000
1695740177563 62.67085671424866 756000
1695740240036 61.910807847976685 760000
1695740301901 61.271637201309204 764000
1695740363481 61.015892028808594 768000
1695740425975 61.915764808654785 772000
1695740488802 62.27185821533203 776000
1695740550642 61.269232988357544 780000
1695740613345 62.1323823928833 784000
1695740675966 62.0616352558136 788000
1695740739726 63.19985222816467 792000
1695740801627 61.32072615623474 796000
1695740864895 62.68512153625488 800000
1695740927091 61.588852405548096 804000
1695740989348 61.64741611480713 808000
1695741052676 62.75906419754028 812000
1695741116329 63.079583168029785 816000
1695741179061 62.17255139350891 820000
1695741241966 62.323925495147705 824000
1695741305069 62.50486469268799 828000
1695741368399 62.72545051574707 832000
1695741432637 63.64030647277832 836000
1695741500663 67.40425181388855 840000
1695741566707 65.3934965133667 844000
1695741631650 64.3277575969696 848000
1695741707288 75.00117468833923 852000
1695741770128 62.21679997444153 856000
1695741834196 63.47102451324463 860000
1695741896159 61.35761475563049 864000
1695741958354 61.551517963409424 868000
1695742020595 61.642282247543335 872000
1695742083743 62.521249294281006 876000
1695742146411 62.04150748252869 880000
1695742211525 64.42935013771057 884000
1695742275772 63.627941608428955 888000
1695742341509 65.118403673172 892000
1695742413481 71.25267243385315 896000
1695742481837 67.63235235214233 900000
1695742548160 65.68780755996704 904000
1695742610626 61.84563851356506 908000
1695742672739 61.50309681892395 912000
1695742735025 61.67225241661072 916000
1695742798325 62.682348012924194 920000
1695742861424 62.42401480674744 924000
1695742924009 61.92836570739746 928000
1695742986255 61.60972571372986 932000
1695743049557 62.67555236816406 936000
1695743111839 61.65454053878784 940000
1695743175809 63.34165287017822 944000
1695743237775 61.33615589141846 948000
1695743299677 61.277647495269775 952000
1695743361875 61.561893701553345 956000
1695743425174 62.671839475631714 960000
1695743487652 61.82005548477173 964000
1695743552037 63.76765704154968 968000
1695743614189 61.51910948753357 972000
1695743677381 62.567259073257446 976000
1695743740420 62.41270613670349 980000
1695743804695 63.63603711128235 984000
1695743866870 61.51659607887268 988000
1695743929996 62.479841470718384 992000
1695743991626 60.99456834793091 996000
1695744054968 62.716094732284546 1000000
