1695731491838 58.90451526641846 244000
1695731555211 121.82626390457153 248000
1695731626863 193.04312825202942 252000
1695731693855 259.62653851509094 256000
1695731770289 335.5968201160431 260000
1695731847718 412.50813341140747 264000
1695731929166 493.43541145324707 268000
1695732007398 571.1611437797546 272000
1695732085453 648.7126357555389 276000
1695732161484 724.2155921459198 280000
1695732229712 791.9922029972076 284000
1695732296140 857.9754087924957 288000
1695732365250 926.6353809833527 292000
1695732431601 992.532463312149 296000
1695732499169 1059.6663281917572 300000
1695732565054 1125.1121819019318 304000
1695732635310 1194.8584713935852 308000
1695732702935 1261.9954898357391 312000
1695732772263 1330.8494160175323 316000
1695732841454 1399.5778772830963 320000
1695732910119 1467.764312505722 324000
1695732988580 1545.7773823738098 328000
1695733057640 1614.3731107711792 332000
1695733127099 1683.3666777610779 336000
1695733197076 1752.8931324481964 340000
1695733266788 1822.1399538516998 344000
1695733337587 1892.4266705513 348000
1695733406142 1960.4550178050995 352000
1695733474972 2028.8169422149658 356000
1695733547033 2100.3795490264893 360000
1695733617608 2170.428286075592 364000
1695733686093 2238.417068004608 368000
1695733756081 2307.907199382782 372000
1695733824320 2375.682950258255 376000
1695733894821 2445.7233698368073 380000
1695733964152 2514.5794484615326 384000
1695734035150 2585.0849120616913 388000
1695734104131 2653.5637967586517 392000
1695734175561 2724.5222845077515 396000
1695734244606 2793.086594104767 400000
1695734315629 2863.590004682541 404000
1695734384537 2932.016061067581 408000
1695734453322 3000.280285835266 412000
1695734520611 3067.0955939292908 416000
1695734588316 3134.308993577957 420000
1695734658264 3203.7485587596893 424000
1695734727933 3272.922285556793 428000
1695734796824 3341.327914237976 432000
1695734870156 3414.154441833496 436000
1695734945691 3489.1467764377594 440000
1695735017001 3559.914082765579 444000
1695735086300 3628.670794248581 448000
1695735161624 3703.4949152469635 452000
1695735231863 3773.230188369751 456000
1695735305791 3846.612282514572 460000
1695735382043 3922.3111124038696 464000
1695735453060 3992.7466015815735 468000
1695735524292 4063.4628431797028 472000
1695735599056 4137.694668769836 476000
1695735678561 4216.624064207077 480000
1695735759683 4297.135851621628 484000
1695735842246 4379.108134031296 488000
1695735925674 4461.941992282867 492000
1695736013349 4549.007876396179 496000
1695736097198 4632.256134271622 500000
1695736173524 4707.99814915657 504000
1695736248759 4782.634863853455 508000
1695736320487 4853.685422897339 512000
1695736388085 4920.707185268402 516000
1695736454222 4986.349370479584 520000
1695736520553 5052.161615848541 524000
1695736586980 5118.100982666016 528000
1695736651607 5182.237101554871 532000
1695736716046 5246.179620027542 536000
1695736779400 5309.045253753662 540000
1695736842113 5371.27267575264 544000
1695736905305 5433.931197166443 548000
1695736968379 5496.498754501343 552000
1695737032075 5559.685995340347 556000
1695737093989 5621.09273648262 560000
1695737157896 5684.473221063614 564000
1695737219559 5745.629586219788 568000
1695737281878 5807.442348718643 572000
1695737344555 5869.593308210373 576000
1695737411881 5936.348040342331 580000
1695737478175 6002.1057386398315 584000
1695737541844 6065.26971244812 588000
1695737604283 6127.197527647018 592000
1695737666362 6188.774885177612 596000
1695737728570 6250.468864202499 600000
1695737791497 6312.860339164734 604000
1695737853458 6374.311193704605 608000
1695737916145 6436.487911701202 612000
1695737978514 6498.346790790558 616000
1695738041160 6560.473850011826 620000
1695738103407 6622.208133220673 624000
1695738167244 6685.511517763138 628000
1695738229917 6747.647249698639 632000
1695738292475 6809.691157102585 636000
1695738354958 6871.642151832581 640000
1695738417827 6933.9521589279175 644000
1695738479778 6995.370567560196 648000
1695738542364 7057.425445318222 652000
1695738605804 7120.320135354996 656000
1695738668075 7182.051296472549 660000
1695738731629 7245.077527523041 664000
1695738794095 7307.018573045731 668000
1695738858440 7370.836245536804 672000
1695738921174 7433.030373573303 676000
1695738984365 7495.672412157059 680000
1695739046643 7557.347418546677 684000
1695739110016 7620.198078155518 688000
1695739171889 7681.539211034775 692000
1695739235418 7744.527353048325 696000
1695739297665 7806.228312492371 700000
1695739360474 7868.463780641556 704000
1695739423148 7930.547905445099 708000
1695739487950 7994.780309915543 712000
1695739550603 8056.889897584915 716000
1695739613230 8118.961013317108 720000
1695739675930 8181.059858560562 724000
1695739737722 8242.28163075447 728000
1695739800407 8304.407619953156 732000
1695739862639 8366.074900627136 736000
1695739925782 8428.652175188065 740000
1695739987626 8489.926278591156 744000
1695740051526 8553.273370981216 748000
1695740114343 8615.525086641312 752000
1695740177566 8678.19594335556 756000
1695740240038 8740.106751203537 760000
1695740301904 8801.378388404846 764000
1695740363483 8862.394280433655 768000
1695740425977 8924.31004524231 772000
1695740488804 8986.581903457642 776000
1695740550645 9047.851136446 780000
1695740613347 9109.983518838882 784000
1695740675969 9172.045154094696 788000
1695740739728 9235.24500632286 792000
1695740801630 9296.565732479095 796000
1695740864897 9359.25085401535 800000
1695740927094 9420.839706420898 804000
1695740989350 9482.487122535706 808000
1695741052678 9545.246186733246 812000
1695741116331 9608.325769901276 816000
1695741179063 9670.498321294785 820000
1695741241969 9732.822246789932 824000
1695741305072 9795.32711148262 828000
1695741368401 9858.052561998367 832000
1695741432639 9921.692868471146 836000
1695741500665 9989.097120285034 840000
1695741566709 10054.4906167984 844000
1695741631652 10118.81837439537 848000
1695741707290 10193.81954908371 852000
1695741770130 10256.036349058151 856000
1695741834198 10319.507373571396 860000
1695741896163 10380.864988327026 864000
1695741958356 10442.416506290436 868000
1695742020598 10504.05878853798 872000
1695742083745 10566.58003783226 876000
1695742146414 10628.621545314789 880000
1695742211528 10693.0508954525 884000
1695742275774 10756.678837060928 888000
1695742341512 10821.7972407341 892000
1695742413484 10893.049913167953 896000
1695742481839 10960.682265520096 900000
1695742548163 11026.370073080063 904000
1695742610628 11088.215711593628 908000
1695742672741 11149.718808412552 912000
1695742735027 11211.391060829163 916000
1695742798327 11274.073408842087 920000
1695742861427 11336.497423648834 924000
1695742924011 11398.425789356232 928000
1695742986257 11460.035515069962 932000
1695743049560 11522.711067438126 936000
1695743111841 11584.365607976913 940000
1695743175812 11647.707260847092 944000
1695743237777 11709.04341673851 948000
1695743299680 11770.32106423378 952000
1695743361877 11831.882957935333 956000
1695743425177 11894.554797410965 960000
1695743487655 11956.374852895737 964000
1695743552039 12020.142509937286 968000
1695743614191 12081.66161942482 972000
1695743677383 12144.228878498077 976000
1695743740422 12206.64158463478 980000
1695743804697 12270.277621746063 984000
1695743866872 12331.794217824936 988000
1695743929999 12394.274059295654 992000
1695743991628 12455.268627643585 996000
1695744054970 12517.98472237587 1000000
