1695731491836 4497.525761842728 244000
1695731555210 4560.447510480881 248000
1695731626862 4631.664374828339 252000
1695731693854 4698.2477850914 256000
1695731770287 4774.218066692352 260000
1695731847715 4851.129379987717 264000
1695731929164 4932.056658029556 268000
1695732007397 5009.782390356064 272000
1695732085451 5087.333882331848 276000
1695732161482 5162.836838722229 280000
1695732229711 5230.613449573517 284000
1695732296139 5296.596655368805 288000
1695732365248 5365.256627559662 292000
1695732431599 5431.153709888458 296000
1695732499168 5498.287574768066 300000
1695732565052 5563.733428478241 304000
1695732635308 5633.479717969894 308000
1695732702933 5700.616736412048 312000
1695732772261 5769.470662593842 316000
1695732841453 5838.1991238594055 320000
1695732910117 5906.385559082031 324000
1695732988578 5984.398628950119 328000
1695733057638 6052.994357347488 332000
1695733127097 6121.987924337387 336000
1695733197074 6191.514379024506 340000
1695733266786 6260.761200428009 344000
1695733337585 6331.047917127609 348000
1695733406140 6399.076264381409 352000
1695733474971 6467.438188791275 356000
1695733547031 6539.0007956027985 360000
1695733617606 6609.049532651901 364000
1695733686091 6677.038314580917 368000
1695733756080 6746.528445959091 372000
1695733824319 6814.304196834564 376000
1695733894819 6884.3446164131165 380000
1695733964151 6953.200695037842 384000
1695734035148 7023.7061586380005 388000
1695734104130 7092.185043334961 392000
1695734175559 7163.143531084061 396000
1695734244604 7231.707840681076 400000
1695734315628 7302.21125125885 404000
1695734384535 7370.63730764389 408000
1695734453321 7438.901532411575 412000
1695734520610 7505.7168405056 416000
1695734588314 7572.930240154266 420000
1695734658262 7642.3698053359985 424000
1695734727931 7711.543532133102 428000
1695734796823 7779.949160814285 432000
1695734870155 7852.775688409805 436000
1695734945689 7927.768023014069 440000
1695735017000 7998.535329341888 444000
1695735086298 8067.29204082489 448000
1695735161622 8142.116161823273 452000
1695735231862 8211.85143494606 456000
1695735305789 8285.233529090881 460000
1695735382041 8360.932358980179 464000
1695735453059 8431.367848157883 468000
1695735524291 8502.084089756012 472000
1695735599054 8576.315915346146 476000
1695735678559 8655.245310783386 480000
1695735759681 8735.757098197937 484000
1695735842244 8817.729380607605 488000
1695735925672 8900.563238859177 492000
1695736013347 8987.629122972488 496000
1695736097196 9070.87738084793 500000
1695736173522 9146.61939573288 504000
1695736248757 9221.256110429764 508000
1695736320485 9292.306669473648 512000
1695736388084 9359.328431844711 516000
1695736454220 9424.970617055893 520000
1695736520551 9490.78286242485 524000
1695736586979 9556.722229242325 528000
1695736651606 9620.85834813118 532000
1695736716045 9684.800866603851 536000
1695736779398 9747.666500329971 540000
1695736842112 9809.893922328949 544000
1695736905304 9872.552443742752 548000
1695736968378 9935.120001077652 552000
1695737032074 9998.307241916656 556000
1695737093987 10059.71398305893 560000
1695737157895 10123.094467639923 564000
1695737219558 10184.250832796097 568000
1695737281876 10246.063595294952 572000
1695737344554 10308.214554786682 576000
1695737411879 10374.96928691864 580000
1695737478173 10440.72698521614 584000
1695737541843 10503.89095902443 588000
1695737604282 10565.818774223328 592000
1695737666360 10627.396131753922 596000
1695737728568 10689.090110778809 600000
1695737791495 10751.481585741043 604000
1695737853456 10812.932440280914 608000
1695737916143 10875.109158277512 612000
1695737978512 10936.968037366867 616000
1695738041159 10999.095096588135 620000
1695738103405 11060.829379796982 624000
1695738167242 11124.132764339447 628000
1695738229915 11186.268496274948 632000
1695738292474 11248.312403678894 636000
1695738354956 11310.26339840889 640000
1695738417826 11372.573405504227 644000
1695738479776 11433.991814136505 648000
1695738542363 11496.046691894531 652000
1695738605802 11558.941381931305 656000
1695738668073 11620.672543048859 660000
1695738731627 11683.69877409935 664000
1695738794093 11745.63981962204 668000
1695738858438 11809.457492113113 672000
1695738921173 11871.651620149612 676000
1695738984362 11934.293658733368 680000
1695739046641 11995.968665122986 684000
1695739110014 12058.819324731827 688000
1695739171887 12120.160457611084 692000
1695739235417 12183.148599624634 696000
1695739297664 12244.84955906868 700000
1695739360472 12307.085027217865 704000
1695739423147 12369.169152021408 708000
1695739487948 12433.401556491852 712000
1695739550602 12495.511144161224 716000
1695739613229 12557.582259893417 720000
1695739675929 12619.681105136871 724000
1695739737721 12680.90287733078 728000
1695739800405 12743.028866529465 732000
1695739862637 12804.696147203445 736000
1695739925780 12867.273421764374 740000
1695739987625 12928.547525167465 744000
1695740051524 12991.894617557526 748000
1695740114341 13054.14633321762 752000
1695740177564 13116.81718993187 756000
1695740240036 13178.727997779846 760000
1695740301902 13239.999634981155 764000
1695740363482 13301.015527009964 768000
1695740425975 13362.931291818619 772000
1695740488803 13425.20315003395 776000
1695740550643 13486.472383022308 780000
1695740613346 13548.604765415192 784000
1695740675967 13610.666400671005 788000
1695740739727 13673.86625289917 792000
1695740801628 13735.186979055405 796000
1695740864895 13797.87210059166 800000
1695740927092 13859.460952997208 804000
1695740989349 13921.108369112015 808000
1695741052677 13983.867433309555 812000
1695741116330 14046.947016477585 816000
1695741179062 14109.119567871094 820000
1695741241967 14171.443493366241 824000
1695741305070 14233.94835805893 828000
1695741368399 14296.673808574677 832000
1695741432637 14360.314115047455 836000
1695741500664 14427.718366861343 840000
1695741566708 14493.11186337471 844000
1695741631651 14557.43962097168 848000
1695741707288 14632.440795660019 852000
1695741770129 14694.65759563446 856000
1695741834197 14758.128620147705 860000
1695741896161 14819.486234903336 864000
1695741958355 14881.037752866745 868000
1695742020596 14942.680035114288 872000
1695742083744 15005.20128440857 876000
1695742146412 15067.242791891098 880000
1695742211526 15131.672142028809 884000
1695742275773 15195.300083637238 888000
1695742341510 15260.41848731041 892000
1695742413482 15331.671159744263 896000
1695742481838 15399.303512096405 900000
1695742548161 15464.991319656372 904000
1695742610626 15526.836958169937 908000
1695742672740 15588.340054988861 912000
1695742735026 15650.012307405472 916000
1695742798326 15712.694655418396 920000
1695742861425 15775.118670225143 924000
1695742924009 15837.04703593254 928000
1695742986256 15898.65676164627 932000
1695743049558 15961.332314014435 936000
1695743111839 16022.986854553223 940000
1695743175810 16086.3285074234 944000
1695743237776 16147.66466331482 948000
1695743299678 16208.94231081009 952000
1695743361876 16270.504204511642 956000
1695743425175 16333.176043987274 960000
1695743487653 16394.996099472046 964000
1695743552038 16458.763756513596 968000
1695743614190 16520.28286600113 972000
1695743677381 16582.850125074387 976000
1695743740420 16645.26283121109 980000
1695743804695 16708.898868322372 984000
1695743866871 16770.415464401245 988000
1695743929997 16832.895305871964 992000
1695743991627 16893.889874219894 996000
1695744054968 16956.60596895218 1000000
