1695731491834 1695731491.0 244000
1695731555208 1695731555.0 248000
1695731626860 1695731626.0 252000
1695731693852 1695731693.0 256000
1695731770286 1695731770.0 260000
1695731847712 1695731847.0 264000
1695731929162 1695731928.0 268000
1695732007395 1695732007.0 272000
1695732085449 1695732085.0 276000
1695732161481 1695732161.0 280000
1695732229709 1695732229.0 284000
1695732296137 1695732295.0 288000
1695732365246 1695732365.0 292000
1695732431598 1695732431.0 296000
1695732499166 1695732499.0 300000
1695732565050 1695732564.0 304000
1695732635306 1695732635.0 308000
1695732702931 1695732702.0 312000
1695732772259 1695732772.0 316000
1695732841451 1695732841.0 320000
1695732910116 1695732909.0 324000
1695732988577 1695732988.0 328000
1695733057637 1695733057.0 332000
1695733127095 1695733126.0 336000
1695733197073 1695733196.0 340000
1695733266785 1695733266.0 344000
1695733337583 1695733337.0 348000
1695733406139 1695733405.0 352000
1695733474969 1695733474.0 356000
1695733547029 1695733546.0 360000
1695733617605 1695733617.0 364000
1695733686089 1695733685.0 368000
1695733756078 1695733755.0 372000
1695733824317 1695733824.0 376000
1695733894818 1695733894.0 380000
1695733964149 1695733963.0 384000
1695734035146 1695734034.0 388000
1695734104128 1695734103.0 392000
1695734175558 1695734175.0 396000
1695734244603 1695734244.0 400000
1695734315626 1695734315.0 404000
1695734384534 1695734384.0 408000
1695734453319 1695734453.0 412000
1695734520608 1695734520.0 416000
1695734588313 1695734588.0 420000
1695734658261 1695734658.0 424000
1695734727930 1695734727.0 428000
1695734796821 1695734796.0 432000
1695734870153 1695734869.0 436000
1695734945687 1695734945.0 440000
1695735016998 1695735016.0 444000
1695735086296 1695735086.0 448000
1695735161621 1695735161.0 452000
1695735231860 1695735231.0 456000
1695735305787 1695735305.0 460000
1695735382039 1695735381.0 464000
1695735453057 1695735452.0 468000
1695735524289 1695735524.0 472000
1695735599052 1695735598.0 476000
1695735678557 1695735678.0 480000
1695735759679 1695735759.0 484000
1695735842242 1695735841.0 488000
1695735925670 1695735925.0 492000
1695736013346 1695736013.0 496000
1695736097194 1695736096.0 500000
1695736173520 1695736173.0 504000
1695736248755 1695736248.0 508000
1695736320483 1695736320.0 512000
1695736388083 1695736387.0 516000
1695736454219 1695736453.0 520000
1695736520550 1695736520.0 524000
1695736586977 1695736586.0 528000
1695736651604 1695736651.0 532000
1695736716043 1695736715.0 536000
1695736779397 1695736779.0 540000
1695736842110 1695736841.0 544000
1695736905302 1695736905.0 548000
1695736968376 1695736968.0 552000
1695737032072 1695737031.0 556000
1695737093985 1695737093.0 560000
1695737157893 1695737157.0 564000
1695737219556 1695737219.0 568000
1695737281874 1695737281.0 572000
1695737344552 1695737344.0 576000
1695737411878 1695737411.0 580000
1695737478171 1695737477.0 584000
1695737541842 1695737541.0 588000
1695737604281 1695737604.0 592000
1695737666359 1695737666.0 596000
1695737728566 1695737728.0 600000
1695737791494 1695737791.0 604000
1695737853455 1695737853.0 608000
1695737916142 1695737915.0 612000
1695737978510 1695737978.0 616000
1695738041157 1695738040.0 620000
1695738103404 1695738103.0 624000
1695738167241 1695738166.0 628000
1695738229914 1695738229.0 632000
1695738292473 1695738292.0 636000
1695738354955 1695738354.0 640000
1695738417824 1695738417.0 644000
1695738479775 1695738479.0 648000
1695738542361 1695738542.0 652000
1695738605801 1695738605.0 656000
1695738668072 1695738667.0 660000
1695738731626 1695738731.0 664000
1695738794092 1695738793.0 668000
1695738858437 1695738858.0 672000
1695738921171 1695738920.0 676000
1695738984360 1695738984.0 680000
1695739046640 1695739046.0 684000
1695739110013 1695739109.0 688000
1695739171886 1695739171.0 692000
1695739235415 1695739235.0 696000
1695739297662 1695739297.0 700000
1695739360471 1695739360.0 704000
1695739423145 1695739422.0 708000
1695739487947 1695739487.0 712000
1695739550601 1695739550.0 716000
1695739613227 1695739612.0 720000
1695739675927 1695739675.0 724000
1695739737719 1695739737.0 728000
1695739800404 1695739800.0 732000
1695739862635 1695739862.0 736000
1695739925779 1695739925.0 740000
1695739987623 1695739987.0 744000
1695740051523 1695740051.0 748000
1695740114340 1695740114.0 752000
1695740177563 1695740177.0 756000
1695740240035 1695740239.0 760000
1695740301901 1695740301.0 764000
1695740363481 1695740363.0 768000
1695740425974 1695740425.0 772000
1695740488801 1695740488.0 776000
1695740550642 1695740550.0 780000
1695740613344 1695740613.0 784000
1695740675966 1695740675.0 788000
1695740739726 1695740739.0 792000
1695740801627 1695740801.0 796000
1695740864894 1695740864.0 800000
1695740927091 1695740926.0 804000
1695740989347 1695740989.0 808000
1695741052676 1695741052.0 812000
1695741116328 1695741116.0 816000
1695741179061 1695741178.0 820000
1695741241966 1695741241.0 824000
1695741305069 1695741304.0 828000
1695741368398 1695741368.0 832000
1695741432636 1695741432.0 836000
1695741500662 1695741500.0 840000
1695741566706 1695741566.0 844000
1695741631649 1695741631.0 848000
1695741707287 1695741706.0 852000
1695741770127 1695741769.0 856000
1695741834195 1695741833.0 860000
1695741896158 1695741895.0 864000
1695741958353 1695741958.0 868000
1695742020595 1695742020.0 872000
1695742083742 1695742083.0 876000
1695742146411 1695742146.0 880000
1695742211524 1695742211.0 884000
1695742275771 1695742275.0 888000
1695742341509 1695742341.0 892000
1695742413480 1695742413.0 896000
1695742481836 1695742481.0 900000
1695742548159 1695742547.0 904000
1695742610625 1695742610.0 908000
1695742672739 1695742672.0 912000
1695742735024 1695742734.0 916000
1695742798324 1695742797.0 920000
1695742861423 1695742861.0 924000
1695742924008 1695742923.0 928000
1695742986254 1695742985.0 932000
1695743049557 1695743049.0 936000
1695743111838 1695743111.0 940000
1695743175809 1695743175.0 944000
1695743237774 1695743237.0 948000
1695743299676 1695743299.0 952000
1695743361874 1695743361.0 956000
1695743425173 1695743424.0 960000
1695743487652 1695743487.0 964000
1695743552036 1695743551.0 968000
1695743614188 1695743613.0 972000
1695743677380 1695743677.0 976000
1695743740419 1695743740.0 980000
1695743804694 1695743804.0 984000
1695743866869 1695743866.0 988000
1695743929996 1695743929.0 992000
1695743991625 1695743991.0 996000
1695744054967 1695744054.0 1000000
