1695731491830 244000.0 244000
1695731555203 248000.0 248000
1695731626855 252000.0 252000
1695731693847 256000.0 256000
1695731770280 260000.0 260000
1695731847703 264000.0 264000
1695731929157 268000.0 268000
1695732007390 272000.0 272000
1695732085442 276000.0 276000
1695732161476 280000.0 280000
1695732229704 284000.0 284000
1695732296132 288000.0 288000
1695732365241 292000.0 292000
1695732431593 296000.0 296000
1695732499162 300000.0 300000
1695732565045 304000.0 304000
1695732635300 308000.0 308000
1695732702926 312000.0 312000
1695732772255 316000.0 316000
1695732841446 320000.0 320000
1695732910111 324000.0 324000
1695732988571 328000.0 328000
1695733057632 332000.0 332000
1695733127091 336000.0 336000
1695733197068 340000.0 340000
1695733266780 344000.0 344000
1695733337577 348000.0 348000
1695733406134 352000.0 352000
1695733474964 356000.0 356000
1695733547024 360000.0 360000
1695733617600 364000.0 364000
1695733686084 368000.0 368000
1695733756074 372000.0 372000
1695733824313 376000.0 376000
1695733894813 380000.0 380000
1695733964145 384000.0 384000
1695734035141 388000.0 388000
1695734104123 392000.0 392000
1695734175553 396000.0 396000
1695734244598 400000.0 400000
1695734315621 404000.0 404000
1695734384528 408000.0 408000
1695734453314 412000.0 412000
1695734520604 416000.0 416000
1695734588308 420000.0 420000
1695734658256 424000.0 424000
1695734727925 428000.0 428000
1695734796816 432000.0 432000
1695734870148 436000.0 436000
1695734945682 440000.0 440000
1695735016992 444000.0 444000
1695735086291 448000.0 448000
1695735161616 452000.0 452000
1695735231855 456000.0 456000
1695735305782 460000.0 460000
1695735382033 464000.0 464000
1695735453052 468000.0 468000
1695735524285 472000.0 472000
1695735599047 476000.0 476000
1695735678552 480000.0 480000
1695735759672 484000.0 484000
1695735842236 488000.0 488000
1695735925665 492000.0 492000
1695736013340 496000.0 496000
1695736097189 500000.0 500000
1695736173515 504000.0 504000
1695736248748 508000.0 508000
1695736320475 512000.0 512000
1695736388079 516000.0 516000
1695736454215 520000.0 520000
1695736520545 524000.0 524000
1695736586973 528000.0 528000
1695736651599 532000.0 532000
1695736716038 536000.0 536000
1695736779392 540000.0 540000
1695736842105 544000.0 544000
1695736905297 548000.0 548000
1695736968371 552000.0 552000
1695737032068 556000.0 556000
1695737093981 560000.0 560000
1695737157889 564000.0 564000
1695737219551 568000.0 568000
1695737281870 572000.0 572000
1695737344547 576000.0 576000
1695737411873 580000.0 580000
1695737478167 584000.0 584000
1695737541837 588000.0 588000
1695737604277 592000.0 592000
1695737666354 596000.0 596000
1695737728562 600000.0 600000
1695737791489 604000.0 604000
1695737853450 608000.0 608000
1695737916137 612000.0 612000
1695737978506 616000.0 616000
1695738041153 620000.0 620000
1695738103400 624000.0 624000
1695738167237 628000.0 628000
1695738229909 632000.0 632000
1695738292468 636000.0 636000
1695738354950 640000.0 640000
1695738417819 644000.0 644000
1695738479770 648000.0 648000
1695738542356 652000.0 652000
1695738605796 656000.0 656000
1695738668067 660000.0 660000
1695738731621 664000.0 664000
1695738794087 668000.0 668000
1695738858432 672000.0 672000
1695738921167 676000.0 676000
1695738984356 680000.0 680000
1695739046635 684000.0 684000
1695739110008 688000.0 688000
1695739171881 692000.0 692000
1695739235411 696000.0 696000
1695739297658 700000.0 700000
1695739360467 704000.0 704000
1695739423140 708000.0 708000
1695739487943 712000.0 712000
1695739550596 716000.0 716000
1695739613223 720000.0 720000
1695739675923 724000.0 724000
1695739737714 728000.0 728000
1695739800399 732000.0 732000
1695739862631 736000.0 736000
1695739925774 740000.0 740000
1695739987619 744000.0 744000
1695740051519 748000.0 748000
1695740114335 752000.0 752000
1695740177558 756000.0 756000
1695740240031 760000.0 760000
1695740301896 764000.0 764000
1695740363477 768000.0 768000
1695740425970 772000.0 772000
1695740488797 776000.0 776000
1695740550637 780000.0 780000
1695740613340 784000.0 784000
1695740675961 788000.0 788000
1695740739722 792000.0 792000
1695740801622 796000.0 796000
1695740864890 800000.0 800000
1695740927085 804000.0 804000
1695740989343 808000.0 808000
1695741052672 812000.0 812000
1695741116324 816000.0 816000
1695741179057 820000.0 820000
1695741241962 824000.0 824000
1695741305064 828000.0 828000
1695741368394 832000.0 832000
1695741432631 836000.0 836000
1695741500657 840000.0 840000
1695741566702 844000.0 844000
1695741631644 848000.0 848000
1695741707282 852000.0 852000
1695741770123 856000.0 856000
1695741834190 860000.0 860000
1695741896154 864000.0 864000
1695741958349 868000.0 868000
1695742020590 872000.0 872000
1695742083738 876000.0 876000
1695742146407 880000.0 880000
1695742211518 884000.0 884000
1695742275767 888000.0 888000
1695742341503 892000.0 892000
1695742413475 896000.0 896000
1695742481831 900000.0 900000
1695742548155 904000.0 904000
1695742610620 908000.0 908000
1695742672735 912000.0 912000
1695742735020 916000.0 916000
1695742798319 920000.0 920000
1695742861419 924000.0 924000
1695742924003 928000.0 928000
1695742986250 932000.0 932000
1695743049552 936000.0 936000
1695743111833 940000.0 940000
1695743175804 944000.0 944000
1695743237770 948000.0 948000
1695743299672 952000.0 952000
1695743361870 956000.0 956000
1695743425169 960000.0 960000
1695743487647 964000.0 964000
1695743552031 968000.0 968000
1695743614184 972000.0 972000
1695743677375 976000.0 976000
1695743740414 980000.0 980000
1695743804689 984000.0 984000
1695743866864 988000.0 988000
1695743929992 992000.0 992000
1695743991621 996000.0 996000
1695744054962 1000000.0 1000000
