1695731491834 61.0 244000
1695731555207 62.0 248000
1695731626859 63.0 252000
1695731693851 64.0 256000
1695731770285 65.0 260000
1695731847710 66.0 264000
1695731929161 67.0 268000
1695732007394 68.0 272000
1695732085448 69.0 276000
1695732161480 70.0 280000
1695732229708 71.0 284000
1695732296136 72.0 288000
1695732365246 73.0 292000
1695732431597 74.0 296000
1695732499165 75.0 300000
1695732565049 76.0 304000
1695732635305 77.0 308000
1695732702930 78.0 312000
1695732772259 79.0 316000
1695732841450 80.0 320000
1695732910115 81.0 324000
1695732988575 82.0 328000
1695733057636 83.0 332000
1695733127095 84.0 336000
1695733197072 85.0 340000
1695733266784 86.0 344000
1695733337582 87.0 348000
1695733406138 88.0 352000
1695733474968 89.0 356000
1695733547029 90.0 360000
1695733617604 91.0 364000
1695733686089 92.0 368000
1695733756078 93.0 372000
1695733824317 94.0 376000
1695733894817 95.0 380000
1695733964148 96.0 384000
1695734035146 97.0 388000
1695734104127 98.0 392000
1695734175557 99.0 396000
1695734244602 100.0 400000
1695734315625 101.0 404000
1695734384533 102.0 408000
1695734453318 103.0 412000
1695734520607 104.0 416000
1695734588312 105.0 420000
1695734658260 106.0 424000
1695734727929 107.0 428000
1695734796820 108.0 432000
1695734870152 109.0 436000
1695734945687 110.0 440000
1695735016997 111.0 444000
1695735086296 112.0 448000
1695735161620 113.0 452000
1695735231859 114.0 456000
1695735305787 115.0 460000
1695735382038 116.0 464000
1695735453056 117.0 468000
1695735524289 118.0 472000
1695735599051 119.0 476000
1695735678556 120.0 480000
1695735759678 121.0 484000
1695735842241 122.0 488000
1695735925669 123.0 492000
1695736013345 124.0 496000
1695736097193 125.0 500000
1695736173519 126.0 504000
1695736248754 127.0 508000
1695736320482 128.0 512000
1695736388082 129.0 516000
1695736454218 130.0 520000
1695736520549 131.0 524000
1695736586977 132.0 528000
1695736651603 133.0 532000
1695736716042 134.0 536000
1695736779396 135.0 540000
1695736842110 136.0 544000
1695736905301 137.0 548000
1695736968375 138.0 552000
1695737032072 139.0 556000
1695737093985 140.0 560000
1695737157893 141.0 564000
1695737219555 142.0 568000
1695737281874 143.0 572000
1695737344551 144.0 576000
1695737411877 145.0 580000
1695737478171 146.0 584000
1695737541841 147.0 588000
1695737604280 148.0 592000
1695737666358 149.0 596000
1695737728566 150.0 600000
1695737791493 151.0 604000
1695737853454 152.0 608000
1695737916141 153.0 612000
1695737978510 154.0 616000
1695738041157 155.0 620000
1695738103403 156.0 624000
1695738167240 157.0 628000
1695738229913 158.0 632000
1695738292472 159.0 636000
1695738354954 160.0 640000
1695738417823 161.0 644000
1695738479774 162.0 648000
1695738542360 163.0 652000
1695738605800 164.0 656000
1695738668071 165.0 660000
1695738731625 166.0 664000
1695738794091 167.0 668000
1695738858436 168.0 672000
1695738921171 169.0 676000
1695738984359 170.0 680000
1695739046639 171.0 684000
1695739110012 172.0 688000
1695739171885 173.0 692000
1695739235414 174.0 696000
1695739297662 175.0 700000
1695739360470 176.0 704000
1695739423144 177.0 708000
1695739487946 178.0 712000
1695739550600 179.0 716000
1695739613226 180.0 720000
1695739675926 181.0 724000
1695739737718 182.0 728000
1695739800403 183.0 732000
1695739862635 184.0 736000
1695739925778 185.0 740000
1695739987622 186.0 744000
1695740051522 187.0 748000
1695740114339 188.0 752000
1695740177562 189.0 756000
1695740240034 190.0 760000
1695740301900 191.0 764000
1695740363480 192.0 768000
1695740425973 193.0 772000
1695740488801 194.0 776000
1695740550641 195.0 780000
1695740613343 196.0 784000
1695740675965 197.0 788000
1695740739725 198.0 792000
1695740801626 199.0 796000
1695740864893 200.0 800000
1695740927090 201.0 804000
1695740989347 202.0 808000
1695741052675 203.0 812000
1695741116328 204.0 816000
1695741179060 205.0 820000
1695741241965 206.0 824000
1695741305068 207.0 828000
1695741368397 208.0 832000
1695741432635 209.0 836000
1695741500661 210.0 840000
1695741566705 211.0 844000
1695741631649 212.0 848000
1695741707286 213.0 852000
1695741770127 214.0 856000
1695741834194 215.0 860000
1695741896158 216.0 864000
1695741958353 217.0 868000
1695742020594 218.0 872000
1695742083742 219.0 876000
1695742146410 220.0 880000
1695742211524 221.0 884000
1695742275770 222.0 888000
1695742341508 223.0 892000
1695742413479 224.0 896000
1695742481835 225.0 900000
1695742548159 226.0 904000
1695742610624 227.0 908000
1695742672738 228.0 912000
1695742735024 229.0 916000
1695742798323 230.0 920000
1695742861423 231.0 924000
1695742924007 232.0 928000
1695742986254 233.0 932000
1695743049556 234.0 936000
1695743111837 235.0 940000
1695743175808 236.0 944000
1695743237774 237.0 948000
1695743299676 238.0 952000
1695743361873 239.0 956000
1695743425173 240.0 960000
1695743487651 241.0 964000
1695743552035 242.0 968000
1695743614188 243.0 972000
1695743677379 244.0 976000
1695743740418 245.0 980000
1695743804693 246.0 984000
1695743866868 247.0 988000
1695743929995 248.0 992000
1695743991624 249.0 996000
1695744054966 250.0 1000000
