1695672393934 8.0 4000
1695672462635 8.0 8000
1695672529144 8.0 12000
1695672600019 8.0 16000
1695672672295 8.0 20000
1695672745230 8.0 24000
1695672809615 8.0 28000
1695672873963 8.0 32000
1695672940649 8.0 36000
1695673005183 8.0 40000
1695673074219 8.0 44000
1695673141160 8.0 48000
1695673218456 8.0 52000
1695673294733 8.0 56000
1695673372451 8.0 60000
1695673449674 8.0 64000
1695673533576 8.0 68000
1695673613769 8.0 72000
1695673696560 8.0 76000
1695673782572 8.0 80000
1695673861060 8.0 84000
1695673946007 8.0 88000
1695674026346 8.0 92000
1695674106798 8.0 96000
1695674188538 8.0 100000
1695674272945 8.0 104000
1695674360550 8.0 108000
1695674442958 8.0 112000
1695674524864 8.0 116000
1695674604783 8.0 120000
1695674686319 8.0 124000
1695674761001 8.0 128000
1695674835852 8.0 132000
1695674905975 8.0 136000
1695674983889 8.0 140000
1695675057423 8.0 144000
1695675130776 8.0 148000
1695675201061 8.0 152000
1695675272652 8.0 156000
1695675343581 8.0 160000
1695675414050 8.0 164000
1695675488889 8.0 168000
1695675564987 8.0 172000
1695675636538 8.0 176000
1695675707662 8.0 180000
1695675779503 8.0 184000
1695675846363 8.0 188000
1695675912993 8.0 192000
1695675979114 8.0 196000
1695676044759 8.0 200000
1695676110986 8.0 204000
1695676191599 8.0 208000
1695676270261 8.0 212000
1695676339865 8.0 216000
1695676408529 8.0 220000
1695676480571 8.0 224000
1695676555062 8.0 228000
1695676625499 8.0 232000
1695676703985 8.0 236000
1695676788218 8.0 240000
1695676878009 8.0 244000
1695676967108 8.0 248000
1695677042687 8.0 252000
1695677114874 8.0 256000
1695677195489 8.0 260000
1695677276824 8.0 264000
1695677358212 8.0 268000
1695677440042 8.0 272000
1695677527189 8.0 276000
