1695672393933 8.0 4000
1695672462634 8.0 8000
1695672529143 8.0 12000
1695672600018 8.0 16000
1695672672294 8.0 20000
1695672745229 8.0 24000
1695672809614 8.0 28000
1695672873962 8.0 32000
1695672940648 8.0 36000
1695673005183 8.0 40000
1695673074218 8.0 44000
1695673141159 8.0 48000
1695673218455 8.0 52000
1695673294732 8.0 56000
1695673372451 8.0 60000
1695673449673 8.0 64000
1695673533575 8.0 68000
1695673613769 8.0 72000
1695673696559 8.0 76000
1695673782571 8.0 80000
1695673861059 8.0 84000
1695673946006 8.0 88000
1695674026346 8.0 92000
1695674106797 8.0 96000
1695674188537 8.0 100000
1695674272944 8.0 104000
1695674360549 8.0 108000
1695674442956 8.0 112000
1695674524863 8.0 116000
1695674604782 8.0 120000
1695674686318 8.0 124000
1695674761000 8.0 128000
1695674835851 8.0 132000
1695674905975 8.0 136000
1695674983888 8.0 140000
1695675057422 8.0 144000
1695675130775 8.0 148000
1695675201061 8.0 152000
1695675272651 8.0 156000
1695675343581 8.0 160000
1695675414050 8.0 164000
1695675488888 8.0 168000
1695675564986 8.0 172000
1695675636537 8.0 176000
1695675707661 8.0 180000
1695675779502 8.0 184000
1695675846363 8.0 188000
1695675912992 8.0 192000
1695675979114 8.0 196000
1695676044758 8.0 200000
1695676110986 8.0 204000
1695676191599 8.0 208000
1695676270260 8.0 212000
1695676339864 8.0 216000
1695676408528 8.0 220000
1695676480571 8.0 224000
1695676555061 8.0 228000
1695676625499 8.0 232000
1695676703984 8.0 236000
1695676788218 8.0 240000
1695676878008 8.0 244000
1695676967107 8.0 248000
1695677042686 8.0 252000
1695677114873 8.0 256000
1695677195488 8.0 260000
1695677276823 8.0 264000
1695677358211 8.0 268000
1695677440041 8.0 272000
1695677527188 8.0 276000
