1695731492004 0.07189512252807617 244000
1695731555377 0.07551720267847965 248000
1695731627007 0.08113652887478681 252000
1695731694014 0.08290122064311853 256000
1695731770461 0.08996152877807617 260000
1695731847905 0.09655201435089111 264000
1695731929340 0.10345697402954102 268000
1695732007572 0.10551917552947998 272000
1695732085666 0.10162043571472168 276000
1695732161626 0.10751104354858398 280000
1695732229860 0.08878183364868164 284000
1695732296293 0.08530926704406738 288000
1695732365405 0.0850830078125 292000
1695732431740 0.0852499008178711 296000
1695732499315 0.08505654335021973 300000
1695732565213 0.0862128734588623 304000
1695732635483 0.09147191047668457 308000
1695732703097 0.08976900577545166 312000
1695732772415 0.09176218509674072 316000
1695732841603 0.08430731296539307 320000
1695732910262 0.08425474166870117 324000
1695732988730 0.10131275653839111 328000
1695733057796 0.09413754940032959 332000
1695733127239 0.08990168571472168 336000
1695733197231 0.08804315123064764 340000
1695733266947 0.09348940849304199 344000
1695733337776 0.09311479804790125 348000
1695733406289 0.08293294906616211 352000
1695733475127 0.09010374546051025 356000
1695733547196 0.09198319911956787 360000
1695733617760 0.08842138143686148 364000
1695733686253 0.08930153534060618 368000
1695733756231 0.08707093441580224 372000
1695733824464 0.08549650176232602 376000
1695733894973 0.08296935986249875 380000
1695733964297 0.08977697445796086 384000
1695734035312 0.08788316621692903 388000
1695734104279 0.08613824844360352 392000
1695734175708 0.08657156375416539 396000
1695734244753 0.0874653750774907 400000
1695734315780 0.09090173812139601 404000
1695734384694 0.09122662625070345 408000
1695734453468 0.0851314242293195 412000
1695734520759 0.08558233578999837 416000
1695734588465 0.08627493535318682 420000
1695734658417 0.08670821272093675 424000
1695734728083 0.08770217498143514 428000
1695734796967 0.08664929022000531 432000
1695734870337 0.09298656995479877 436000
1695734945850 0.09613146308724208 440000
1695735017168 0.09099203096309179 444000
1695735086449 0.08842056723916607 448000
1695735161774 0.09750822465196787 452000
1695735232015 0.0881550567490714 456000
1695735305966 0.09111173054170327 460000
1695735382223 0.0985077180360493 464000
1695735453216 0.09283230585210464 468000
1695735524436 0.09084197939658652 472000
1695735599224 0.09615506915097737 476000
1695735678731 0.10353455286539957 480000
1695735759854 0.10683285562615645 484000
1695735842418 0.10355628294751823 488000
1695735925854 0.10621691798115825 492000
1695736013525 0.11797685407649326 496000
1695736097370 0.11167831608814559 500000
1695736173688 0.10247829601849397 504000
1695736248964 0.09415751104956274 508000
1695736320665 0.09359842691666041 512000
1695736388224 0.0845588464787937 516000
1695736454362 0.08335086277553014 520000
1695736520690 0.08051928720976177 524000
1695736587119 0.08128406228245916 528000
1695736651755 0.07703395990224984 532000
1695736716188 0.08415281772613525 536000
1695736779534 0.07865473405638737 540000
1695736842252 0.08192220620349445 544000
1695736905454 0.0779162836438827 548000
1695736968515 0.08301616788984419 552000
1695737032216 0.07800039572593494 556000
1695737094126 0.07710456848144531 560000
1695737158034 0.07922240904161146 564000
1695737219702 0.07896031102826519 568000
1695737282020 0.07647954755359226 572000
1695737344699 0.07852353867451856 576000
1695737412036 0.08128694741122694 580000
1695737478311 0.12063090665352777 584000
1695737541980 0.0765298511467728 588000
1695737604421 0.08003830251114144 592000
1695737666504 0.07595390449335546 596000
1695737728710 0.07909872315146706 600000
1695737791637 0.0771186901972844 604000
1695737853594 0.07763475179672241 608000
1695737916280 0.07861719368407445 612000
1695737978656 0.07842113445331524 616000
1695738041295 0.0764678418636322 620000
1695738103554 0.07754314590144802 624000
1695738167383 0.07569131463073021 628000
1695738230058 0.0770644853579118 632000
1695738292611 0.07867008630483428 636000
1695738355105 0.07916440791134381 640000
1695738417960 0.07779118087556627 644000
1695738479917 0.07796639745885675 648000
1695738542503 0.07924164107086462 652000
1695738605939 0.07756903767585754 656000
1695738668215 0.07779366713910063 660000
1695738731765 0.07742655337156362 664000
1695738794235 0.07815776552472796 668000
1695738858575 0.08020259366177096 672000
1695738921318 0.0790858026688474 676000
1695738984533 0.07762606866758873 680000
1695739046777 0.07866322994232178 684000
1695739110148 0.07788646588766628 688000
1695739172026 0.07690933617678555 692000
1695739235553 0.08030571689495461 696000
1695739297800 0.07763754428745892 700000
1695739360614 0.07656357714519409 704000
1695739423301 0.07763386871408208 708000
1695739488089 0.08035207463202075 712000
1695739550740 0.08025104776391842 716000
1695739613373 0.07691338498105285 720000
1695739676069 0.07781436323453594 724000
1695739737860 0.07598860976622276 728000
1695739800547 0.07699814187474997 732000
1695739862783 0.08050040120170229 736000
1695739925927 0.07699671245756604 740000
1695739987771 0.07816496885047769 744000
1695740051669 0.07757449350437197 748000
1695740114484 0.07937649885813396 752000
1695740177702 0.0775130895467905 756000
1695740240172 0.07525058019728888 760000
1695740302041 0.07510048022373117 764000
1695740363627 0.07724388171050509 768000
1695740426110 0.07830262184143066 772000
1695740488946 0.07766529778453791 776000
1695740550781 0.07772312297687664 780000
1695740613484 0.07503783702850342 784000
1695740676107 0.07984366333275511 788000
1695740739862 0.0780899693646769 792000
1695740801771 0.0795321864681644 796000
1695740865031 0.07608209127261314 800000
1695740927249 0.0793418347440808 804000
1695740989483 0.07648370305045707 808000
1695741052821 0.0811118632555008 812000
1695741116466 0.07891078571696858 816000
1695741179201 0.07832736869132956 820000
1695741242112 0.07593786928075305 824000
1695741305216 0.07866712716909555 828000
1695741368537 0.07825656909847734 832000
1695741432779 0.08004728036049084 836000
1695741500815 0.08496781448265175 840000
1695741566853 0.0842197583271907 844000
1695741631804 0.08213066207575918 848000
1695741707452 0.08928979177610569 852000
1695741770267 0.07957003864587522 856000
1695741834344 0.07693279296793837 860000
1695741896340 0.07686557191790956 864000
1695741958490 0.07726939948829445 868000
1695742020739 0.07652729605706994 872000
1695742083888 0.07748387580694155 876000
1695742146555 0.0780728885105678 880000
1695742211674 0.07986318634217043 884000
1695742275911 0.07920919553093288 888000
1695742341656 0.07839421682719942 892000
1695742413685 0.09171819686889648 896000
1695742481995 0.08788292224590595 900000
1695742548300 0.08868493669020022 904000
1695742610765 0.07644602134402863 908000
1695742672878 0.0774168706202245 912000
1695742735168 0.07891077548265457 916000
1695742798474 0.07716181314536158 920000
1695742861568 0.08090964208046596 924000
1695742924160 0.07772989762135041 928000
1695742986391 0.07682590002424261 932000
1695743049699 0.07542147264852152 936000
1695743111982 0.07725852766847299 940000
1695743175952 0.07979869842529297 944000
1695743237914 0.07933217745560867 948000
1695743299823 0.07749773837901928 952000
1695743362019 0.0774374438656701 956000
1695743425316 0.07755804893582366 960000
1695743487790 0.07873689806139147 964000
1695743552177 0.0794366528006161 968000
1695743614328 0.07769370951303621 972000
1695743677514 0.0779968696636158 976000
1695743740562 0.07833962639172871 980000
1695743804838 0.08029575505967956 984000
1695743867020 0.07755756378173828 988000
1695743930134 0.07812264245315637 992000
1695743991767 0.07671686319204477 996000
1695744055102 0.07786983731149257 1000000
