1695731492005 0.006285997537466196 244000
1695731555378 0.006687641143798828 248000
1695731627008 0.00702277035780356 252000
1695731694015 0.007132064090685898 256000
1695731770462 0.0077065229415893555 260000
1695731847906 0.008299708366394043 264000
1695731929341 0.008829832077026367 268000
1695732007573 0.008825302124023438 272000
1695732085666 0.008710741996765137 276000
1695732161627 0.009167194366455078 280000
1695732229861 0.007634639739990234 284000
1695732296294 0.007498621940612793 288000
1695732365406 0.007600903511047363 292000
1695732431741 0.007567763328552246 296000
1695732499316 0.007525086402893066 300000
1695732565214 0.007456779479980469 304000
1695732635484 0.007735013961791992 308000
1695732703098 0.007650017738342285 312000
1695732772416 0.00796651840209961 316000
1695732841604 0.007411956787109375 320000
1695732910262 0.007475852966308594 324000
1695732988731 0.008599400520324707 328000
1695733057797 0.008021235466003418 332000
1695733127240 0.007876992225646973 336000
1695733197232 0.007564959854915224 340000
1695733266948 0.007869124412536621 344000
1695733337777 0.007877307655537022 348000
1695733406290 0.007469654083251953 352000
1695733475128 0.007788896560668945 356000
1695733547196 0.007932543754577637 360000
1695733617761 0.007643516247089093 364000
1695733686254 0.007763651550793257 368000
1695733756232 0.0075814292186827175 372000
1695733824465 0.007481635117731174 376000
1695733894974 0.007343903566018129 380000
1695733964298 0.007643722570859469 384000
1695734035313 0.007587069765143438 388000
1695734104280 0.007526477177937825 392000
1695734175709 0.007538209881698876 396000
1695734244754 0.007528884738099342 400000
1695734315781 0.007788907913934617 404000
1695734384695 0.007680614115828175 408000
1695734453469 0.007493515324786427 412000
1695734520760 0.0074578266517788755 416000
1695734588466 0.007442216719350507 420000
1695734658418 0.0074877821165939855 424000
1695734728083 0.007536113262176514 428000
1695734796968 0.007546980549970011 432000
1695734870339 0.007909650986011211 436000
1695734945850 0.008081843834796935 440000
1695735017169 0.00776388275791222 444000
1695735086450 0.007641163601237498 448000
1695735161775 0.008070554664666704 452000
1695735232016 0.007645714850652786 456000
1695735305967 0.0077780887220032825 460000
1695735382225 0.008360272959658974 464000
1695735453217 0.007873130779640348 468000
1695735524437 0.007836307798113142 472000
1695735599225 0.008140940692543324 476000
1695735678732 0.008522750374799716 480000
1695735759855 0.00933101999829387 484000
1695735842419 0.008853804858433718 488000
1695735925855 0.00878375965160328 492000
1695736013525 0.009774555594234144 496000
1695736097371 0.0090455774015981 500000
1695736173689 0.008316935621542374 504000
1695736248966 0.008058333182120108 508000
1695736320666 0.007967582115760216 512000
1695736388225 0.007525739822795684 516000
1695736454363 0.0072879791259765625 520000
1695736520691 0.007188696610300164 524000
1695736587120 0.007198227418435586 528000
1695736651756 0.007003316512474647 532000
1695736716188 0.007277727127075195 536000
1695736779535 0.0069991866154457206 540000
1695736842253 0.007044952527611657 544000
1695736905455 0.006856172139408024 548000
1695736968516 0.007220968469843134 552000
1695737032217 0.006874784445151305 556000
1695737094127 0.006841900002243172 560000
1695737158034 0.007066693339314494 564000
1695737219704 0.00694228756812311 568000
1695737282021 0.006714132097032335 572000
1695737344700 0.007030994269498594 576000
1695737412037 0.007090223840920322 580000
1695737478312 0.007609567493972383 584000
1695737541981 0.006863708589591232 588000
1695737604422 0.006990538117635316 592000
1695737666505 0.006811927866052698 596000
1695737728711 0.006880326704545455 600000
1695737791637 0.006837202952458308 604000
1695737853595 0.0069344788789749146 608000
1695737916281 0.006855422665613778 612000
1695737978657 0.0069820261620855955 616000
1695738041296 0.006810054183006287 620000
1695738103554 0.006981556479995315 624000
1695738167384 0.0067744837250820426 628000
1695738230059 0.006861174666641543 632000
1695738292612 0.006850072942628451 636000
1695738355105 0.006990519044625813 640000
1695738417960 0.006914028414973506 644000
1695738479918 0.006896257400512695 648000
1695738542504 0.00698489880343096 652000
1695738605940 0.0068314870198567705 656000
1695738668216 0.006892956978033397 660000
1695738731766 0.006857649165781299 664000
1695738794236 0.006967135838099888 668000
1695738858576 0.007144472386577342 672000
1695738921319 0.006975377271623176 676000
1695738984535 0.006888786592095146 680000
1695739046777 0.006996068087491122 684000
1695739110149 0.006836416437762424 688000
1695739172026 0.006849711591547186 692000
1695739235554 0.00690552540597199 696000
1695739297800 0.006905841407271734 700000
1695739360614 0.006774485399181716 704000
1695739423302 0.006909414370488461 708000
1695739488090 0.0070962393395254545 712000
1695739550741 0.006998348705874288 716000
1695739613374 0.006843254130373719 720000
1695739676070 0.006986663328202743 724000
1695739737861 0.006782947127352056 728000
1695739800547 0.006886562669133565 732000
1695739862784 0.007021001407078334 736000
1695739925928 0.00682693152200608 740000
1695739987772 0.006911327254097417 744000
1695740051670 0.006907326834542411 748000
1695740114485 0.006983787925155075 752000
1695740177703 0.006973468340360201 756000
1695740240173 0.006941467726311716 760000
1695740302042 0.0067953583147885984 764000
1695740363628 0.0068594843654309285 768000
1695740426111 0.006895333948269696 772000
1695740488947 0.006977754218556056 776000
1695740550782 0.00689854988685021 780000
1695740613485 0.006764888763427734 784000
1695740676107 0.007854114499008446 788000
1695740739863 0.007069767929437592 792000
1695740801772 0.006932395321505887 796000
1695740865032 0.006861966333271545 800000
1695740927250 0.007007453615302282 804000
1695740989484 0.006819650775096456 808000
1695741052822 0.007261708378791809 812000
1695741116467 0.0070531944652180096 816000
1695741179201 0.007104249524820538 820000
1695741242113 0.006759166717529297 824000
1695741305216 0.007029966666148259 828000
1695741368538 0.006908089367311392 832000
1695741432780 0.006999648534334623 836000
1695741500815 0.007367985589163644 840000
1695741566854 0.007288578229072766 844000
1695741631805 0.007522348219973182 848000
1695741707453 0.007657812669943859 852000
1695741770268 0.007035451776841108 856000
1695741834345 0.006859353248109209 860000
1695741896342 0.006935235225793087 864000
1695741958491 0.006870321325353674 868000
1695742020739 0.006953126566421583 872000
1695742083889 0.006812838620917742 876000
1695742146555 0.006938253130231585 880000
1695742211674 0.007169936076704278 884000
1695742275912 0.007116729798524276 888000
1695742341656 0.006931567493873306 892000
1695742413686 0.007719516754150391 896000
1695742481996 0.0077486802370120315 900000
1695742548301 0.007700138404721119 904000
1695742610765 0.0067852311215158235 908000
1695742672879 0.00681543088221288 912000
1695742735168 0.006984422604242961 916000
1695742798474 0.006842189633906795 920000
1695742861568 0.007222406566143036 924000
1695742924161 0.006854534149169922 928000
1695742986392 0.00693577059199301 932000
1695743049700 0.006697162405236975 936000
1695743111983 0.006876506057440066 940000
1695743175953 0.007019758224487305 944000
1695743237915 0.006950742159134302 948000
1695743299823 0.006812075038015107 952000
1695743362020 0.006908509466383193 956000
1695743425317 0.006837761679361033 960000
1695743487791 0.006945584271405195 964000
1695743552177 0.00711672446307014 968000
1695743614328 0.006888915852802556 972000
1695743677515 0.006928417708847549 976000
1695743740563 0.0070309266448020935 980000
1695743804839 0.007146629839312306 984000
1695743867020 0.006938580028171646 988000
1695743930134 0.006939312599224751 992000
1695743991767 0.0068834194770226115 996000
1695744055103 0.006860974191249102 1000000
