1695672599985 1.5290500000000078 16000
1695672672263 1.5290500000000078 20000
1695672745200 1.797927612816181 24000
1695672809586 1.797927612816181 28000
1695672873935 2.0741273550000052 32000
1695672940621 2.0741273550000052 36000
1695673005155 2.0741273550000052 40000
1695673074190 2.0741273550000052 44000
1695673141132 2.0741273550000052 48000
1695673218427 2.0741273550000052 52000
1695673294693 2.0741273550000052 56000
1695673372417 2.0741273550000052 60000
1695673449638 2.0741273550000052 64000
1695673533537 2.0741273550000052 68000
1695673613736 2.0741273550000052 72000
1695673696524 2.0741273550000052 76000
1695673782534 2.0741273550000052 80000
1695673861023 2.0741273550000052 84000
1695673945972 2.0741273550000052 88000
1695674026309 2.0741273550000052 92000
1695674106760 2.0741273550000052 96000
1695674188502 2.0741273550000052 100000
1695674272908 2.0741273550000052 104000
1695674360512 2.0741273550000052 108000
1695674442910 2.0741273550000052 112000
1695674524827 2.0741273550000052 116000
1695674604747 2.0741273550000052 120000
1695674686277 2.0741273550000052 124000
1695674760955 2.0741273550000052 128000
1695674835818 2.0741273550000052 132000
1695674905941 1.6472713628161828 136000
1695674983857 1.6472713628161828 140000
1695675057392 1.6472713628161828 144000
1695675130739 1.6472713628161828 148000
1695675201030 1.5408338628161835 152000
1695675272622 2.8449432378161736 156000
1695675343548 2.8449432378161736 160000
1695675414022 2.8449432378161736 164000
1695675488848 2.8449432378161736 168000
1695675564955 1.5926776128161722 172000
1695675636506 1.489453125 176000
1695675707632 1.489453125 180000
1695675779471 1.48875 184000
1695675846335 1.489453125 188000
1695675912964 1.489453125 192000
1695675979084 1.489453125 196000
1695676044730 1.489453125 200000
1695676110958 1.489453125 204000
1695676191566 1.489453125 208000
1695676270231 1.489453125 212000
1695676339834 1.489453125 216000
1695676408499 1.489453125 220000
1695676480540 1.489453125 224000
1695676555026 1.489453125 228000
1695676625468 1.489453125 232000
1695676703950 1.489453125 236000
1695676788184 1.489453125 240000
1695676877970 1.489453125 244000
1695676967061 1.489453125 248000
1695677042656 1.489453125 252000
1695677114842 1.489453125 256000
1695677195453 1.489453125 260000
1695677276789 1.489453125 264000
1695677358179 1.489453125 268000
1695677440006 1.489453125 272000
1695677527156 1.489453125 276000
