1695672599986 0.6545000000000026 16000
1695672672264 0.8405000000000025 20000
1695672745201 0.8405000000000025 24000
1695672809587 1.3860499999999893 28000
1695672873935 1.3860499999999893 32000
1695672940622 1.3860499999999893 36000
1695673005156 1.7176932378161593 40000
1695673074191 1.7176932378161593 44000
1695673141132 1.7176932378161593 48000
1695673218427 1.8871932378161662 52000
1695673294694 1.8871932378161662 56000
1695673372418 1.8871932378161662 60000
1695673449639 1.8871932378161662 64000
1695673533538 1.8871932378161662 68000
1695673613737 1.8871932378161662 72000
1695673696525 1.8871932378161662 76000
1695673782534 1.8871932378161662 80000
1695673861024 1.8871932378161662 84000
1695673945973 1.8871932378161662 88000
1695674026311 1.8871932378161662 92000
1695674106761 1.8871932378161662 96000
1695674188503 1.9621932378161682 100000
1695674272909 1.9711932378161685 104000
1695674360513 1.9711932378161685 108000
1695674442911 1.9711932378161685 112000
1695674524828 1.9711932378161685 116000
1695674604748 1.9711932378161685 120000
1695674686278 1.9991030335440545 124000
1695674760956 1.9991030335440545 128000
1695674835819 1.9991030335440545 132000
1695674905942 1.9991030335440545 136000
1695674983858 1.9991030335440545 140000
1695675057393 1.9991030335440545 144000
1695675130740 1.9991030335440545 148000
1695675201031 1.9991030335440545 152000
1695675272623 1.9991030335440545 156000
1695675343549 1.9561932378161682 160000
1695675414023 1.9561932378161682 164000
1695675488849 1.9876932378161691 168000
1695675564956 1.9876932378161691 172000
1695675636507 2.0026932378161697 176000
1695675707633 2.0026932378161697 180000
1695675779472 2.0041932378161698 184000
1695675846336 2.00569323781617 188000
1695675912965 1.8826932378161652 192000
1695675979084 1.50869323781617 196000
1695676044730 1.50869323781617 200000
1695676110958 1.50869323781617 204000
1695676191567 1.50869323781617 208000
1695676270232 1.50869323781617 212000
1695676339835 1.50869323781617 216000
1695676408500 1.50869323781617 220000
1695676480540 1.50869323781617 224000
1695676555028 1.50869323781617 228000
1695676625469 1.50869323781617 232000
1695676703951 1.50869323781617 236000
1695676788185 1.50869323781617 240000
1695676877971 1.50869323781617 244000
1695676967063 1.50869323781617 248000
1695677042656 1.50869323781617 252000
1695677114843 1.50869323781617 256000
1695677195454 1.50869323781617 260000
1695677276790 1.50869323781617 264000
1695677358179 1.50869323781617 268000
1695677440007 1.639693237816156 272000
1695677527157 1.50869323781617 276000
