1695672393849 123.547 4000
1695672462556 130.224 8000
1695672529066 131.082 12000
1695672599904 128.585 16000
1695672672182 127.706 20000
1695672745126 126.715 24000
1695672809517 128.484 28000
1695672873866 129.871 32000
1695672940549 130.152 36000
1695673005089 130.936 40000
1695673074118 131.775 44000
1695673141063 131.89 48000
1695673218355 127.454 52000
1695673294605 125.144 56000
1695673372334 123.316 60000
1695673449548 122.99 64000
1695673533432 118.729 68000
1695673613655 117.071 72000
1695673696433 114.397 76000
1695673782443 112.271 80000
1695673860932 111.045 84000
1695673945885 108.733 88000
1695674026217 110.113 92000
1695674106669 111.14 96000
1695674188412 111.708 100000
1695674272799 110.583 104000
1695674360422 110.737 108000
1695674442798 109.596 112000
1695674524737 110.617 116000
1695674604658 110.841 120000
1695674686187 110.434 124000
1695674760857 111.228 128000
1695674835739 112.169 132000
1695674905853 113.173 136000
1695674983779 113.076 140000
1695675057316 114.605 144000
1695675130649 117.342 148000
1695675200953 119.342 152000
1695675272550 120.079 156000
1695675343472 121.276 160000
1695675413952 123.818 164000
1695675488733 122.679 168000
1695675564879 123.072 172000
1695675636427 122.892 176000
1695675707556 124.535 180000
1695675779393 124.52 184000
1695675846268 125.547 188000
1695675912895 126.294 192000
1695675979006 127.914 196000
1695676044659 128.915 200000
1695676110886 129.025 204000
1695676191487 130.594 208000
1695676270157 130.106 212000
1695676339758 130.761 216000
1695676408426 131.207 220000
1695676480466 132.195 224000
1695676554944 130.115 228000
1695676625392 129.766 232000
1695676703870 127.484 236000
1695676788102 124.527 240000
1695676877862 119.428 244000
1695676966939 116.542 248000
1695677042579 117.047 252000
1695677114765 116.625 256000
1695677195368 113.774 260000
1695677276704 112.127 264000
1695677358096 111.495 268000
1695677439910 109.806 272000
1695677527079 107.935 276000
