1695672393849 32376.266 4000
1695672462556 30716.316 8000
1695672529065 30515.242 12000
1695672599903 31107.824 16000
1695672672181 31321.844 20000
1695672745125 31566.925 24000
1695672809516 31132.378 28000
1695672873866 30799.91 32000
1695672940549 30733.402 36000
1695673005088 30549.161 40000
1695673074118 30354.667 44000
1695673141062 30328.321 48000
1695673218354 31383.887 52000
1695673294605 31963.257 56000
1695673372333 32437.111 60000
1695673449547 32522.971 64000
1695673533431 33690.064 68000
1695673613654 34167.198 72000
1695673696432 34965.818 76000
1695673782442 35628.097 80000
1695673860931 36021.399 84000
1695673945884 36787.492 88000
1695674026216 36326.163 92000
1695674106668 35990.547 96000
1695674188411 35807.728 100000
1695674272798 36171.776 104000
1695674360421 36121.78 108000
1695674442797 36497.827 112000
1695674524736 36160.952 116000
1695674604657 36087.632 120000
1695674686186 36220.862 124000
1695674760856 35962.165 128000
1695674835738 35660.53 132000
1695674905852 35344.207 136000
1695674983778 35374.439 140000
1695675057315 34902.403 144000
1695675130648 34088.281 148000
1695675200952 33517.097 152000
1695675272550 33311.393 156000
1695675343471 32982.736 160000
1695675413952 32305.565 164000
1695675488732 32605.403 168000
1695675564879 32501.352 172000
1695675636426 32548.977 176000
1695675707556 32119.555 180000
1695675779392 32123.474 184000
1695675846268 31860.48 188000
1695675912894 31672.108 192000
1695675979005 31271.119 196000
1695676044658 31028.13 200000
1695676110885 31001.737 204000
1695676191486 30629.314 208000
1695676270157 30744.255 212000
1695676339757 30590.263 216000
1695676408425 30486.256 220000
1695676480465 30258.243 224000
1695676554943 30742.15 228000
1695676625392 30824.822 232000
1695676703870 31376.57 236000
1695676788101 32121.558 240000
1695676877861 33493.097 244000
1695676966938 34322.303 248000
1695677042578 34174.174 252000
1695677114764 34297.875 256000
1695677195367 35157.324 260000
1695677276703 35673.721 264000
1695677358095 35876.069 268000
1695677439909 36427.888 272000
1695677527078 37059.443 276000
