1695672393848 40557.163 4000
1695672462555 39900.098 8000
1695672529064 38599.526 12000
1695672599902 38324.165 16000
1695672672180 38561.965 20000
1695672745125 38734.7 24000
1695672809515 38249.815 28000
1695672873865 37888.394 32000
1695672940548 37674.0 36000
1695673005087 37418.565 40000
1695673074117 37167.843 44000
1695673141061 37005.002 48000
1695673218353 37012.929 52000
1695673294604 36955.867 56000
1695673372332 37020.673 60000
1695673449546 37352.055 64000
1695673533430 38115.614 68000
1695673613653 39210.347 72000
1695673696431 40006.854 76000
1695673782441 41475.74 80000
1695673860930 42010.09 84000
1695673945884 43030.71 88000
1695674026215 43782.696 92000
1695674106667 44532.016 96000
1695674188410 45108.632 100000
1695674272798 45457.891 104000
1695674360420 45875.47 108000
1695674442796 45707.04 112000
1695674524735 45948.023 116000
1695674604657 45410.158 120000
1695674686185 45575.855 124000
1695674760856 44804.123 128000
1695674835738 44559.0 132000
1695674905852 43847.971 136000
1695674983777 43441.173 140000
1695675057315 42832.633 144000
1695675130648 42225.159 148000
1695675200951 41597.267 152000
1695675272549 40786.212 156000
1695675343471 40225.314 160000
1695675413951 39812.645 164000
1695675488731 39509.145 168000
1695675564878 39731.044 172000
1695675636425 39826.628 176000
1695675707555 39581.37 180000
1695675779392 39407.394 184000
1695675846267 39033.398 188000
1695675912893 38861.133 192000
1695675979004 38715.018 196000
1695676044657 38429.454 200000
1695676110884 38023.843 204000
1695676191485 38996.549 208000
1695676270156 39146.432 212000
1695676339757 39103.687 216000
1695676408424 38958.76 220000
1695676480464 39206.278 224000
1695676554943 39475.283 228000
1695676625391 39766.414 232000
1695676703869 40442.506 236000
1695676788100 41542.378 240000
1695676877860 42506.153 244000
1695676966937 42493.315 248000
1695677042577 42324.94 252000
1695677114763 42457.175 256000
1695677195366 42782.167 260000
1695677276702 43185.263 264000
1695677358095 43667.1 268000
1695677439908 44242.716 272000
1695677527077 44474.323 276000
