1695672393850 130.928 4000
1695672462557 126.543 8000
1695672529067 126.845 12000
1695672599904 129.691 16000
1695672672183 131.685 20000
1695672745127 130.594 24000
1695672809517 129.277 28000
1695672873867 127.676 32000
1695672940550 126.795 36000
1695673005089 126.003 40000
1695673074119 124.843 44000
1695673141063 124.77 48000
1695673218356 124.385 52000
1695673294606 128.016 56000
1695673372334 127.971 60000
1695673449549 129.99 64000
1695673533433 134.092 68000
1695673613656 135.958 72000
1695673696434 138.561 76000
1695673782444 141.985 80000
1695673860933 145.417 84000
1695673945886 147.491 88000
1695674026217 150.176 92000
1695674106670 147.552 96000
1695674188413 149.825 100000
1695674272800 149.663 104000
1695674360423 151.041 108000
1695674442799 154.234 112000
1695674524737 154.457 116000
1695674604659 154.276 120000
1695674686188 154.422 124000
1695674760858 153.861 128000
1695674835740 152.405 132000
1695674905854 150.558 136000
1695674983779 149.348 140000
1695675057317 149.666 144000
1695675130650 148.33 148000
1695675200953 145.027 152000
1695675272551 142.876 156000
1695675343473 141.003 160000
1695675413953 137.309 164000
1695675488734 150.326 168000
1695675564880 148.761 172000
1695675636428 149.435 176000
1695675707557 146.648 180000
1695675779394 147.392 184000
1695675846269 142.941 188000
1695675912895 141.86 192000
1695675979006 140.971 196000
1695676044659 139.965 200000
1695676110887 142.867 204000
1695676191487 129.887 208000
1695676270158 130.191 212000
1695676339759 129.837 216000
1695676408426 130.202 220000
1695676480466 128.26 224000
1695676554945 130.113 228000
1695676625393 130.989 232000
1695676703871 132.702 236000
1695676788102 135.769 240000
1695676877863 138.207 244000
1695676966940 144.919 248000
1695677042580 145.893 252000
1695677114766 145.489 256000
1695677195369 147.694 260000
1695677276705 148.598 264000
1695677358097 149.941 268000
1695677439911 151.786 272000
1695677527080 151.819 276000
