1695672393847 73065.72 4000
1695672462554 70744.381 8000
1695672529064 69243.079 12000
1695672599901 69563.21 16000
1695672672180 70016.978 20000
1695672745124 70433.694 24000
1695672809514 69512.896 28000
1695672873864 68817.408 32000
1695672940547 68535.624 36000
1695673005086 68095.151 40000
1695673074116 67648.769 44000
1695673141060 67459.519 48000
1695673218352 68522.588 52000
1695673294603 69048.528 56000
1695673372331 69587.219 60000
1695673449545 70006.484 64000
1695673533429 71941.301 68000
1695673613652 73515.051 72000
1695673696430 75112.785 76000
1695673782440 77247.407 80000
1695673860929 78178.559 84000
1695673945883 79967.321 88000
1695674026214 80260.829 92000
1695674106666 80671.923 96000
1695674188410 81067.97 100000
1695674272797 81781.165 104000
1695674360419 82150.138 108000
1695674442795 82360.957 112000
1695674524734 82265.317 116000
1695674604656 81653.955 120000
1695674686184 81953.009 124000
1695674760855 80922.076 128000
1695674835737 80373.747 132000
1695674905851 79344.547 136000
1695674983776 78966.769 140000
1695675057314 77886.517 144000
1695675130647 76463.591 148000
1695675200950 75261.234 152000
1695675272548 74242.313 156000
1695675343470 73350.878 160000
1695675413950 72257.33 164000
1695675488730 72266.698 168000
1695675564877 72382.965 172000
1695675636425 72526.831 176000
1695675707554 71849.331 180000
1695675779391 71679.999 184000
1695675846266 71038.51 188000
1695675912893 70676.743 192000
1695675979004 70128.748 196000
1695676044657 69599.179 200000
1695676110884 69170.08 204000
1695676191483 69757.344 208000
1695676270155 70022.478 212000
1695676339756 69825.375 216000
1695676408423 69576.815 220000
1695676480463 69594.361 224000
1695676554942 70349.17 228000
1695676625390 70723.885 232000
1695676703868 71953.437 236000
1695676788099 73801.378 240000
1695676877859 76139.176 244000
1695676966936 76962.299 248000
1695677042577 76646.785 252000
1695677114762 76902.307 256000
1695677195366 78088.98 260000
1695677276701 79009.378 264000
1695677358094 79694.976 268000
1695677439907 80824.249 272000
1695677527076 81687.563 276000
