1695731492044 479.5 244000
1695731555419 479.5 248000
1695731627046 479.5 252000
1695731694059 479.5 256000
1695731770508 479.5 260000
1695731847952 479.5 264000
1695731929387 479.5 268000
1695732007622 479.5 272000
1695732085716 479.5 276000
1695732161664 479.5 280000
1695732229898 479.5 284000
1695732296332 479.5 288000
1695732365446 479.5 292000
1695732431779 479.5 296000
1695732499354 479.5 300000
1695732565253 479.5 304000
1695732635527 479.5 308000
1695732703140 479.5 312000
1695732772456 479.5 316000
1695732841642 479.5 320000
1695732910300 479.5 324000
1695732988775 479.5 328000
1695733057836 479.5 332000
1695733127277 479.5 336000
1695733197273 479.5 340000
1695733266990 479.5 344000
1695733337824 479.5 348000
1695733406328 479.5 352000
1695733475169 479.5 356000
1695733547240 479.5 360000
1695733617800 479.5 364000
1695733686296 479.5 368000
1695733756271 479.5 372000
1695733824502 479.5 376000
1695733895014 479.5 380000
1695733964337 479.5 384000
1695734035355 479.5 388000
1695734104319 479.5 392000
1695734175748 479.5 396000
1695734244796 479.5 400000
1695734315822 479.5 404000
1695734384736 479.5 408000
1695734453508 479.5 412000
1695734520798 479.5 416000
1695734588505 479.5 420000
1695734658458 479.5 424000
1695734728122 479.5 428000
1695734797006 479.5 432000
1695734870386 479.5 436000
1695734945890 479.5 440000
1695735017212 479.5 444000
1695735086490 479.5 448000
1695735161814 479.5 452000
1695735232055 479.5 456000
1695735306009 479.5 460000
1695735382277 479.5 464000
1695735453258 479.5 468000
1695735524474 479.5 472000
1695735599270 479.5 476000
1695735678777 479.5 480000
1695735759899 479.5 484000
1695735842463 479.5 488000
1695735925904 479.5 492000
1695736013572 479.5 496000
1695736097415 479.5 500000
1695736173731 479.5 504000
1695736249017 479.5 508000
1695736320711 479.5 512000
1695736388261 479.5 516000
1695736454398 479.5 520000
1695736520726 479.5 524000
1695736587158 479.5 528000
1695736651792 479.5 532000
1695736716222 479.5 536000
1695736779572 479.5 540000
1695736842290 479.5 544000
1695736905493 479.5 548000
1695736968551 479.5 552000
1695737032253 479.5 556000
1695737094162 479.5 560000
1695737158070 479.5 564000
1695737219743 479.5 568000
1695737282068 479.5 572000
1695737344737 479.5 576000
1695737412076 479.5 580000
1695737478349 479.5 584000
1695737542018 479.5 588000
1695737604458 479.5 592000
1695737666542 479.5 596000
1695737728751 479.5 600000
1695737791674 479.5 604000
1695737853630 479.5 608000
1695737916317 479.5 612000
1695737978694 479.5 616000
1695738041334 479.5 620000
1695738103595 479.5 624000
1695738167420 479.5 628000
1695738230095 479.5 632000
1695738292648 479.5 636000
1695738355141 479.5 640000
1695738417996 479.5 644000
1695738479953 479.5 648000
1695738542542 479.5 652000
1695738605975 479.5 656000
1695738668251 479.5 660000
1695738731801 479.5 664000
1695738794272 479.5 668000
1695738858616 479.5 672000
1695738921353 479.5 676000
1695738984578 479.5 680000
1695739046812 479.5 684000
1695739110185 479.5 688000
1695739172062 479.5 692000
1695739235590 479.5 696000
1695739297837 479.5 700000
1695739360652 479.5 704000
1695739423342 479.5 708000
1695739488125 479.5 712000
1695739550778 479.5 716000
1695739613414 479.5 720000
1695739676109 479.5 724000
1695739737897 479.5 728000
1695739800586 479.5 732000
1695739862821 479.5 736000
1695739925963 479.5 740000
1695739987809 479.5 744000
1695740051705 479.5 748000
1695740114523 479.5 752000
1695740177738 479.5 756000
1695740240211 479.5 760000
1695740302081 479.5 764000
1695740363668 479.5 768000
1695740426145 479.5 772000
1695740488981 479.5 776000
1695740550817 479.5 780000
1695740613519 479.5 784000
1695740676143 479.5 788000
1695740739899 479.5 792000
1695740801809 479.5 796000
1695740865068 479.5 800000
1695740927291 479.5 804000
1695740989520 479.5 808000
1695741052858 479.5 812000
1695741116503 479.5 816000
1695741179236 479.5 820000
1695741242152 479.5 824000
1695741305252 479.5 828000
1695741368575 479.5 832000
1695741432820 479.5 836000
1695741500856 479.5 840000
1695741566893 479.5 844000
1695741631844 479.5 848000
1695741707490 479.5 852000
1695741770304 479.5 856000
1695741834384 479.5 860000
1695741896388 479.5 864000
1695741958526 479.5 868000
1695742020775 479.5 872000
1695742083927 479.5 876000
1695742146592 479.5 880000
1695742211712 479.5 884000
1695742275952 479.5 888000
1695742341694 479.5 892000
1695742413733 479.5 896000
1695742482034 479.5 900000
1695742548338 479.5 904000
1695742610802 479.5 908000
1695742672913 479.5 912000
1695742735203 479.5 916000
1695742798510 479.5 920000
1695742861605 479.5 924000
1695742924199 479.5 928000
1695742986431 479.5 932000
1695743049734 479.5 936000
1695743112019 479.5 940000
1695743175990 479.5 944000
1695743237950 479.5 948000
1695743299858 479.5 952000
1695743362058 479.5 956000
1695743425351 479.5 960000
1695743487827 479.5 964000
1695743552213 479.5 968000
1695743614365 479.5 972000
1695743677550 479.5 976000
1695743740600 479.5 980000
1695743804876 479.5 984000
1695743867058 479.5 988000
1695743930169 479.5 992000
1695743991803 479.5 996000
1695744055138 479.5 1000000
