1695731492043 480.5 244000
1695731555418 1440.5 248000
1695731627045 2400.5 252000
1695731694058 3360.5 256000
1695731770507 4320.5 260000
1695731847951 5280.5 264000
1695731929386 6240.5 268000
1695732007621 7200.5 272000
1695732085715 8160.5 276000
1695732161663 9120.5 280000
1695732229898 10080.5 284000
1695732296331 11040.5 288000
1695732365445 12000.5 292000
1695732431778 12960.5 296000
1695732499353 13920.5 300000
1695732565252 14880.5 304000
1695732635526 15840.5 308000
1695732703139 16800.5 312000
1695732772456 17760.5 316000
1695732841641 18720.5 320000
1695732910299 19680.5 324000
1695732988774 20640.5 328000
1695733057835 21600.5 332000
1695733127277 22560.5 336000
1695733197273 23520.5 340000
1695733266989 24480.5 344000
1695733337823 25440.5 348000
1695733406327 26400.5 352000
1695733475168 27360.5 356000
1695733547239 28320.5 360000
1695733617799 29280.5 364000
1695733686295 30240.5 368000
1695733756270 31200.5 372000
1695733824501 32160.5 376000
1695733895013 33120.5 380000
1695733964336 34080.5 384000
1695734035354 35040.5 388000
1695734104319 36000.5 392000
1695734175748 36960.5 396000
1695734244795 37920.5 400000
1695734315821 38880.5 404000
1695734384735 39840.5 408000
1695734453507 40800.5 412000
1695734520797 41760.5 416000
1695734588504 42720.5 420000
1695734658457 43680.5 424000
1695734728121 44640.5 428000
1695734797005 45600.5 432000
1695734870386 46560.5 436000
1695734945889 47520.5 440000
1695735017211 48480.5 444000
1695735086489 49440.5 448000
1695735161813 50400.5 452000
1695735232054 51360.5 456000
1695735306008 52320.5 460000
1695735382276 53280.5 464000
1695735453257 54240.5 468000
1695735524473 55200.5 472000
1695735599269 56160.5 476000
1695735678776 57120.5 480000
1695735759899 58080.5 484000
1695735842462 59040.5 488000
1695735925903 60000.5 492000
1695736013571 60960.5 496000
1695736097414 61920.5 500000
1695736173730 62880.5 504000
1695736249016 63840.5 508000
1695736320710 64800.5 512000
1695736388260 65760.5 516000
1695736454397 66720.5 520000
1695736520725 67680.5 524000
1695736587157 68640.5 528000
1695736651791 69600.5 532000
1695736716222 70560.5 536000
1695736779571 71520.5 540000
1695736842289 72480.5 544000
1695736905492 73440.5 548000
1695736968550 74400.5 552000
1695737032252 75360.5 556000
1695737094162 76320.5 560000
1695737158070 77280.5 564000
1695737219742 78240.5 568000
1695737282067 79200.5 572000
1695737344737 80160.5 576000
1695737412075 81120.5 580000
1695737478348 82080.5 584000
1695737542017 83040.5 588000
1695737604457 84000.5 592000
1695737666541 84960.5 596000
1695737728750 85920.5 600000
1695737791673 86880.5 604000
1695737853629 87840.5 608000
1695737916316 88800.5 612000
1695737978693 89760.5 616000
1695738041333 90720.5 620000
1695738103594 91680.5 624000
1695738167419 92640.5 628000
1695738230094 93600.5 632000
1695738292647 94560.5 636000
1695738355140 95520.5 640000
1695738417996 96480.5 644000
1695738479952 97440.5 648000
1695738542542 98400.5 652000
1695738605974 99360.5 656000
1695738668250 100320.5 660000
1695738731800 101280.5 664000
1695738794271 102240.5 668000
1695738858615 103200.5 672000
1695738921353 104160.5 676000
1695738984577 105120.5 680000
1695739046811 106080.5 684000
1695739110184 107040.5 688000
1695739172061 108000.5 692000
1695739235589 108960.5 696000
1695739297837 109920.5 700000
1695739360651 110880.5 704000
1695739423341 111840.5 708000
1695739488125 112800.5 712000
1695739550777 113760.5 716000
1695739613413 114720.5 720000
1695739676108 115680.5 724000
1695739737896 116640.5 728000
1695739800585 117600.5 732000
1695739862820 118560.5 736000
1695739925962 119520.5 740000
1695739987808 120480.5 744000
1695740051704 121440.5 748000
1695740114523 122400.5 752000
1695740177737 123360.5 756000
1695740240210 124320.5 760000
1695740302080 125280.5 764000
1695740363667 126240.5 768000
1695740426145 127200.5 772000
1695740488980 128160.5 776000
1695740550816 129120.5 780000
1695740613519 130080.5 784000
1695740676142 131040.5 788000
1695740739898 132000.5 792000
1695740801809 132960.5 796000
1695740865067 133920.5 800000
1695740927290 134880.5 804000
1695740989520 135840.5 808000
1695741052858 136800.5 812000
1695741116502 137760.5 816000
1695741179235 138720.5 820000
1695741242151 139680.5 824000
1695741305251 140640.5 828000
1695741368574 141600.5 832000
1695741432819 142560.5 836000
1695741500855 143520.5 840000
1695741566892 144480.5 844000
1695741631843 145440.5 848000
1695741707489 146400.5 852000
1695741770304 147360.5 856000
1695741834384 148320.5 860000
1695741896387 149280.5 864000
1695741958526 150240.5 868000
1695742020774 151200.5 872000
1695742083926 152160.5 876000
1695742146591 153120.5 880000
1695742211711 154080.5 884000
1695742275951 155040.5 888000
1695742341693 156000.5 892000
1695742413733 156960.5 896000
1695742482033 157920.5 900000
1695742548337 158880.5 904000
1695742610801 159840.5 908000
1695742672912 160800.5 912000
1695742735202 161760.5 916000
1695742798509 162720.5 920000
1695742861604 163680.5 924000
1695742924198 164640.5 928000
1695742986431 165600.5 932000
1695743049734 166560.5 936000
1695743112019 167520.5 940000
1695743175989 168480.5 944000
1695743237949 169440.5 948000
1695743299857 170400.5 952000
1695743362057 171360.5 956000
1695743425351 172320.5 960000
1695743487827 173280.5 964000
1695743552212 174240.5 968000
1695743614364 175200.5 972000
1695743677549 176160.5 976000
1695743740599 177120.5 980000
1695743804876 178080.5 984000
1695743867057 179040.5 988000
1695743930168 180000.5 992000
1695743991802 180960.5 996000
1695744055137 181920.5 1000000
