1695731492070 0.5 244000
1695731555446 0.5 248000
1695731627069 0.5 252000
1695731694086 0.5 256000
1695731770539 0.5 260000
1695731847981 0.5 264000
1695731929418 0.5 268000
1695732007651 0.5 272000
1695732085748 0.5 276000
1695732161688 0.5 280000
1695732229924 0.5 284000
1695732296358 0.5 288000
1695732365472 0.5 292000
1695732431803 0.5 296000
1695732499380 0.5 300000
1695732565278 0.5 304000
1695732635554 0.5 308000
1695732703167 0.5 312000
1695732772482 0.5 316000
1695732841667 0.5 320000
1695732910324 0.5 324000
1695732988801 0.5 328000
1695733057862 0.5 332000
1695733127305 0.5 336000
1695733197301 0.5 340000
1695733267017 0.5 344000
1695733337856 0.5 348000
1695733406354 0.5 352000
1695733475195 0.5 356000
1695733547267 0.5 360000
1695733617826 0.5 364000
1695733686326 0.5 368000
1695733756296 0.5 372000
1695733824527 0.5 376000
1695733895041 0.5 380000
1695733964363 0.5 384000
1695734035384 0.5 388000
1695734104344 0.5 392000
1695734175774 0.5 396000
1695734244824 0.5 400000
1695734315848 0.5 404000
1695734384768 0.5 408000
1695734453533 0.5 412000
1695734520823 0.5 416000
1695734588530 0.5 420000
1695734658484 0.5 424000
1695734728149 0.5 428000
1695734797030 0.5 432000
1695734870417 0.5 436000
1695734945917 0.5 440000
1695735017239 0.5 444000
1695735086516 0.5 448000
1695735161842 0.5 452000
1695735232081 0.5 456000
1695735306036 0.5 460000
1695735382307 0.5 464000
1695735453284 0.5 468000
1695735524499 0.5 472000
1695735599299 0.5 476000
1695735678806 0.5 480000
1695735759928 0.5 484000
1695735842493 0.5 488000
1695735925935 0.5 492000
1695736013603 0.5 496000
1695736097444 0.5 500000
1695736173758 0.5 504000
1695736249051 0.5 508000
1695736320744 0.5 512000
1695736388285 0.5 516000
1695736454421 0.5 520000
1695736520749 0.5 524000
1695736587181 0.5 528000
1695736651818 0.5 532000
1695736716246 0.5 536000
1695736779598 0.5 540000
1695736842313 0.5 544000
1695736905518 0.5 548000
1695736968575 0.5 552000
1695737032278 0.5 556000
1695737094185 0.5 560000
1695737158093 0.5 564000
1695737219769 0.5 568000
1695737282094 0.5 572000
1695737344761 0.5 576000
1695737412103 0.5 580000
1695737478375 0.5 584000
1695737542045 0.5 588000
1695737604481 0.5 592000
1695737666566 0.5 596000
1695737728774 0.5 600000
1695737791697 0.5 604000
1695737853652 0.5 608000
1695737916341 0.5 612000
1695737978722 0.5 616000
1695738041357 0.5 620000
1695738103620 0.5 624000
1695738167442 0.5 628000
1695738230120 0.5 632000
1695738292672 0.5 636000
1695738355165 0.5 640000
1695738418019 0.5 644000
1695738479977 0.5 648000
1695738542567 0.5 652000
1695738606000 0.5 656000
1695738668273 0.5 660000
1695738731824 0.5 664000
1695738794296 0.5 668000
1695738858640 0.5 672000
1695738921380 0.5 676000
1695738984604 0.5 680000
1695739046835 0.5 684000
1695739110209 0.5 688000
1695739172086 0.5 692000
1695739235613 0.5 696000
1695739297861 0.5 700000
1695739360678 0.5 704000
1695739423369 0.5 708000
1695739488150 0.5 712000
1695739550803 0.5 716000
1695739613440 0.5 720000
1695739676136 0.5 724000
1695739737923 0.5 728000
1695739800611 0.5 732000
1695739862845 0.5 736000
1695739925987 0.5 740000
1695739987832 0.5 744000
1695740051729 0.5 748000
1695740114549 0.5 752000
1695740177761 0.5 756000
1695740240234 0.5 760000
1695740302107 0.5 764000
1695740363692 0.5 768000
1695740426170 0.5 772000
1695740489005 0.5 776000
1695740550841 0.5 780000
1695740613542 0.5 784000
1695740676167 0.5 788000
1695740739925 0.5 792000
1695740801834 0.5 796000
1695740865092 0.5 800000
1695740927318 0.5 804000
1695740989544 0.5 808000
1695741052881 0.5 812000
1695741116525 0.5 816000
1695741179260 0.5 820000
1695741242177 0.5 824000
1695741305277 0.5 828000
1695741368600 0.5 832000
1695741432845 0.5 836000
1695741500881 0.5 840000
1695741566916 0.5 844000
1695741631871 0.5 848000
1695741707515 0.5 852000
1695741770327 0.5 856000
1695741834410 0.5 860000
1695741896416 0.5 864000
1695741958552 0.5 868000
1695742020801 0.5 872000
1695742083959 0.5 876000
1695742146616 0.5 880000
1695742211736 0.5 884000
1695742275978 0.5 888000
1695742341719 0.5 892000
1695742413764 0.5 896000
1695742482058 0.5 900000
1695742548361 0.5 904000
1695742610827 0.5 908000
1695742672936 0.5 912000
1695742735226 0.5 916000
1695742798537 0.5 920000
1695742861631 0.5 924000
1695742924224 0.5 928000
1695742986457 0.5 932000
1695743049757 0.5 936000
1695743112045 0.5 940000
1695743176013 0.5 944000
1695743237973 0.5 948000
1695743299883 0.5 952000
1695743362087 0.5 956000
1695743425374 0.5 960000
1695743487851 0.5 964000
1695743552235 0.5 968000
1695743614390 0.5 972000
1695743677572 0.5 976000
1695743740624 0.5 980000
1695743804900 0.5 984000
1695743867084 0.5 988000
1695743930192 0.5 992000
1695743991828 0.5 996000
1695744055163 0.5 1000000
