1695731492068 0.0 244000
1695731555445 0.0 248000
1695731627068 0.0 252000
1695731694084 0.0 256000
1695731770535 0.0 260000
1695731847979 0.0 264000
1695731929416 0.0 268000
1695732007649 0.0 272000
1695732085746 0.0 276000
1695732161686 0.0 280000
1695732229922 0.0 284000
1695732296357 0.0 288000
1695732365471 0.0 292000
1695732431802 0.0 296000
1695732499379 0.0 300000
1695732565277 0.0 304000
1695732635552 0.0 308000
1695732703165 0.0 312000
1695732772481 0.0 316000
1695732841666 0.0 320000
1695732910323 0.0 324000
1695732988800 0.0 328000
1695733057860 0.0 332000
1695733127303 0.0 336000
1695733197299 0.0 340000
1695733267015 0.0 344000
1695733337853 0.0 348000
1695733406353 0.0 352000
1695733475194 0.0 356000
1695733547265 0.0 360000
1695733617824 0.0 364000
1695733686324 0.0 368000
1695733756295 0.0 372000
1695733824525 0.0 376000
1695733895039 0.0 380000
1695733964361 0.0 384000
1695734035382 0.0 388000
1695734104342 0.0 392000
1695734175773 0.0 396000
1695734244822 0.0 400000
1695734315847 0.0 404000
1695734384766 0.0 408000
1695734453531 0.0 412000
1695734520821 0.0 416000
1695734588529 0.0 420000
1695734658482 0.0 424000
1695734728147 0.0 428000
1695734797028 0.0 432000
1695734870415 0.0 436000
1695734945915 0.0 440000
1695735017238 0.0 444000
1695735086514 0.0 448000
1695735161840 0.0 452000
1695735232079 0.0 456000
1695735306034 0.0 460000
1695735382305 0.0 464000
1695735453283 0.0 468000
1695735524497 0.0 472000
1695735599297 0.0 476000
1695735678804 0.0 480000
1695735759926 0.0 484000
1695735842491 0.0 488000
1695735925933 0.0 492000
1695736013601 0.0 496000
1695736097442 0.0 500000
1695736173757 0.0 504000
1695736249049 0.0 508000
1695736320742 0.0 512000
1695736388283 0.0 516000
1695736454420 0.0 520000
1695736520747 0.0 524000
1695736587180 0.0 528000
1695736651816 0.0 532000
1695736716244 0.0 536000
1695736779596 0.0 540000
1695736842312 0.0 544000
1695736905516 0.0 548000
1695736968573 0.0 552000
1695737032276 0.0 556000
1695737094183 0.0 560000
1695737158092 0.0 564000
1695737219767 0.0 568000
1695737282092 0.0 572000
1695737344760 0.0 576000
1695737412101 0.0 580000
1695737478373 0.0 584000
1695737542043 0.0 588000
1695737604479 0.0 592000
1695737666564 0.0 596000
1695737728773 0.0 600000
1695737791696 0.0 604000
1695737853651 0.0 608000
1695737916340 0.0 612000
1695737978720 0.0 616000
1695738041356 0.0 620000
1695738103619 0.0 624000
1695738167440 0.0 628000
1695738230118 0.0 632000
1695738292670 0.0 636000
1695738355163 0.0 640000
1695738418018 0.0 644000
1695738479975 0.0 648000
1695738542566 0.0 652000
1695738605998 0.0 656000
1695738668272 0.0 660000
1695738731823 0.0 664000
1695738794294 0.0 668000
1695738858639 0.0 672000
1695738921378 0.0 676000
1695738984603 0.0 680000
1695739046834 0.0 684000
1695739110207 0.0 688000
1695739172085 0.0 692000
1695739235611 0.0 696000
1695739297859 0.0 700000
1695739360676 0.0 704000
1695739423367 0.0 708000
1695739488148 0.0 712000
1695739550801 0.0 716000
1695739613438 0.0 720000
1695739676134 0.0 724000
1695739737921 0.0 728000
1695739800610 0.0 732000
1695739862843 0.0 736000
1695739925986 0.0 740000
1695739987830 0.0 744000
1695740051727 0.0 748000
1695740114547 0.0 752000
1695740177760 0.0 756000
1695740240232 0.0 760000
1695740302105 0.0 764000
1695740363690 0.0 768000
1695740426168 0.0 772000
1695740489004 0.0 776000
1695740550839 0.0 780000
1695740613541 0.0 784000
1695740676165 0.0 788000
1695740739924 0.0 792000
1695740801832 0.0 796000
1695740865091 0.0 800000
1695740927316 0.0 804000
1695740989542 0.0 808000
1695741052880 0.0 812000
1695741116523 0.0 816000
1695741179258 0.0 820000
1695741242175 0.0 824000
1695741305275 0.0 828000
1695741368598 0.0 832000
1695741432843 0.0 836000
1695741500880 0.0 840000
1695741566914 0.0 844000
1695741631869 0.0 848000
1695741707513 0.0 852000
1695741770326 0.0 856000
1695741834408 0.0 860000
1695741896414 0.0 864000
1695741958550 0.0 868000
1695742020799 0.0 872000
1695742083955 0.0 876000
1695742146614 0.0 880000
1695742211735 0.0 884000
1695742275976 0.0 888000
1695742341717 0.0 892000
1695742413762 0.0 896000
1695742482057 0.0 900000
1695742548360 0.0 904000
1695742610825 0.0 908000
1695742672934 0.0 912000
1695742735225 0.0 916000
1695742798536 0.0 920000
1695742861629 0.0 924000
1695742924222 0.0 928000
1695742986456 0.0 932000
1695743049756 0.0 936000
1695743112043 0.0 940000
1695743176011 0.0 944000
1695743237971 0.0 948000
1695743299881 0.0 952000
1695743362085 0.0 956000
1695743425373 0.0 960000
1695743487849 0.0 964000
1695743552233 0.0 968000
1695743614388 0.0 972000
1695743677571 0.0 976000
1695743740622 0.0 980000
1695743804898 0.0 984000
1695743867082 0.0 988000
1695743930190 0.0 992000
1695743991826 0.0 996000
1695744055161 0.0 1000000
