1695731492071 0.0015 244000
1695731555447 0.0015 248000
1695731627070 0.0015 252000
1695731694087 0.0015 256000
1695731770540 0.0015 260000
1695731847981 0.0015 264000
1695731929419 0.0015 268000
1695732007652 0.0015 272000
1695732085749 0.0015 276000
1695732161689 0.0015 280000
1695732229925 0.0015 284000
1695732296359 0.0015 288000
1695732365473 0.0015 292000
1695732431804 0.0015 296000
1695732499381 0.0015 300000
1695732565279 0.0015 304000
1695732635555 0.0015 308000
1695732703168 0.0015 312000
1695732772483 0.0015 316000
1695732841668 0.0015 320000
1695732910325 0.0015 324000
1695732988802 0.0015 328000
1695733057863 0.0015 332000
1695733127306 0.0015 336000
1695733197302 0.0015 340000
1695733267018 0.0015 344000
1695733337857 0.0015 348000
1695733406355 0.0015 352000
1695733475196 0.0015 356000
1695733547268 0.0015 360000
1695733617827 0.0015 364000
1695733686327 0.0015 368000
1695733756297 0.0015 372000
1695733824528 0.0015 376000
1695733895042 0.0015 380000
1695733964364 0.0015 384000
1695734035384 0.0015 388000
1695734104345 0.0015 392000
1695734175775 0.0015 396000
1695734244825 0.0015 400000
1695734315849 0.0015 404000
1695734384769 0.0015 408000
1695734453533 0.0015 412000
1695734520824 0.0015 416000
1695734588531 0.0015 420000
1695734658485 0.0015 424000
1695734728150 0.0015 428000
1695734797030 0.0015 432000
1695734870418 0.0015 436000
1695734945917 0.0015 440000
1695735017240 0.0015 444000
1695735086516 0.0015 448000
1695735161843 0.0015 452000
1695735232082 0.0015 456000
1695735306037 0.0015 460000
1695735382308 0.0015 464000
1695735453285 0.0015 468000
1695735524499 0.0015 472000
1695735599300 0.0015 476000
1695735678807 0.0015 480000
1695735759929 0.0015 484000
1695735842494 0.0015 488000
1695735925936 0.0015 492000
1695736013604 0.0015 496000
1695736097445 0.0015 500000
1695736173759 0.0015 504000
1695736249053 0.0015 508000
1695736320745 0.0015 512000
1695736388286 0.0015 516000
1695736454422 0.0015 520000
1695736520750 0.0015 524000
1695736587182 0.0015 528000
1695736651819 0.0015 532000
1695736716246 0.0015 536000
1695736779598 0.0015 540000
1695736842314 0.0015 544000
1695736905518 0.0015 548000
1695736968576 0.0015 552000
1695737032279 0.0015 556000
1695737094185 0.0015 560000
1695737158094 0.0015 564000
1695737219769 0.0015 568000
1695737282095 0.0015 572000
1695737344762 0.0015 576000
1695737412104 0.0015 580000
1695737478376 0.0015 584000
1695737542045 0.0015 588000
1695737604482 0.0015 592000
1695737666567 0.0015 596000
1695737728775 0.0015 600000
1695737791698 0.0015 604000
1695737853653 0.0015 608000
1695737916342 0.0015 612000
1695737978722 0.0015 616000
1695738041358 0.0015 620000
1695738103621 0.0015 624000
1695738167443 0.0015 628000
1695738230120 0.0015 632000
1695738292673 0.0015 636000
1695738355166 0.0015 640000
1695738418020 0.0015 644000
1695738479978 0.0015 648000
1695738542568 0.0015 652000
1695738606000 0.0015 656000
1695738668274 0.0015 660000
1695738731825 0.0015 664000
1695738794297 0.0015 668000
1695738858641 0.0015 672000
1695738921381 0.0015 676000
1695738984605 0.0015 680000
1695739046836 0.0015 684000
1695739110210 0.0015 688000
1695739172087 0.0015 692000
1695739235614 0.0015 696000
1695739297862 0.0015 700000
1695739360679 0.0015 704000
1695739423370 0.0015 708000
1695739488151 0.0015 712000
1695739550804 0.0015 716000
1695739613441 0.0015 720000
1695739676137 0.0015 724000
1695739737923 0.0015 728000
1695739800612 0.0015 732000
1695739862846 0.0015 736000
1695739925988 0.0015 740000
1695739987833 0.0015 744000
1695740051730 0.0015 748000
1695740114550 0.0015 752000
1695740177762 0.0015 756000
1695740240234 0.0015 760000
1695740302108 0.0015 764000
1695740363692 0.0015 768000
1695740426171 0.0015 772000
1695740489006 0.0015 776000
1695740550842 0.0015 780000
1695740613543 0.0015 784000
1695740676167 0.0015 788000
1695740739926 0.0015 792000
1695740801834 0.0015 796000
1695740865093 0.0015 800000
1695740927318 0.0015 804000
1695740989545 0.0015 808000
1695741052882 0.0015 812000
1695741116526 0.0015 816000
1695741179261 0.0015 820000
1695741242178 0.0015 824000
1695741305278 0.0015 828000
1695741368600 0.0015 832000
1695741432846 0.0015 836000
1695741500882 0.0015 840000
1695741566916 0.0015 844000
1695741631872 0.0015 848000
1695741707516 0.0015 852000
1695741770328 0.0015 856000
1695741834411 0.0015 860000
1695741896417 0.0015 864000
1695741958553 0.0015 868000
1695742020802 0.0015 872000
1695742083960 0.0015 876000
1695742146617 0.0015 880000
1695742211737 0.0015 884000
1695742275978 0.0015 888000
1695742341719 0.0015 892000
1695742413765 0.0015 896000
1695742482059 0.0015 900000
1695742548362 0.0015 904000
1695742610828 0.0015 908000
1695742672936 0.0015 912000
1695742735227 0.0015 916000
1695742798538 0.0015 920000
1695742861631 0.0015 924000
1695742924225 0.0015 928000
1695742986458 0.0015 932000
1695743049758 0.0015 936000
1695743112046 0.0015 940000
1695743176014 0.0015 944000
1695743237973 0.0015 948000
1695743299883 0.0015 952000
1695743362088 0.0015 956000
1695743425375 0.0015 960000
1695743487852 0.0015 964000
1695743552236 0.0015 968000
1695743614391 0.0015 972000
1695743677573 0.0015 976000
1695743740624 0.0015 980000
1695743804900 0.0015 984000
1695743867085 0.0015 988000
1695743930193 0.0015 992000
1695743991828 0.0015 996000
1695744055164 0.0015 1000000
