1695731492069 0.5 244000
1695731555446 0.5 248000
1695731627068 0.5 252000
1695731694085 0.5 256000
1695731770537 0.5 260000
1695731847980 0.5 264000
1695731929417 0.5 268000
1695732007650 0.5 272000
1695732085747 0.5 276000
1695732161687 0.5 280000
1695732229923 0.5 284000
1695732296357 0.5 288000
1695732365471 0.5 292000
1695732431803 0.5 296000
1695732499380 0.5 300000
1695732565278 0.5 304000
1695732635553 0.5 308000
1695732703166 0.5 312000
1695732772482 0.5 316000
1695732841667 0.5 320000
1695732910323 0.5 324000
1695732988801 0.5 328000
1695733057861 0.5 332000
1695733127304 0.5 336000
1695733197300 0.5 340000
1695733267016 0.5 344000
1695733337855 0.5 348000
1695733406354 0.5 352000
1695733475195 0.5 356000
1695733547266 0.5 360000
1695733617825 0.5 364000
1695733686325 0.5 368000
1695733756296 0.5 372000
1695733824526 0.5 376000
1695733895040 0.5 380000
1695733964362 0.5 384000
1695734035383 0.5 388000
1695734104343 0.5 392000
1695734175774 0.5 396000
1695734244823 0.5 400000
1695734315847 0.5 404000
1695734384767 0.5 408000
1695734453532 0.5 412000
1695734520822 0.5 416000
1695734588529 0.5 420000
1695734658483 0.5 424000
1695734728148 0.5 428000
1695734797029 0.5 432000
1695734870416 0.5 436000
1695734945916 0.5 440000
1695735017239 0.5 444000
1695735086515 0.5 448000
1695735161841 0.5 452000
1695735232080 0.5 456000
1695735306035 0.5 460000
1695735382306 0.5 464000
1695735453283 0.5 468000
1695735524498 0.5 472000
1695735599298 0.5 476000
1695735678805 0.5 480000
1695735759927 0.5 484000
1695735842492 0.5 488000
1695735925934 0.5 492000
1695736013602 0.5 496000
1695736097443 0.5 500000
1695736173758 0.5 504000
1695736249050 0.5 508000
1695736320743 0.5 512000
1695736388284 0.5 516000
1695736454421 0.5 520000
1695736520748 0.5 524000
1695736587181 0.5 528000
1695736651817 0.5 532000
1695736716245 0.5 536000
1695736779597 0.5 540000
1695736842313 0.5 544000
1695736905517 0.5 548000
1695736968574 0.5 552000
1695737032277 0.5 556000
1695737094184 0.5 560000
1695737158093 0.5 564000
1695737219768 0.5 568000
1695737282093 0.5 572000
1695737344760 0.5 576000
1695737412102 0.5 580000
1695737478374 0.5 584000
1695737542044 0.5 588000
1695737604480 0.5 592000
1695737666565 0.5 596000
1695737728773 0.5 600000
1695737791696 0.5 604000
1695737853651 0.5 608000
1695737916340 0.5 612000
1695737978721 0.5 616000
1695738041357 0.5 620000
1695738103620 0.5 624000
1695738167441 0.5 628000
1695738230119 0.5 632000
1695738292671 0.5 636000
1695738355164 0.5 640000
1695738418019 0.5 644000
1695738479976 0.5 648000
1695738542566 0.5 652000
1695738605999 0.5 656000
1695738668273 0.5 660000
1695738731824 0.5 664000
1695738794295 0.5 668000
1695738858639 0.5 672000
1695738921379 0.5 676000
1695738984603 0.5 680000
1695739046834 0.5 684000
1695739110208 0.5 688000
1695739172085 0.5 692000
1695739235612 0.5 696000
1695739297860 0.5 700000
1695739360677 0.5 704000
1695739423368 0.5 708000
1695739488149 0.5 712000
1695739550802 0.5 716000
1695739613439 0.5 720000
1695739676135 0.5 724000
1695739737922 0.5 728000
1695739800610 0.5 732000
1695739862844 0.5 736000
1695739925987 0.5 740000
1695739987831 0.5 744000
1695740051728 0.5 748000
1695740114548 0.5 752000
1695740177761 0.5 756000
1695740240233 0.5 760000
1695740302106 0.5 764000
1695740363691 0.5 768000
1695740426169 0.5 772000
1695740489005 0.5 776000
1695740550840 0.5 780000
1695740613542 0.5 784000
1695740676166 0.5 788000
1695740739924 0.5 792000
1695740801833 0.5 796000
1695740865091 0.5 800000
1695740927317 0.5 804000
1695740989543 0.5 808000
1695741052881 0.5 812000
1695741116524 0.5 816000
1695741179259 0.5 820000
1695741242176 0.5 824000
1695741305276 0.5 828000
1695741368599 0.5 832000
1695741432844 0.5 836000
1695741500881 0.5 840000
1695741566915 0.5 844000
1695741631870 0.5 848000
1695741707514 0.5 852000
1695741770327 0.5 856000
1695741834409 0.5 860000
1695741896415 0.5 864000
1695741958551 0.5 868000
1695742020800 0.5 872000
1695742083956 0.5 876000
1695742146615 0.5 880000
1695742211735 0.5 884000
1695742275977 0.5 888000
1695742341718 0.5 892000
1695742413763 0.5 896000
1695742482058 0.5 900000
1695742548361 0.5 904000
1695742610826 0.5 908000
1695742672935 0.5 912000
1695742735225 0.5 916000
1695742798537 0.5 920000
1695742861630 0.5 924000
1695742924223 0.5 928000
1695742986456 0.5 932000
1695743049756 0.5 936000
1695743112044 0.5 940000
1695743176012 0.5 944000
1695743237972 0.5 948000
1695743299882 0.5 952000
1695743362086 0.5 956000
1695743425374 0.5 960000
1695743487850 0.5 964000
1695743552234 0.5 968000
1695743614389 0.5 972000
1695743677572 0.5 976000
1695743740623 0.5 980000
1695743804899 0.5 984000
1695743867083 0.5 988000
1695743930191 0.5 992000
1695743991827 0.5 996000
1695744055162 0.5 1000000
