1695731492074 0.9 244000
1695731555450 0.9 248000
1695731627072 0.9 252000
1695731694090 0.9 256000
1695731770542 0.9 260000
1695731847984 0.9 264000
1695731929422 0.9 268000
1695732007655 0.9 272000
1695732085752 0.9 276000
1695732161691 0.9 280000
1695732229928 0.9 284000
1695732296361 0.9 288000
1695732365475 0.9 292000
1695732431807 0.9 296000
1695732499384 0.9 300000
1695732565282 0.9 304000
1695732635557 0.9 308000
1695732703170 0.9 312000
1695732772486 0.9 316000
1695732841670 0.9 320000
1695732910327 0.9 324000
1695732988804 0.9 328000
1695733057865 0.9 332000
1695733127308 0.9 336000
1695733197304 0.9 340000
1695733267021 0.9 344000
1695733337860 0.9 348000
1695733406357 0.9 352000
1695733475199 0.9 356000
1695733547270 0.9 360000
1695733617830 0.9 364000
1695733686330 0.9 368000
1695733756300 0.9 372000
1695733824530 0.9 376000
1695733895044 0.9 380000
1695733964366 0.9 384000
1695734035387 0.9 388000
1695734104347 0.9 392000
1695734175778 0.9 396000
1695734244827 0.9 400000
1695734315852 0.9 404000
1695734384771 0.9 408000
1695734453536 0.9 412000
1695734520826 0.9 416000
1695734588533 0.9 420000
1695734658487 0.9 424000
1695734728152 0.9 428000
1695734797033 0.9 432000
1695734870421 0.9 436000
1695734945920 0.9 440000
1695735017243 0.9 444000
1695735086519 0.9 448000
1695735161846 0.9 452000
1695735232084 0.9 456000
1695735306039 0.9 460000
1695735382311 0.9 464000
1695735453288 0.9 468000
1695735524502 0.9 472000
1695735599303 0.9 476000
1695735678810 0.9 480000
1695735759931 0.9 484000
1695735842496 0.9 488000
1695735925941 0.9 492000
1695736013607 0.9 496000
1695736097448 0.9 500000
1695736173762 0.9 504000
1695736249056 0.9 508000
1695736320748 0.9 512000
1695736388288 0.9 516000
1695736454424 0.9 520000
1695736520752 0.9 524000
1695736587184 0.9 528000
1695736651821 0.9 532000
1695736716249 0.9 536000
1695736779601 0.9 540000
1695736842316 0.9 544000
1695736905521 0.9 548000
1695736968578 0.9 552000
1695737032281 0.9 556000
1695737094188 0.9 560000
1695737158096 0.9 564000
1695737219772 0.9 568000
1695737282097 0.9 572000
1695737344764 0.9 576000
1695737412106 0.9 580000
1695737478378 0.9 584000
1695737542048 0.9 588000
1695737604484 0.9 592000
1695737666569 0.9 596000
1695737728777 0.9 600000
1695737791700 0.9 604000
1695737853655 0.9 608000
1695737916344 0.9 612000
1695737978725 0.9 616000
1695738041360 0.9 620000
1695738103624 0.9 624000
1695738167445 0.9 628000
1695738230123 0.9 632000
1695738292675 0.9 636000
1695738355168 0.9 640000
1695738418022 0.9 644000
1695738479980 0.9 648000
1695738542570 0.9 652000
1695738606003 0.9 656000
1695738668276 0.9 660000
1695738731828 0.9 664000
1695738794299 0.9 668000
1695738858643 0.9 672000
1695738921383 0.9 676000
1695738984607 0.9 680000
1695739046838 0.9 684000
1695739110212 0.9 688000
1695739172091 0.9 692000
1695739235616 0.9 696000
1695739297864 0.9 700000
1695739360681 0.9 704000
1695739423373 0.9 708000
1695739488153 0.9 712000
1695739550806 0.9 716000
1695739613443 0.9 720000
1695739676139 0.9 724000
1695739737925 0.9 728000
1695739800614 0.9 732000
1695739862848 0.9 736000
1695739925990 0.9 740000
1695739987835 0.9 744000
1695740051732 0.9 748000
1695740114552 0.9 752000
1695740177764 0.9 756000
1695740240236 0.9 760000
1695740302110 0.9 764000
1695740363695 0.9 768000
1695740426173 0.9 772000
1695740489008 0.9 776000
1695740550844 0.9 780000
1695740613545 0.9 784000
1695740676170 0.9 788000
1695740739928 0.9 792000
1695740801837 0.9 796000
1695740865095 0.9 800000
1695740927321 0.9 804000
1695740989547 0.9 808000
1695741052885 0.9 812000
1695741116528 0.9 816000
1695741179263 0.9 820000
1695741242180 0.9 824000
1695741305280 0.9 828000
1695741368602 0.9 832000
1695741432848 0.9 836000
1695741500884 0.9 840000
1695741566919 0.9 844000
1695741631874 0.9 848000
1695741707518 0.9 852000
1695741770330 0.9 856000
1695741834413 0.9 860000
1695741896420 0.9 864000
1695741958555 0.9 868000
1695742020804 0.9 872000
1695742083963 0.9 876000
1695742146619 0.9 880000
1695742211740 0.9 884000
1695742275981 0.9 888000
1695742341722 0.9 892000
1695742413768 0.9 896000
1695742482062 0.9 900000
1695742548364 0.9 904000
1695742610830 0.9 908000
1695742672939 0.9 912000
1695742735229 0.9 916000
1695742798540 0.9 920000
1695742861634 0.9 924000
1695742924227 0.9 928000
1695742986461 0.9 932000
1695743049760 0.9 936000
1695743112048 0.9 940000
1695743176016 0.9 944000
1695743237975 0.9 948000
1695743299886 0.9 952000
1695743362090 0.9 956000
1695743425377 0.9 960000
1695743487854 0.9 964000
1695743552238 0.9 968000
1695743614393 0.9 972000
1695743677575 0.9 976000
1695743740626 0.9 980000
1695743804902 0.9 984000
1695743867087 0.9 988000
1695743930195 0.9 992000
1695743991831 0.9 996000
1695744055166 0.9 1000000
