1695731492017 0.0 244000
1695731555389 0.0 248000
1695731627019 0.0 252000
1695731694028 0.0 256000
1695731770475 0.0 260000
1695731847919 0.0 264000
1695731929353 0.0 268000
1695732007586 0.0 272000
1695732085681 0.0 276000
1695732161638 0.0 280000
1695732229872 0.0 284000
1695732296305 0.0 288000
1695732365417 0.0 292000
1695732431752 0.0 296000
1695732499327 0.0 300000
1695732565225 0.0 304000
1695732635496 0.0 308000
1695732703110 0.0 312000
1695732772428 0.0 316000
1695732841615 0.0 320000
1695732910273 0.0 324000
1695732988743 0.0 328000
1695733057808 0.0 332000
1695733127251 0.0 336000
1695733197244 0.0 340000
1695733266960 0.0 344000
1695733337790 0.0 348000
1695733406300 0.0 352000
1695733475140 0.0 356000
1695733547209 0.0 360000
1695733617772 0.0 364000
1695733686266 0.0 368000
1695733756244 0.0 372000
1695733824475 0.0 376000
1695733894986 0.0 380000
1695733964309 0.0 384000
1695734035325 0.0 388000
1695734104291 0.0 392000
1695734175720 0.0 396000
1695734244766 0.0 400000
1695734315792 0.0 404000
1695734384706 0.0 408000
1695734453480 0.0 412000
1695734520771 0.0 416000
1695734588477 0.0 420000
1695734658429 0.0 424000
1695734728095 0.0 428000
1695734796979 0.0 432000
1695734870355 0.0 436000
1695734945862 0.0 440000
1695735017181 0.0 444000
1695735086462 0.0 448000
1695735161786 0.0 452000
1695735232027 0.0 456000
1695735305979 0.0 460000
1695735382240 0.0 464000
1695735453228 0.0 468000
1695735524448 0.0 472000
1695735599238 0.0 476000
1695735678744 0.0 480000
1695735759868 0.0 484000
1695735842432 0.0 488000
1695735925870 0.0 492000
1695736013538 0.0 496000
1695736097383 0.0 500000
1695736173701 0.0 504000
1695736248981 0.0 508000
1695736320679 0.0 512000
1695736388235 0.0 516000
1695736454373 0.0 520000
1695736520701 0.0 524000
1695736587131 0.0 528000
1695736651767 0.0 532000
1695736716198 0.0 536000
1695736779546 0.0 540000
1695736842264 0.0 544000
1695736905466 0.0 548000
1695736968526 0.0 552000
1695737032227 0.0 556000
1695737094137 0.0 560000
1695737158045 0.0 564000
1695737219716 0.0 568000
1695737282038 0.0 572000
1695737344712 0.0 576000
1695737412048 0.0 580000
1695737478322 0.0 584000
1695737541991 0.0 588000
1695737604433 0.0 592000
1695737666515 0.0 596000
1695737728722 0.0 600000
1695737791648 0.0 604000
1695737853604 0.0 608000
1695737916291 0.0 612000
1695737978668 0.0 616000
1695738041306 0.0 620000
1695738103566 0.0 624000
1695738167394 0.0 628000
1695738230070 0.0 632000
1695738292622 0.0 636000
1695738355115 0.0 640000
1695738417970 0.0 644000
1695738479928 0.0 648000
1695738542515 0.0 652000
1695738605950 0.0 656000
1695738668225 0.0 660000
1695738731775 0.0 664000
1695738794246 0.0 668000
1695738858587 0.0 672000
1695738921329 0.0 676000
1695738984548 0.0 680000
1695739046787 0.0 684000
1695739110159 0.0 688000
1695739172036 0.0 692000
1695739235563 0.0 696000
1695739297812 0.0 700000
1695739360624 0.0 704000
1695739423312 0.0 708000
1695739488100 0.0 712000
1695739550751 0.0 716000
1695739613385 0.0 720000
1695739676081 0.0 724000
1695739737871 0.0 728000
1695739800558 0.0 732000
1695739862795 0.0 736000
1695739925937 0.0 740000
1695739987783 0.0 744000
1695740051679 0.0 748000
1695740114496 0.0 752000
1695740177712 0.0 756000
1695740240184 0.0 760000
1695740302052 0.0 764000
1695740363639 0.0 768000
1695740426121 0.0 772000
1695740488957 0.0 776000
1695740550792 0.0 780000
1695740613495 0.0 784000
1695740676118 0.0 788000
1695740739873 0.0 792000
1695740801782 0.0 796000
1695740865042 0.0 800000
1695740927261 0.0 804000
1695740989493 0.0 808000
1695741052832 0.0 812000
1695741116478 0.0 816000
1695741179211 0.0 820000
1695741242124 0.0 824000
1695741305227 0.0 828000
1695741368548 0.0 832000
1695741432792 0.0 836000
1695741500827 0.0 840000
1695741566865 0.0 844000
1695741631815 0.0 848000
1695741707463 0.0 852000
1695741770278 0.0 856000
1695741834356 0.0 860000
1695741896355 0.0 864000
1695741958501 0.0 868000
1695742020749 0.0 872000
1695742083899 0.0 876000
1695742146567 0.0 880000
1695742211686 0.0 884000
1695742275923 0.0 888000
1695742341667 0.0 892000
1695742413700 0.0 896000
1695742482007 0.0 900000
1695742548312 0.0 904000
1695742610775 0.0 908000
1695742672888 0.0 912000
1695742735178 0.0 916000
1695742798484 0.0 920000
1695742861578 0.0 924000
1695742924172 0.0 928000
1695742986403 0.0 932000
1695743049710 0.0 936000
1695743111993 0.0 940000
1695743175964 0.0 944000
1695743237925 0.0 948000
1695743299833 0.0 952000
1695743362030 0.0 956000
1695743425326 0.0 960000
1695743487802 0.0 964000
1695743552187 0.0 968000
1695743614339 0.0 972000
1695743677525 0.0 976000
1695743740573 0.0 980000
1695743804850 0.0 984000
1695743867030 0.0 988000
1695743930145 0.0 992000
1695743991779 0.0 996000
1695744055113 0.0 1000000
