1695731492016 0.0 244000
1695731555389 0.0 248000
1695731627018 0.0 252000
1695731694027 0.0 256000
1695731770474 0.0 260000
1695731847918 0.0 264000
1695731929352 0.0 268000
1695732007585 0.0 272000
1695732085680 0.0 276000
1695732161637 0.0 280000
1695732229871 0.0 284000
1695732296304 0.0 288000
1695732365417 0.0 292000
1695732431751 0.0 296000
1695732499326 0.0 300000
1695732565225 0.0 304000
1695732635495 0.0 308000
1695732703109 0.0 312000
1695732772427 0.0 316000
1695732841614 0.0 320000
1695732910272 0.0 324000
1695732988743 0.0 328000
1695733057807 0.0 332000
1695733127250 0.0 336000
1695733197243 0.0 340000
1695733266959 0.0 344000
1695733337789 0.0 348000
1695733406300 0.0 352000
1695733475139 0.0 356000
1695733547208 0.0 360000
1695733617771 0.0 364000
1695733686265 0.0 368000
1695733756243 0.0 372000
1695733824475 0.0 376000
1695733894985 0.0 380000
1695733964308 0.0 384000
1695734035324 0.0 388000
1695734104290 0.0 392000
1695734175719 0.0 396000
1695734244765 0.0 400000
1695734315792 0.0 404000
1695734384705 0.0 408000
1695734453479 0.0 412000
1695734520770 0.0 416000
1695734588476 0.0 420000
1695734658428 0.0 424000
1695734728094 0.0 428000
1695734796978 0.0 432000
1695734870354 0.0 436000
1695734945861 0.0 440000
1695735017180 0.0 444000
1695735086461 0.0 448000
1695735161786 0.0 452000
1695735232026 0.0 456000
1695735305979 0.0 460000
1695735382239 0.0 464000
1695735453228 0.0 468000
1695735524447 0.0 472000
1695735599237 0.0 476000
1695735678744 0.0 480000
1695735759867 0.0 484000
1695735842431 0.0 488000
1695735925869 0.0 492000
1695736013537 0.0 496000
1695736097382 0.0 500000
1695736173700 0.0 504000
1695736248980 0.0 508000
1695736320678 0.0 512000
1695736388235 0.0 516000
1695736454372 0.0 520000
1695736520700 0.0 524000
1695736587130 0.0 528000
1695736651766 0.0 532000
1695736716197 0.0 536000
1695736779545 0.0 540000
1695736842263 0.0 544000
1695736905465 0.0 548000
1695736968525 0.0 552000
1695737032227 0.0 556000
1695737094136 0.0 560000
1695737158044 0.0 564000
1695737219715 0.0 568000
1695737282036 0.0 572000
1695737344711 0.0 576000
1695737412048 0.0 580000
1695737478322 0.0 584000
1695737541991 0.0 588000
1695737604432 0.0 592000
1695737666515 0.0 596000
1695737728721 0.0 600000
1695737791647 0.0 604000
1695737853604 0.0 608000
1695737916291 0.0 612000
1695737978667 0.0 616000
1695738041306 0.0 620000
1695738103565 0.0 624000
1695738167393 0.0 628000
1695738230069 0.0 632000
1695738292621 0.0 636000
1695738355115 0.0 640000
1695738417970 0.0 644000
1695738479927 0.0 648000
1695738542514 0.0 652000
1695738605949 0.0 656000
1695738668225 0.0 660000
1695738731775 0.0 664000
1695738794246 0.0 668000
1695738858587 0.0 672000
1695738921328 0.0 676000
1695738984547 0.0 680000
1695739046787 0.0 684000
1695739110158 0.0 688000
1695739172036 0.0 692000
1695739235563 0.0 696000
1695739297811 0.0 700000
1695739360623 0.0 704000
1695739423312 0.0 708000
1695739488099 0.0 712000
1695739550751 0.0 716000
1695739613384 0.0 720000
1695739676080 0.0 724000
1695739737871 0.0 728000
1695739800558 0.0 732000
1695739862794 0.0 736000
1695739925937 0.0 740000
1695739987782 0.0 744000
1695740051679 0.0 748000
1695740114495 0.0 752000
1695740177712 0.0 756000
1695740240183 0.0 760000
1695740302052 0.0 764000
1695740363638 0.0 768000
1695740426120 0.0 772000
1695740488956 0.0 776000
1695740550791 0.0 780000
1695740613494 0.0 784000
1695740676117 0.0 788000
1695740739872 0.0 792000
1695740801781 0.0 796000
1695740865041 0.0 800000
1695740927260 0.0 804000
1695740989493 0.0 808000
1695741052832 0.0 812000
1695741116477 0.0 816000
1695741179210 0.0 820000
1695741242123 0.0 824000
1695741305227 0.0 828000
1695741368547 0.0 832000
1695741432791 0.0 836000
1695741500826 0.0 840000
1695741566864 0.0 844000
1695741631815 0.0 848000
1695741707462 0.0 852000
1695741770277 0.0 856000
1695741834355 0.0 860000
1695741896354 0.0 864000
1695741958501 0.0 868000
1695742020748 0.0 872000
1695742083899 0.0 876000
1695742146566 0.0 880000
1695742211685 0.0 884000
1695742275923 0.0 888000
1695742341666 0.0 892000
1695742413699 0.0 896000
1695742482006 0.0 900000
1695742548311 0.0 904000
1695742610775 0.0 908000
1695742672888 0.0 912000
1695742735177 0.0 916000
1695742798484 0.0 920000
1695742861577 0.0 924000
1695742924171 0.0 928000
1695742986402 0.0 932000
1695743049709 0.0 936000
1695743111992 0.0 940000
1695743175963 0.0 944000
1695743237924 0.0 948000
1695743299832 0.0 952000
1695743362030 0.0 956000
1695743425326 0.0 960000
1695743487801 0.0 964000
1695743552187 0.0 968000
1695743614338 0.0 972000
1695743677525 0.0 976000
1695743740572 0.0 980000
1695743804849 0.0 984000
1695743867030 0.0 988000
1695743930144 0.0 992000
1695743991778 0.0 996000
1695744055112 0.0 1000000
