1695731492024 0.0 244000
1695731555398 0.0 248000
1695731627026 0.0 252000
1695731694036 0.0 256000
1695731770484 0.0 260000
1695731847927 0.0 264000
1695731929361 0.0 268000
1695732007595 0.0 272000
1695732085690 0.0 276000
1695732161644 0.0 280000
1695732229878 0.0 284000
1695732296311 0.0 288000
1695732365425 0.0 292000
1695732431759 0.0 296000
1695732499334 0.0 300000
1695732565233 0.0 304000
1695732635504 0.0 308000
1695732703117 0.0 312000
1695732772435 0.0 316000
1695732841622 0.0 320000
1695732910280 0.0 324000
1695732988751 0.0 328000
1695733057815 0.0 332000
1695733127257 0.0 336000
1695733197251 0.0 340000
1695733266967 0.0 344000
1695733337799 0.0 348000
1695733406307 0.0 352000
1695733475147 0.0 356000
1695733547216 0.0 360000
1695733617779 0.0 364000
1695733686274 0.0 368000
1695733756251 0.0 372000
1695733824482 0.0 376000
1695733894993 0.0 380000
1695733964316 0.0 384000
1695734035332 0.0 388000
1695734104298 0.0 392000
1695734175727 0.0 396000
1695734244773 0.0 400000
1695734315800 0.0 404000
1695734384713 0.0 408000
1695734453487 0.0 412000
1695734520778 0.0 416000
1695734588484 0.0 420000
1695734658437 0.0 424000
1695734728102 0.0 428000
1695734796986 0.0 432000
1695734870363 0.0 436000
1695734945869 0.0 440000
1695735017189 0.0 444000
1695735086469 0.0 448000
1695735161793 0.0 452000
1695735232034 0.0 456000
1695735305987 0.0 460000
1695735382252 0.0 464000
1695735453236 0.0 468000
1695735524454 0.0 472000
1695735599246 0.0 476000
1695735678752 0.0 480000
1695735759876 0.0 484000
1695735842440 0.0 488000
1695735925879 0.0 492000
1695736013546 0.0 496000
1695736097391 0.0 500000
1695736173709 0.0 504000
1695736248991 0.0 508000
1695736320687 0.0 512000
1695736388242 0.0 516000
1695736454379 0.0 520000
1695736520707 0.0 524000
1695736587138 0.0 528000
1695736651773 0.0 532000
1695736716204 0.0 536000
1695736779552 0.0 540000
1695736842271 0.0 544000
1695736905473 0.0 548000
1695736968533 0.0 552000
1695737032234 0.0 556000
1695737094144 0.0 560000
1695737158052 0.0 564000
1695737219723 0.0 568000
1695737282047 0.0 572000
1695737344719 0.0 576000
1695737412055 0.0 580000
1695737478329 0.0 584000
1695737541998 0.0 588000
1695737604439 0.0 592000
1695737666522 0.0 596000
1695737728730 0.0 600000
1695737791655 0.0 604000
1695737853611 0.0 608000
1695737916298 0.0 612000
1695737978675 0.0 616000
1695738041314 0.0 620000
1695738103573 0.0 624000
1695738167401 0.0 628000
1695738230076 0.0 632000
1695738292628 0.0 636000
1695738355122 0.0 640000
1695738417977 0.0 644000
1695738479935 0.0 648000
1695738542523 0.0 652000
1695738605956 0.0 656000
1695738668232 0.0 660000
1695738731782 0.0 664000
1695738794253 0.0 668000
1695738858595 0.0 672000
1695738921335 0.0 676000
1695738984556 0.0 680000
1695739046794 0.0 684000
1695739110165 0.0 688000
1695739172043 0.0 692000
1695739235570 0.0 696000
1695739297819 0.0 700000
1695739360631 0.0 704000
1695739423320 0.0 708000
1695739488106 0.0 712000
1695739550758 0.0 716000
1695739613392 0.0 720000
1695739676088 0.0 724000
1695739737878 0.0 728000
1695739800565 0.0 732000
1695739862801 0.0 736000
1695739925944 0.0 740000
1695739987791 0.0 744000
1695740051686 0.0 748000
1695740114503 0.0 752000
1695740177719 0.0 756000
1695740240191 0.0 760000
1695740302060 0.0 764000
1695740363646 0.0 768000
1695740426127 0.0 772000
1695740488963 0.0 776000
1695740550798 0.0 780000
1695740613501 0.0 784000
1695740676124 0.0 788000
1695740739879 0.0 792000
1695740801788 0.0 796000
1695740865048 0.0 800000
1695740927269 0.0 804000
1695740989500 0.0 808000
1695741052839 0.0 812000
1695741116485 0.0 816000
1695741179217 0.0 820000
1695741242131 0.0 824000
1695741305233 0.0 828000
1695741368555 0.0 832000
1695741432800 0.0 836000
1695741500834 0.0 840000
1695741566872 0.0 844000
1695741631823 0.0 848000
1695741707470 0.0 852000
1695741770285 0.0 856000
1695741834364 0.0 860000
1695741896364 0.0 864000
1695741958507 0.0 868000
1695742020756 0.0 872000
1695742083906 0.0 876000
1695742146574 0.0 880000
1695742211692 0.0 884000
1695742275931 0.0 888000
1695742341674 0.0 892000
1695742413709 0.0 896000
1695742482014 0.0 900000
1695742548319 0.0 904000
1695742610782 0.0 908000
1695742672895 0.0 912000
1695742735184 0.0 916000
1695742798491 0.0 920000
1695742861585 0.0 924000
1695742924179 0.0 928000
1695742986410 0.0 932000
1695743049716 0.0 936000
1695743112000 0.0 940000
1695743175971 0.0 944000
1695743237931 0.0 948000
1695743299839 0.0 952000
1695743362037 0.0 956000
1695743425333 0.0 960000
1695743487808 0.0 964000
1695743552194 0.0 968000
1695743614345 0.0 972000
1695743677531 0.0 976000
1695743740580 0.0 980000
1695743804857 0.0 984000
1695743867037 0.0 988000
1695743930151 0.0 992000
1695743991785 0.0 996000
1695744055119 0.0 1000000
