1695731492038 -1.0 244000
1695731555413 -1.0 248000
1695731627040 -1.0 252000
1695731694052 -1.0 256000
1695731770500 -1.0 260000
1695731847945 -1.0 264000
1695731929378 -1.0 268000
1695732007612 -1.0 272000
1695732085708 -1.0 276000
1695732161658 -1.0 280000
1695732229892 -1.0 284000
1695732296326 -1.0 288000
1695732365439 -1.0 292000
1695732431772 -1.0 296000
1695732499348 -1.0 300000
1695732565247 -1.0 304000
1695732635520 -1.0 308000
1695732703133 -1.0 312000
1695732772450 -1.0 316000
1695732841636 -1.0 320000
1695732910293 -1.0 324000
1695732988768 -1.0 328000
1695733057829 -1.0 332000
1695733127272 -1.0 336000
1695733197267 -1.0 340000
1695733266983 -1.0 344000
1695733337816 -1.0 348000
1695733406321 -1.0 352000
1695733475163 -1.0 356000
1695733547232 -1.0 360000
1695733617794 -1.0 364000
1695733686289 -1.0 368000
1695733756265 -1.0 372000
1695733824496 -1.0 376000
1695733895008 -1.0 380000
1695733964330 -1.0 384000
1695734035348 -1.0 388000
1695734104313 -1.0 392000
1695734175742 -1.0 396000
1695734244789 -1.0 400000
1695734315815 -1.0 404000
1695734384729 -1.0 408000
1695734453501 -1.0 412000
1695734520792 -1.0 416000
1695734588499 -1.0 420000
1695734658451 -1.0 424000
1695734728116 -1.0 428000
1695734797000 -1.0 432000
1695734870379 -1.0 436000
1695734945884 -1.0 440000
1695735017204 -1.0 444000
1695735086484 -1.0 448000
1695735161808 -1.0 452000
1695735232048 -1.0 456000
1695735306002 -1.0 460000
1695735382269 -1.0 464000
1695735453251 -1.0 468000
1695735524468 -1.0 472000
1695735599263 -1.0 476000
1695735678768 -1.0 480000
1695735759892 -1.0 484000
1695735842456 -1.0 488000
1695735925897 -1.0 492000
1695736013564 -1.0 496000
1695736097407 -1.0 500000
1695736173724 -1.0 504000
1695736249009 -1.0 508000
1695736320703 -1.0 512000
1695736388255 -1.0 516000
1695736454392 -1.0 520000
1695736520720 -1.0 524000
1695736587151 -1.0 528000
1695736651786 -1.0 532000
1695736716217 -1.0 536000
1695736779566 -1.0 540000
1695736842284 -1.0 544000
1695736905487 -1.0 548000
1695736968545 -1.0 552000
1695737032247 -1.0 556000
1695737094157 -1.0 560000
1695737158065 -1.0 564000
1695737219737 -1.0 568000
1695737282061 -1.0 572000
1695737344732 -1.0 576000
1695737412070 -1.0 580000
1695737478342 -1.0 584000
1695737542011 -1.0 588000
1695737604452 -1.0 592000
1695737666536 -1.0 596000
1695737728744 -1.0 600000
1695737791668 -1.0 604000
1695737853624 -1.0 608000
1695737916310 -1.0 612000
1695737978688 -1.0 616000
1695738041328 -1.0 620000
1695738103588 -1.0 624000
1695738167414 -1.0 628000
1695738230089 -1.0 632000
1695738292642 -1.0 636000
1695738355135 -1.0 640000
1695738417990 -1.0 644000
1695738479947 -1.0 648000
1695738542536 -1.0 652000
1695738605969 -1.0 656000
1695738668245 -1.0 660000
1695738731795 -1.0 664000
1695738794266 -1.0 668000
1695738858609 -1.0 672000
1695738921348 -1.0 676000
1695738984572 -1.0 680000
1695739046807 -1.0 684000
1695739110179 -1.0 688000
1695739172057 -1.0 692000
1695739235584 -1.0 696000
1695739297832 -1.0 700000
1695739360645 -1.0 704000
1695739423335 -1.0 708000
1695739488120 -1.0 712000
1695739550771 -1.0 716000
1695739613407 -1.0 720000
1695739676103 -1.0 724000
1695739737891 -1.0 728000
1695739800579 -1.0 732000
1695739862815 -1.0 736000
1695739925957 -1.0 740000
1695739987803 -1.0 744000
1695740051699 -1.0 748000
1695740114517 -1.0 752000
1695740177732 -1.0 756000
1695740240205 -1.0 760000
1695740302074 -1.0 764000
1695740363661 -1.0 768000
1695740426140 -1.0 772000
1695740488976 -1.0 776000
1695740550811 -1.0 780000
1695740613514 -1.0 784000
1695740676137 -1.0 788000
1695740739893 -1.0 792000
1695740801803 -1.0 796000
1695740865062 -1.0 800000
1695740927283 -1.0 804000
1695740989514 -1.0 808000
1695741052853 -1.0 812000
1695741116497 -1.0 816000
1695741179230 -1.0 820000
1695741242145 -1.0 824000
1695741305246 -1.0 828000
1695741368568 -1.0 832000
1695741432814 -1.0 836000
1695741500850 -1.0 840000
1695741566887 -1.0 844000
1695741631837 -1.0 848000
1695741707484 -1.0 852000
1695741770299 -1.0 856000
1695741834378 -1.0 860000
1695741896380 -1.0 864000
1695741958521 -1.0 868000
1695742020769 -1.0 872000
1695742083921 -1.0 876000
1695742146587 -1.0 880000
1695742211706 -1.0 884000
1695742275945 -1.0 888000
1695742341687 -1.0 892000
1695742413726 -1.0 896000
1695742482028 -1.0 900000
1695742548332 -1.0 904000
1695742610796 -1.0 908000
1695742672907 -1.0 912000
1695742735197 -1.0 916000
1695742798504 -1.0 920000
1695742861598 -1.0 924000
1695742924193 -1.0 928000
1695742986425 -1.0 932000
1695743049729 -1.0 936000
1695743112013 -1.0 940000
1695743175984 -1.0 944000
1695743237944 -1.0 948000
1695743299852 -1.0 952000
1695743362052 -1.0 956000
1695743425346 -1.0 960000
1695743487822 -1.0 964000
1695743552207 -1.0 968000
1695743614359 -1.0 972000
1695743677544 -1.0 976000
1695743740593 -1.0 980000
1695743804871 -1.0 984000
1695743867052 -1.0 988000
1695743930163 -1.0 992000
1695743991797 -1.0 996000
1695744055132 -1.0 1000000
