1695731492036 0.0 244000
1695731555412 0.0 248000
1695731627038 0.0 252000
1695731694050 0.0 256000
1695731770498 0.0 260000
1695731847943 0.0 264000
1695731929376 0.0 268000
1695732007610 0.0 272000
1695732085706 0.0 276000
1695732161656 0.0 280000
1695732229891 0.0 284000
1695732296324 0.0 288000
1695732365438 0.0 292000
1695732431771 0.0 296000
1695732499346 0.0 300000
1695732565245 0.0 304000
1695732635518 0.0 308000
1695732703131 0.0 312000
1695732772448 0.0 316000
1695732841635 0.0 320000
1695732910292 0.0 324000
1695732988766 0.0 328000
1695733057828 0.0 332000
1695733127270 0.0 336000
1695733197265 0.0 340000
1695733266981 0.0 344000
1695733337814 0.0 348000
1695733406320 0.0 352000
1695733475161 0.0 356000
1695733547230 0.0 360000
1695733617792 0.0 364000
1695733686288 0.0 368000
1695733756263 0.0 372000
1695733824495 0.0 376000
1695733895006 0.0 380000
1695733964328 0.0 384000
1695734035347 0.0 388000
1695734104311 0.0 392000
1695734175740 0.0 396000
1695734244788 0.0 400000
1695734315813 0.0 404000
1695734384727 0.0 408000
1695734453500 0.0 412000
1695734520790 0.0 416000
1695734588497 0.0 420000
1695734658449 0.0 424000
1695734728114 0.0 428000
1695734796998 0.0 432000
1695734870377 0.0 436000
1695734945882 0.0 440000
1695735017203 0.0 444000
1695735086482 0.0 448000
1695735161806 0.0 452000
1695735232047 0.0 456000
1695735306001 0.0 460000
1695735382267 0.0 464000
1695735453249 0.0 468000
1695735524467 0.0 472000
1695735599261 0.0 476000
1695735678767 0.0 480000
1695735759891 0.0 484000
1695735842454 0.0 488000
1695735925895 0.0 492000
1695736013562 0.0 496000
1695736097406 0.0 500000
1695736173722 0.0 504000
1695736249007 0.0 508000
1695736320702 0.0 512000
1695736388254 0.0 516000
1695736454391 0.0 520000
1695736520719 0.0 524000
1695736587150 0.0 528000
1695736651785 0.0 532000
1695736716215 0.0 536000
1695736779564 0.0 540000
1695736842283 0.0 544000
1695736905486 0.0 548000
1695736968544 0.0 552000
1695737032246 0.0 556000
1695737094156 0.0 560000
1695737158063 0.0 564000
1695737219735 0.0 568000
1695737282059 0.0 572000
1695737344730 0.0 576000
1695737412068 0.0 580000
1695737478341 0.0 584000
1695737542010 0.0 588000
1695737604451 0.0 592000
1695737666534 0.0 596000
1695737728743 0.0 600000
1695737791666 0.0 604000
1695737853622 0.0 608000
1695737916309 0.0 612000
1695737978687 0.0 616000
1695738041326 0.0 620000
1695738103587 0.0 624000
1695738167412 0.0 628000
1695738230087 0.0 632000
1695738292640 0.0 636000
1695738355133 0.0 640000
1695738417989 0.0 644000
1695738479946 0.0 648000
1695738542535 0.0 652000
1695738605967 0.0 656000
1695738668244 0.0 660000
1695738731794 0.0 664000
1695738794265 0.0 668000
1695738858608 0.0 672000
1695738921346 0.0 676000
1695738984570 0.0 680000
1695739046805 0.0 684000
1695739110177 0.0 688000
1695739172055 0.0 692000
1695739235582 0.0 696000
1695739297830 0.0 700000
1695739360644 0.0 704000
1695739423333 0.0 708000
1695739488118 0.0 712000
1695739550770 0.0 716000
1695739613405 0.0 720000
1695739676101 0.0 724000
1695739737890 0.0 728000
1695739800578 0.0 732000
1695739862814 0.0 736000
1695739925955 0.0 740000
1695739987802 0.0 744000
1695740051697 0.0 748000
1695740114516 0.0 752000
1695740177730 0.0 756000
1695740240204 0.0 760000
1695740302073 0.0 764000
1695740363659 0.0 768000
1695740426139 0.0 772000
1695740488974 0.0 776000
1695740550809 0.0 780000
1695740613512 0.0 784000
1695740676135 0.0 788000
1695740739891 0.0 792000
1695740801801 0.0 796000
1695740865060 0.0 800000
1695740927282 0.0 804000
1695740989512 0.0 808000
1695741052851 0.0 812000
1695741116496 0.0 816000
1695741179229 0.0 820000
1695741242144 0.0 824000
1695741305245 0.0 828000
1695741368567 0.0 832000
1695741432813 0.0 836000
1695741500848 0.0 840000
1695741566886 0.0 844000
1695741631836 0.0 848000
1695741707482 0.0 852000
1695741770297 0.0 856000
1695741834376 0.0 860000
1695741896378 0.0 864000
1695741958519 0.0 868000
1695742020767 0.0 872000
1695742083918 0.0 876000
1695742146585 0.0 880000
1695742211704 0.0 884000
1695742275944 0.0 888000
1695742341686 0.0 892000
1695742413724 0.0 896000
1695742482026 0.0 900000
1695742548330 0.0 904000
1695742610794 0.0 908000
1695742672906 0.0 912000
1695742735196 0.0 916000
1695742798503 0.0 920000
1695742861597 0.0 924000
1695742924191 0.0 928000
1695742986423 0.0 932000
1695743049728 0.0 936000
1695743112012 0.0 940000
1695743175983 0.0 944000
1695743237942 0.0 948000
1695743299850 0.0 952000
1695743362050 0.0 956000
1695743425344 0.0 960000
1695743487820 0.0 964000
1695743552206 0.0 968000
1695743614357 0.0 972000
1695743677543 0.0 976000
1695743740592 0.0 980000
1695743804869 0.0 984000
1695743867050 0.0 988000
1695743930162 0.0 992000
1695743991796 0.0 996000
1695744055131 0.0 1000000
