1695731492033 0.0 244000
1695731555408 0.0 248000
1695731627034 0.0 252000
1695731694046 0.0 256000
1695731770494 0.0 260000
1695731847938 0.0 264000
1695731929372 0.0 268000
1695732007605 0.0 272000
1695732085701 0.0 276000
1695732161652 0.0 280000
1695732229887 0.0 284000
1695732296320 0.0 288000
1695732365434 0.0 292000
1695732431767 0.0 296000
1695732499342 0.0 300000
1695732565241 0.0 304000
1695732635514 0.0 308000
1695732703127 0.0 312000
1695732772444 0.0 316000
1695732841631 0.0 320000
1695732910288 0.0 324000
1695732988761 0.0 328000
1695733057824 0.0 332000
1695733127265 0.0 336000
1695733197261 0.0 340000
1695733266977 0.0 344000
1695733337809 0.0 348000
1695733406316 0.0 352000
1695733475157 0.0 356000
1695733547226 0.0 360000
1695733617788 0.0 364000
1695733686283 0.0 368000
1695733756259 0.0 372000
1695733824491 0.0 376000
1695733895002 0.0 380000
1695733964324 0.0 384000
1695734035342 0.0 388000
1695734104307 0.0 392000
1695734175737 0.0 396000
1695734244783 0.0 400000
1695734315809 0.0 404000
1695734384722 0.0 408000
1695734453496 0.0 412000
1695734520786 0.0 416000
1695734588493 0.0 420000
1695734658445 0.0 424000
1695734728110 0.0 428000
1695734796994 0.0 432000
1695734870373 0.0 436000
1695734945878 0.0 440000
1695735017198 0.0 444000
1695735086478 0.0 448000
1695735161802 0.0 452000
1695735232043 0.0 456000
1695735305996 0.0 460000
1695735382262 0.0 464000
1695735453245 0.0 468000
1695735524463 0.0 472000
1695735599257 0.0 476000
1695735678762 0.0 480000
1695735759886 0.0 484000
1695735842450 0.0 488000
1695735925889 0.0 492000
1695736013558 0.0 496000
1695736097401 0.0 500000
1695736173718 0.0 504000
1695736249002 0.0 508000
1695736320697 0.0 512000
1695736388250 0.0 516000
1695736454387 0.0 520000
1695736520715 0.0 524000
1695736587146 0.0 528000
1695736651781 0.0 532000
1695736716212 0.0 536000
1695736779560 0.0 540000
1695736842279 0.0 544000
1695736905482 0.0 548000
1695736968541 0.0 552000
1695737032242 0.0 556000
1695737094152 0.0 560000
1695737158060 0.0 564000
1695737219731 0.0 568000
1695737282055 0.0 572000
1695737344727 0.0 576000
1695737412064 0.0 580000
1695737478337 0.0 584000
1695737542006 0.0 588000
1695737604448 0.0 592000
1695737666530 0.0 596000
1695737728739 0.0 600000
1695737791662 0.0 604000
1695737853619 0.0 608000
1695737916305 0.0 612000
1695737978683 0.0 616000
1695738041323 0.0 620000
1695738103583 0.0 624000
1695738167408 0.0 628000
1695738230084 0.0 632000
1695738292636 0.0 636000
1695738355130 0.0 640000
1695738417985 0.0 644000
1695738479942 0.0 648000
1695738542531 0.0 652000
1695738605964 0.0 656000
1695738668240 0.0 660000
1695738731790 0.0 664000
1695738794261 0.0 668000
1695738858603 0.0 672000
1695738921343 0.0 676000
1695738984566 0.0 680000
1695739046802 0.0 684000
1695739110173 0.0 688000
1695739172052 0.0 692000
1695739235578 0.0 696000
1695739297827 0.0 700000
1695739360640 0.0 704000
1695739423329 0.0 708000
1695739488115 0.0 712000
1695739550765 0.0 716000
1695739613401 0.0 720000
1695739676097 0.0 724000
1695739737886 0.0 728000
1695739800574 0.0 732000
1695739862810 0.0 736000
1695739925952 0.0 740000
1695739987799 0.0 744000
1695740051694 0.0 748000
1695740114512 0.0 752000
1695740177727 0.0 756000
1695740240200 0.0 760000
1695740302069 0.0 764000
1695740363655 0.0 768000
1695740426135 0.0 772000
1695740488971 0.0 776000
1695740550806 0.0 780000
1695740613509 0.0 784000
1695740676132 0.0 788000
1695740739887 0.0 792000
1695740801797 0.0 796000
1695740865056 0.0 800000
1695740927278 0.0 804000
1695740989508 0.0 808000
1695741052848 0.0 812000
1695741116492 0.0 816000
1695741179225 0.0 820000
1695741242140 0.0 824000
1695741305242 0.0 828000
1695741368563 0.0 832000
1695741432809 0.0 836000
1695741500844 0.0 840000
1695741566881 0.0 844000
1695741631832 0.0 848000
1695741707478 0.0 852000
1695741770294 0.0 856000
1695741834372 0.0 860000
1695741896374 0.0 864000
1695741958516 0.0 868000
1695742020763 0.0 872000
1695742083914 0.0 876000
1695742146581 0.0 880000
1695742211701 0.0 884000
1695742275940 0.0 888000
1695742341682 0.0 892000
1695742413719 0.0 896000
1695742482022 0.0 900000
1695742548326 0.0 904000
1695742610790 0.0 908000
1695742672903 0.0 912000
1695742735192 0.0 916000
1695742798499 0.0 920000
1695742861593 0.0 924000
1695742924187 0.0 928000
1695742986419 0.0 932000
1695743049724 0.0 936000
1695743112008 0.0 940000
1695743175980 0.0 944000
1695743237939 0.0 948000
1695743299847 0.0 952000
1695743362046 0.0 956000
1695743425341 0.0 960000
1695743487817 0.0 964000
1695743552202 0.0 968000
1695743614353 0.0 972000
1695743677539 0.0 976000
1695743740588 0.0 980000
1695743804865 0.0 984000
1695743867046 0.0 988000
1695743930159 0.0 992000
1695743991792 0.0 996000
1695744055128 0.0 1000000
