1695731492026 1.0 244000
1695731555399 1.0 248000
1695731627027 1.0 252000
1695731694038 1.0 256000
1695731770486 1.0 260000
1695731847929 1.0 264000
1695731929363 1.0 268000
1695732007596 1.0 272000
1695732085692 1.0 276000
1695732161646 1.0 280000
1695732229880 1.0 284000
1695732296313 1.0 288000
1695732365426 1.0 292000
1695732431760 1.0 296000
1695732499335 1.0 300000
1695732565234 1.0 304000
1695732635506 1.0 308000
1695732703119 1.0 312000
1695732772437 1.0 316000
1695732841624 1.0 320000
1695732910281 1.0 324000
1695732988753 1.0 328000
1695733057817 1.0 332000
1695733127258 1.0 336000
1695733197253 1.0 340000
1695733266969 1.0 344000
1695733337801 1.0 348000
1695733406309 1.0 352000
1695733475149 1.0 356000
1695733547218 1.0 360000
1695733617781 1.0 364000
1695733686276 1.0 368000
1695733756252 1.0 372000
1695733824484 1.0 376000
1695733894995 1.0 380000
1695733964318 1.0 384000
1695734035334 1.0 388000
1695734104300 1.0 392000
1695734175729 1.0 396000
1695734244775 1.0 400000
1695734315802 1.0 404000
1695734384715 1.0 408000
1695734453488 1.0 412000
1695734520779 1.0 416000
1695734588486 1.0 420000
1695734658438 1.0 424000
1695734728103 1.0 428000
1695734796987 1.0 432000
1695734870365 1.0 436000
1695734945871 1.0 440000
1695735017190 1.0 444000
1695735086471 1.0 448000
1695735161795 1.0 452000
1695735232036 1.0 456000
1695735305989 1.0 460000
1695735382254 1.0 464000
1695735453238 1.0 468000
1695735524456 1.0 472000
1695735599248 1.0 476000
1695735678754 1.0 480000
1695735759878 1.0 484000
1695735842441 1.0 488000
1695735925881 1.0 492000
1695736013548 1.0 496000
1695736097393 1.0 500000
1695736173710 1.0 504000
1695736248993 1.0 508000
1695736320689 1.0 512000
1695736388243 1.0 516000
1695736454381 1.0 520000
1695736520709 1.0 524000
1695736587140 1.0 528000
1695736651774 1.0 532000
1695736716206 1.0 536000
1695736779553 1.0 540000
1695736842273 1.0 544000
1695736905475 1.0 548000
1695736968534 1.0 552000
1695737032235 1.0 556000
1695737094145 1.0 560000
1695737158053 1.0 564000
1695737219725 1.0 568000
1695737282049 1.0 572000
1695737344720 1.0 576000
1695737412057 1.0 580000
1695737478330 1.0 584000
1695737541999 1.0 588000
1695737604441 1.0 592000
1695737666524 1.0 596000
1695737728731 1.0 600000
1695737791656 1.0 604000
1695737853613 1.0 608000
1695737916299 1.0 612000
1695737978677 1.0 616000
1695738041315 1.0 620000
1695738103575 1.0 624000
1695738167402 1.0 628000
1695738230077 1.0 632000
1695738292630 1.0 636000
1695738355123 1.0 640000
1695738417978 1.0 644000
1695738479936 1.0 648000
1695738542524 1.0 652000
1695738605957 1.0 656000
1695738668233 1.0 660000
1695738731784 1.0 664000
1695738794254 1.0 668000
1695738858596 1.0 672000
1695738921336 1.0 676000
1695738984558 1.0 680000
1695739046795 1.0 684000
1695739110167 1.0 688000
1695739172045 1.0 692000
1695739235572 1.0 696000
1695739297821 1.0 700000
1695739360632 1.0 704000
1695739423321 1.0 708000
1695739488108 1.0 712000
1695739550759 1.0 716000
1695739613394 1.0 720000
1695739676090 1.0 724000
1695739737880 1.0 728000
1695739800567 1.0 732000
1695739862803 1.0 736000
1695739925945 1.0 740000
1695739987792 1.0 744000
1695740051688 1.0 748000
1695740114505 1.0 752000
1695740177720 1.0 756000
1695740240192 1.0 760000
1695740302062 1.0 764000
1695740363648 1.0 768000
1695740426129 1.0 772000
1695740488965 1.0 776000
1695740550800 1.0 780000
1695740613502 1.0 784000
1695740676125 1.0 788000
1695740739881 1.0 792000
1695740801790 1.0 796000
1695740865050 1.0 800000
1695740927270 1.0 804000
1695740989502 1.0 808000
1695741052840 1.0 812000
1695741116486 1.0 816000
1695741179219 1.0 820000
1695741242133 1.0 824000
1695741305235 1.0 828000
1695741368556 1.0 832000
1695741432801 1.0 836000
1695741500836 1.0 840000
1695741566874 1.0 844000
1695741631824 1.0 848000
1695741707472 1.0 852000
1695741770287 1.0 856000
1695741834365 1.0 860000
1695741896365 1.0 864000
1695741958509 1.0 868000
1695742020757 1.0 872000
1695742083907 1.0 876000
1695742146575 1.0 880000
1695742211694 1.0 884000
1695742275932 1.0 888000
1695742341675 1.0 892000
1695742413711 1.0 896000
1695742482015 1.0 900000
1695742548320 1.0 904000
1695742610783 1.0 908000
1695742672896 1.0 912000
1695742735186 1.0 916000
1695742798492 1.0 920000
1695742861586 1.0 924000
1695742924180 1.0 928000
1695742986412 1.0 932000
1695743049718 1.0 936000
1695743112002 1.0 940000
1695743175973 1.0 944000
1695743237932 1.0 948000
1695743299841 1.0 952000
1695743362039 1.0 956000
1695743425334 1.0 960000
1695743487809 1.0 964000
1695743552196 1.0 968000
1695743614347 1.0 972000
1695743677533 1.0 976000
1695743740582 1.0 980000
1695743804858 1.0 984000
1695743867039 1.0 988000
1695743930152 1.0 992000
1695743991786 1.0 996000
1695744055121 1.0 1000000
