1695731492031 2.0 244000
1695731555406 2.0 248000
1695731627033 2.0 252000
1695731694044 2.0 256000
1695731770492 2.0 260000
1695731847936 2.0 264000
1695731929370 2.0 268000
1695732007603 2.0 272000
1695732085699 2.0 276000
1695732161651 2.0 280000
1695732229886 2.0 284000
1695732296318 2.0 288000
1695732365432 2.0 292000
1695732431765 2.0 296000
1695732499341 2.0 300000
1695732565239 2.0 304000
1695732635512 2.0 308000
1695732703125 2.0 312000
1695732772443 2.0 316000
1695732841629 2.0 320000
1695732910287 2.0 324000
1695732988760 2.0 328000
1695733057822 2.0 332000
1695733127264 2.0 336000
1695733197259 2.0 340000
1695733266975 2.0 344000
1695733337808 2.0 348000
1695733406314 2.0 352000
1695733475155 2.0 356000
1695733547224 2.0 360000
1695733617786 2.0 364000
1695733686282 2.0 368000
1695733756258 2.0 372000
1695733824489 2.0 376000
1695733895000 2.0 380000
1695733964323 2.0 384000
1695734035340 2.0 388000
1695734104306 2.0 392000
1695734175735 2.0 396000
1695734244781 2.0 400000
1695734315808 2.0 404000
1695734384721 2.0 408000
1695734453494 2.0 412000
1695734520784 2.0 416000
1695734588491 2.0 420000
1695734658444 2.0 424000
1695734728109 2.0 428000
1695734796993 2.0 432000
1695734870371 2.0 436000
1695734945876 2.0 440000
1695735017197 2.0 444000
1695735086477 2.0 448000
1695735161801 2.0 452000
1695735232041 2.0 456000
1695735305995 2.0 460000
1695735382260 2.0 464000
1695735453243 2.0 468000
1695735524461 2.0 472000
1695735599255 2.0 476000
1695735678760 2.0 480000
1695735759884 2.0 484000
1695735842448 2.0 488000
1695735925888 2.0 492000
1695736013556 2.0 496000
1695736097399 2.0 500000
1695736173716 2.0 504000
1695736249000 2.0 508000
1695736320695 2.0 512000
1695736388248 2.0 516000
1695736454386 2.0 520000
1695736520714 2.0 524000
1695736587145 2.0 528000
1695736651780 2.0 532000
1695736716211 2.0 536000
1695736779559 2.0 540000
1695736842278 2.0 544000
1695736905480 2.0 548000
1695736968539 2.0 552000
1695737032240 2.0 556000
1695737094151 2.0 560000
1695737158058 2.0 564000
1695737219730 2.0 568000
1695737282054 2.0 572000
1695737344725 2.0 576000
1695737412063 2.0 580000
1695737478336 2.0 584000
1695737542004 2.0 588000
1695737604446 2.0 592000
1695737666529 2.0 596000
1695737728737 2.0 600000
1695737791661 2.0 604000
1695737853617 2.0 608000
1695737916304 2.0 612000
1695737978682 2.0 616000
1695738041321 2.0 620000
1695738103581 2.0 624000
1695738167407 2.0 628000
1695738230082 2.0 632000
1695738292635 2.0 636000
1695738355128 2.0 640000
1695738417983 2.0 644000
1695738479941 2.0 648000
1695738542530 2.0 652000
1695738605962 2.0 656000
1695738668238 2.0 660000
1695738731789 2.0 664000
1695738794259 2.0 668000
1695738858602 2.0 672000
1695738921341 2.0 676000
1695738984563 2.0 680000
1695739046800 2.0 684000
1695739110172 2.0 688000
1695739172050 2.0 692000
1695739235577 2.0 696000
1695739297825 2.0 700000
1695739360638 2.0 704000
1695739423327 2.0 708000
1695739488113 2.0 712000
1695739550764 2.0 716000
1695739613400 2.0 720000
1695739676096 2.0 724000
1695739737885 2.0 728000
1695739800572 2.0 732000
1695739862808 2.0 736000
1695739925950 2.0 740000
1695739987797 2.0 744000
1695740051693 2.0 748000
1695740114510 2.0 752000
1695740177725 2.0 756000
1695740240198 2.0 760000
1695740302067 2.0 764000
1695740363654 2.0 768000
1695740426133 2.0 772000
1695740488969 2.0 776000
1695740550805 2.0 780000
1695740613507 2.0 784000
1695740676130 2.0 788000
1695740739886 2.0 792000
1695740801796 2.0 796000
1695740865055 2.0 800000
1695740927276 2.0 804000
1695740989507 2.0 808000
1695741052846 2.0 812000
1695741116491 2.0 816000
1695741179224 2.0 820000
1695741242138 2.0 824000
1695741305240 2.0 828000
1695741368561 2.0 832000
1695741432807 2.0 836000
1695741500842 2.0 840000
1695741566879 2.0 844000
1695741631830 2.0 848000
1695741707477 2.0 852000
1695741770292 2.0 856000
1695741834371 2.0 860000
1695741896370 2.0 864000
1695741958514 2.0 868000
1695742020762 2.0 872000
1695742083912 2.0 876000
1695742146580 2.0 880000
1695742211699 2.0 884000
1695742275938 2.0 888000
1695742341681 2.0 892000
1695742413718 2.0 896000
1695742482020 2.0 900000
1695742548325 2.0 904000
1695742610788 2.0 908000
1695742672901 2.0 912000
1695742735190 2.0 916000
1695742798497 2.0 920000
1695742861592 2.0 924000
1695742924186 2.0 928000
1695742986418 2.0 932000
1695743049723 2.0 936000
1695743112007 2.0 940000
1695743175978 2.0 944000
1695743237937 2.0 948000
1695743299846 2.0 952000
1695743362044 2.0 956000
1695743425339 2.0 960000
1695743487815 2.0 964000
1695743552201 2.0 968000
1695743614352 2.0 972000
1695743677538 2.0 976000
1695743740587 2.0 980000
1695743804864 2.0 984000
1695743867044 2.0 988000
1695743930157 2.0 992000
1695743991791 2.0 996000
1695744055126 2.0 1000000
