1695731492030 32.0 244000
1695731555405 32.0 248000
1695731627032 32.0 252000
1695731694043 32.0 256000
1695731770491 32.0 260000
1695731847935 32.0 264000
1695731929369 32.0 268000
1695732007602 32.0 272000
1695732085698 32.0 276000
1695732161650 32.0 280000
1695732229885 32.0 284000
1695732296318 32.0 288000
1695732365431 32.0 292000
1695732431765 32.0 296000
1695732499340 32.0 300000
1695732565239 32.0 304000
1695732635511 32.0 308000
1695732703124 32.0 312000
1695732772442 32.0 316000
1695732841628 32.0 320000
1695732910286 32.0 324000
1695732988759 32.0 328000
1695733057821 32.0 332000
1695733127263 32.0 336000
1695733197258 32.0 340000
1695733266974 32.0 344000
1695733337807 32.0 348000
1695733406313 32.0 352000
1695733475154 32.0 356000
1695733547224 32.0 360000
1695733617786 32.0 364000
1695733686281 32.0 368000
1695733756257 32.0 372000
1695733824489 32.0 376000
1695733894999 32.0 380000
1695733964322 32.0 384000
1695734035339 32.0 388000
1695734104305 32.0 392000
1695734175734 32.0 396000
1695734244781 32.0 400000
1695734315807 32.0 404000
1695734384720 32.0 408000
1695734453493 32.0 412000
1695734520784 32.0 416000
1695734588490 32.0 420000
1695734658443 32.0 424000
1695734728108 32.0 428000
1695734796992 32.0 432000
1695734870370 32.0 436000
1695734945876 32.0 440000
1695735017196 32.0 444000
1695735086476 32.0 448000
1695735161800 32.0 452000
1695735232040 32.0 456000
1695735305994 32.0 460000
1695735382260 32.0 464000
1695735453243 32.0 468000
1695735524460 32.0 472000
1695735599254 32.0 476000
1695735678760 32.0 480000
1695735759883 32.0 484000
1695735842447 32.0 488000
1695735925887 32.0 492000
1695736013555 32.0 496000
1695736097398 32.0 500000
1695736173716 32.0 504000
1695736248999 32.0 508000
1695736320694 32.0 512000
1695736388247 32.0 516000
1695736454385 32.0 520000
1695736520713 32.0 524000
1695736587144 32.0 528000
1695736651779 32.0 532000
1695736716210 32.0 536000
1695736779558 32.0 540000
1695736842277 32.0 544000
1695736905479 32.0 548000
1695736968538 32.0 552000
1695737032240 32.0 556000
1695737094150 32.0 560000
1695737158058 32.0 564000
1695737219729 32.0 568000
1695737282053 32.0 572000
1695737344724 32.0 576000
1695737412062 32.0 580000
1695737478335 32.0 584000
1695737542004 32.0 588000
1695737604446 32.0 592000
1695737666528 32.0 596000
1695737728736 32.0 600000
1695737791660 32.0 604000
1695737853617 32.0 608000
1695737916303 32.0 612000
1695737978681 32.0 616000
1695738041320 32.0 620000
1695738103580 32.0 624000
1695738167406 32.0 628000
1695738230082 32.0 632000
1695738292634 32.0 636000
1695738355128 32.0 640000
1695738417983 32.0 644000
1695738479940 32.0 648000
1695738542529 32.0 652000
1695738605961 32.0 656000
1695738668238 32.0 660000
1695738731788 32.0 664000
1695738794259 32.0 668000
1695738858601 32.0 672000
1695738921341 32.0 676000
1695738984563 32.0 680000
1695739046800 32.0 684000
1695739110171 32.0 688000
1695739172049 32.0 692000
1695739235576 32.0 696000
1695739297825 32.0 700000
1695739360637 32.0 704000
1695739423326 32.0 708000
1695739488113 32.0 712000
1695739550763 32.0 716000
1695739613399 32.0 720000
1695739676095 32.0 724000
1695739737884 32.0 728000
1695739800571 32.0 732000
1695739862808 32.0 736000
1695739925949 32.0 740000
1695739987797 32.0 744000
1695740051692 32.0 748000
1695740114509 32.0 752000
1695740177725 32.0 756000
1695740240197 32.0 760000
1695740302066 32.0 764000
1695740363653 32.0 768000
1695740426133 32.0 772000
1695740488969 32.0 776000
1695740550804 32.0 780000
1695740613506 32.0 784000
1695740676129 32.0 788000
1695740739885 32.0 792000
1695740801795 32.0 796000
1695740865054 32.0 800000
1695740927276 32.0 804000
1695740989506 32.0 808000
1695741052845 32.0 812000
1695741116490 32.0 816000
1695741179223 32.0 820000
1695741242137 32.0 824000
1695741305239 32.0 828000
1695741368561 32.0 832000
1695741432807 32.0 836000
1695741500841 32.0 840000
1695741566879 32.0 844000
1695741631829 32.0 848000
1695741707476 32.0 852000
1695741770291 32.0 856000
1695741834370 32.0 860000
1695741896370 32.0 864000
1695741958513 32.0 868000
1695742020761 32.0 872000
1695742083912 32.0 876000
1695742146579 32.0 880000
1695742211698 32.0 884000
1695742275937 32.0 888000
1695742341680 32.0 892000
1695742413717 32.0 896000
1695742482020 32.0 900000
1695742548324 32.0 904000
1695742610787 32.0 908000
1695742672900 32.0 912000
1695742735190 32.0 916000
1695742798497 32.0 920000
1695742861591 32.0 924000
1695742924185 32.0 928000
1695742986417 32.0 932000
1695743049722 32.0 936000
1695743112006 32.0 940000
1695743175977 32.0 944000
1695743237936 32.0 948000
1695743299845 32.0 952000
1695743362043 32.0 956000
1695743425339 32.0 960000
1695743487814 32.0 964000
1695743552200 32.0 968000
1695743614351 32.0 972000
1695743677537 32.0 976000
1695743740586 32.0 980000
1695743804863 32.0 984000
1695743867044 32.0 988000
1695743930157 32.0 992000
1695743991790 32.0 996000
1695744055125 32.0 1000000
