1695731492030 50.0 244000
1695731555404 50.0 248000
1695731627031 50.0 252000
1695731694042 50.0 256000
1695731770490 50.0 260000
1695731847934 50.0 264000
1695731929368 50.0 268000
1695732007601 50.0 272000
1695732085697 50.0 276000
1695732161649 50.0 280000
1695732229884 50.0 284000
1695732296317 50.0 288000
1695732365430 50.0 292000
1695732431764 50.0 296000
1695732499339 50.0 300000
1695732565238 50.0 304000
1695732635510 50.0 308000
1695732703123 50.0 312000
1695732772441 50.0 316000
1695732841628 50.0 320000
1695732910285 50.0 324000
1695732988758 50.0 328000
1695733057821 50.0 332000
1695733127262 50.0 336000
1695733197257 50.0 340000
1695733266973 50.0 344000
1695733337806 50.0 348000
1695733406313 50.0 352000
1695733475154 50.0 356000
1695733547223 50.0 360000
1695733617785 50.0 364000
1695733686280 50.0 368000
1695733756256 50.0 372000
1695733824488 50.0 376000
1695733894999 50.0 380000
1695733964321 50.0 384000
1695734035338 50.0 388000
1695734104304 50.0 392000
1695734175733 50.0 396000
1695734244780 50.0 400000
1695734315806 50.0 404000
1695734384719 50.0 408000
1695734453493 50.0 412000
1695734520783 50.0 416000
1695734588490 50.0 420000
1695734658442 50.0 424000
1695734728107 50.0 428000
1695734796991 50.0 432000
1695734870369 50.0 436000
1695734945875 50.0 440000
1695735017195 50.0 444000
1695735086475 50.0 448000
1695735161799 50.0 452000
1695735232040 50.0 456000
1695735305993 50.0 460000
1695735382259 50.0 464000
1695735453242 50.0 468000
1695735524460 50.0 472000
1695735599253 50.0 476000
1695735678759 50.0 480000
1695735759883 50.0 484000
1695735842446 50.0 488000
1695735925886 50.0 492000
1695736013554 50.0 496000
1695736097397 50.0 500000
1695736173715 50.0 504000
1695736248998 50.0 508000
1695736320693 50.0 512000
1695736388247 50.0 516000
1695736454384 50.0 520000
1695736520712 50.0 524000
1695736587143 50.0 528000
1695736651778 50.0 532000
1695736716209 50.0 536000
1695736779557 50.0 540000
1695736842277 50.0 544000
1695736905478 50.0 548000
1695736968538 50.0 552000
1695737032239 50.0 556000
1695737094149 50.0 560000
1695737158057 50.0 564000
1695737219729 50.0 568000
1695737282052 50.0 572000
1695737344724 50.0 576000
1695737412061 50.0 580000
1695737478334 50.0 584000
1695737542003 50.0 588000
1695737604445 50.0 592000
1695737666527 50.0 596000
1695737728735 50.0 600000
1695737791659 50.0 604000
1695737853616 50.0 608000
1695737916302 50.0 612000
1695737978681 50.0 616000
1695738041320 50.0 620000
1695738103579 50.0 624000
1695738167406 50.0 628000
1695738230081 50.0 632000
1695738292633 50.0 636000
1695738355127 50.0 640000
1695738417982 50.0 644000
1695738479939 50.0 648000
1695738542528 50.0 652000
1695738605961 50.0 656000
1695738668237 50.0 660000
1695738731787 50.0 664000
1695738794258 50.0 668000
1695738858600 50.0 672000
1695738921340 50.0 676000
1695738984562 50.0 680000
1695739046799 50.0 684000
1695739110170 50.0 688000
1695739172049 50.0 692000
1695739235575 50.0 696000
1695739297824 50.0 700000
1695739360636 50.0 704000
1695739423326 50.0 708000
1695739488112 50.0 712000
1695739550763 50.0 716000
1695739613398 50.0 720000
1695739676094 50.0 724000
1695739737884 50.0 728000
1695739800571 50.0 732000
1695739862807 50.0 736000
1695739925949 50.0 740000
1695739987796 50.0 744000
1695740051691 50.0 748000
1695740114509 50.0 752000
1695740177724 50.0 756000
1695740240196 50.0 760000
1695740302065 50.0 764000
1695740363652 50.0 768000
1695740426132 50.0 772000
1695740488968 50.0 776000
1695740550803 50.0 780000
1695740613506 50.0 784000
1695740676129 50.0 788000
1695740739884 50.0 792000
1695740801794 50.0 796000
1695740865053 50.0 800000
1695740927275 50.0 804000
1695740989505 50.0 808000
1695741052844 50.0 812000
1695741116489 50.0 816000
1695741179222 50.0 820000
1695741242137 50.0 824000
1695741305238 50.0 828000
1695741368560 50.0 832000
1695741432806 50.0 836000
1695741500840 50.0 840000
1695741566878 50.0 844000
1695741631828 50.0 848000
1695741707475 50.0 852000
1695741770291 50.0 856000
1695741834369 50.0 860000
1695741896369 50.0 864000
1695741958513 50.0 868000
1695742020760 50.0 872000
1695742083911 50.0 876000
1695742146578 50.0 880000
1695742211698 50.0 884000
1695742275936 50.0 888000
1695742341679 50.0 892000
1695742413716 50.0 896000
1695742482019 50.0 900000
1695742548324 50.0 904000
1695742610787 50.0 908000
1695742672900 50.0 912000
1695742735189 50.0 916000
1695742798496 50.0 920000
1695742861590 50.0 924000
1695742924184 50.0 928000
1695742986416 50.0 932000
1695743049721 50.0 936000
1695743112005 50.0 940000
1695743175977 50.0 944000
1695743237936 50.0 948000
1695743299844 50.0 952000
1695743362043 50.0 956000
1695743425338 50.0 960000
1695743487813 50.0 964000
1695743552199 50.0 968000
1695743614350 50.0 972000
1695743677537 50.0 976000
1695743740585 50.0 980000
1695743804862 50.0 984000
1695743867043 50.0 988000
1695743930156 50.0 992000
1695743991789 50.0 996000
1695744055125 50.0 1000000
