1695731492027 64.0 244000
1695731555400 64.0 248000
1695731627028 64.0 252000
1695731694039 64.0 256000
1695731770486 64.0 260000
1695731847930 64.0 264000
1695731929364 64.0 268000
1695732007597 64.0 272000
1695732085693 64.0 276000
1695732161646 64.0 280000
1695732229881 64.0 284000
1695732296314 64.0 288000
1695732365427 64.0 292000
1695732431761 64.0 296000
1695732499336 64.0 300000
1695732565235 64.0 304000
1695732635507 64.0 308000
1695732703120 64.0 312000
1695732772438 64.0 316000
1695732841624 64.0 320000
1695732910282 64.0 324000
1695732988754 64.0 328000
1695733057817 64.0 332000
1695733127259 64.0 336000
1695733197254 64.0 340000
1695733266970 64.0 344000
1695733337801 64.0 348000
1695733406309 64.0 352000
1695733475150 64.0 356000
1695733547219 64.0 360000
1695733617782 64.0 364000
1695733686277 64.0 368000
1695733756253 64.0 372000
1695733824485 64.0 376000
1695733894995 64.0 380000
1695733964318 64.0 384000
1695734035335 64.0 388000
1695734104301 64.0 392000
1695734175730 64.0 396000
1695734244776 64.0 400000
1695734315803 64.0 404000
1695734384716 64.0 408000
1695734453489 64.0 412000
1695734520780 64.0 416000
1695734588486 64.0 420000
1695734658439 64.0 424000
1695734728104 64.0 428000
1695734796988 64.0 432000
1695734870366 64.0 436000
1695734945872 64.0 440000
1695735017191 64.0 444000
1695735086472 64.0 448000
1695735161796 64.0 452000
1695735232036 64.0 456000
1695735305990 64.0 460000
1695735382255 64.0 464000
1695735453239 64.0 468000
1695735524457 64.0 472000
1695735599249 64.0 476000
1695735678755 64.0 480000
1695735759879 64.0 484000
1695735842442 64.0 488000
1695735925882 64.0 492000
1695736013549 64.0 496000
1695736097394 64.0 500000
1695736173711 64.0 504000
1695736248994 64.0 508000
1695736320690 64.0 512000
1695736388244 64.0 516000
1695736454382 64.0 520000
1695736520709 64.0 524000
1695736587140 64.0 528000
1695736651775 64.0 532000
1695736716206 64.0 536000
1695736779554 64.0 540000
1695736842274 64.0 544000
1695736905475 64.0 548000
1695736968535 64.0 552000
1695737032236 64.0 556000
1695737094146 64.0 560000
1695737158054 64.0 564000
1695737219725 64.0 568000
1695737282049 64.0 572000
1695737344721 64.0 576000
1695737412058 64.0 580000
1695737478331 64.0 584000
1695737542000 64.0 588000
1695737604442 64.0 592000
1695737666524 64.0 596000
1695737728732 64.0 600000
1695737791657 64.0 604000
1695737853613 64.0 608000
1695737916300 64.0 612000
1695737978678 64.0 616000
1695738041316 64.0 620000
1695738103576 64.0 624000
1695738167403 64.0 628000
1695738230078 64.0 632000
1695738292630 64.0 636000
1695738355124 64.0 640000
1695738417979 64.0 644000
1695738479937 64.0 648000
1695738542525 64.0 652000
1695738605958 64.0 656000
1695738668234 64.0 660000
1695738731784 64.0 664000
1695738794255 64.0 668000
1695738858597 64.0 672000
1695738921337 64.0 676000
1695738984558 64.0 680000
1695739046796 64.0 684000
1695739110167 64.0 688000
1695739172045 64.0 692000
1695739235572 64.0 696000
1695739297821 64.0 700000
1695739360633 64.0 704000
1695739423322 64.0 708000
1695739488108 64.0 712000
1695739550760 64.0 716000
1695739613395 64.0 720000
1695739676090 64.0 724000
1695739737881 64.0 728000
1695739800568 64.0 732000
1695739862804 64.0 736000
1695739925946 64.0 740000
1695739987793 64.0 744000
1695740051689 64.0 748000
1695740114505 64.0 752000
1695740177721 64.0 756000
1695740240193 64.0 760000
1695740302062 64.0 764000
1695740363649 64.0 768000
1695740426129 64.0 772000
1695740488965 64.0 776000
1695740550800 64.0 780000
1695740613503 64.0 784000
1695740676126 64.0 788000
1695740739881 64.0 792000
1695740801791 64.0 796000
1695740865050 64.0 800000
1695740927271 64.0 804000
1695740989502 64.0 808000
1695741052841 64.0 812000
1695741116487 64.0 816000
1695741179219 64.0 820000
1695741242133 64.0 824000
1695741305235 64.0 828000
1695741368557 64.0 832000
1695741432802 64.0 836000
1695741500837 64.0 840000
1695741566875 64.0 844000
1695741631825 64.0 848000
1695741707472 64.0 852000
1695741770288 64.0 856000
1695741834366 64.0 860000
1695741896366 64.0 864000
1695741958510 64.0 868000
1695742020758 64.0 872000
1695742083908 64.0 876000
1695742146576 64.0 880000
1695742211695 64.0 884000
1695742275933 64.0 888000
1695742341676 64.0 892000
1695742413712 64.0 896000
1695742482016 64.0 900000
1695742548321 64.0 904000
1695742610784 64.0 908000
1695742672897 64.0 912000
1695742735186 64.0 916000
1695742798493 64.0 920000
1695742861587 64.0 924000
1695742924181 64.0 928000
1695742986413 64.0 932000
1695743049718 64.0 936000
1695743112002 64.0 940000
1695743175973 64.0 944000
1695743237933 64.0 948000
1695743299841 64.0 952000
1695743362039 64.0 956000
1695743425335 64.0 960000
1695743487810 64.0 964000
1695743552197 64.0 968000
1695743614347 64.0 972000
1695743677534 64.0 976000
1695743740583 64.0 980000
1695743804859 64.0 984000
1695743867040 64.0 988000
1695743930153 64.0 992000
1695743991787 64.0 996000
1695744055122 64.0 1000000
