1695731492032 0.0 244000
1695731555407 0.0 248000
1695731627033 0.0 252000
1695731694045 0.0 256000
1695731770493 0.0 260000
1695731847937 0.0 264000
1695731929371 0.0 268000
1695732007604 0.0 272000
1695732085700 0.0 276000
1695732161651 0.0 280000
1695732229886 0.0 284000
1695732296320 0.0 288000
1695732365433 0.0 292000
1695732431766 0.0 296000
1695732499342 0.0 300000
1695732565240 0.0 304000
1695732635513 0.0 308000
1695732703126 0.0 312000
1695732772443 0.0 316000
1695732841630 0.0 320000
1695732910288 0.0 324000
1695732988760 0.0 328000
1695733057823 0.0 332000
1695733127265 0.0 336000
1695733197260 0.0 340000
1695733266976 0.0 344000
1695733337809 0.0 348000
1695733406315 0.0 352000
1695733475156 0.0 356000
1695733547225 0.0 360000
1695733617787 0.0 364000
1695733686282 0.0 368000
1695733756259 0.0 372000
1695733824490 0.0 376000
1695733895001 0.0 380000
1695733964323 0.0 384000
1695734035341 0.0 388000
1695734104306 0.0 392000
1695734175736 0.0 396000
1695734244782 0.0 400000
1695734315808 0.0 404000
1695734384721 0.0 408000
1695734453495 0.0 412000
1695734520785 0.0 416000
1695734588492 0.0 420000
1695734658445 0.0 424000
1695734728110 0.0 428000
1695734796993 0.0 432000
1695734870372 0.0 436000
1695734945877 0.0 440000
1695735017198 0.0 444000
1695735086478 0.0 448000
1695735161802 0.0 452000
1695735232042 0.0 456000
1695735305996 0.0 460000
1695735382261 0.0 464000
1695735453244 0.0 468000
1695735524462 0.0 472000
1695735599256 0.0 476000
1695735678761 0.0 480000
1695735759885 0.0 484000
1695735842449 0.0 488000
1695735925889 0.0 492000
1695736013557 0.0 496000
1695736097400 0.0 500000
1695736173717 0.0 504000
1695736249001 0.0 508000
1695736320696 0.0 512000
1695736388249 0.0 516000
1695736454386 0.0 520000
1695736520715 0.0 524000
1695736587145 0.0 528000
1695736651780 0.0 532000
1695736716211 0.0 536000
1695736779559 0.0 540000
1695736842279 0.0 544000
1695736905481 0.0 548000
1695736968540 0.0 552000
1695737032241 0.0 556000
1695737094151 0.0 560000
1695737158059 0.0 564000
1695737219731 0.0 568000
1695737282055 0.0 572000
1695737344726 0.0 576000
1695737412063 0.0 580000
1695737478337 0.0 584000
1695737542005 0.0 588000
1695737604447 0.0 592000
1695737666530 0.0 596000
1695737728738 0.0 600000
1695737791662 0.0 604000
1695737853618 0.0 608000
1695737916305 0.0 612000
1695737978683 0.0 616000
1695738041322 0.0 620000
1695738103582 0.0 624000
1695738167408 0.0 628000
1695738230083 0.0 632000
1695738292636 0.0 636000
1695738355129 0.0 640000
1695738417984 0.0 644000
1695738479942 0.0 648000
1695738542531 0.0 652000
1695738605963 0.0 656000
1695738668239 0.0 660000
1695738731789 0.0 664000
1695738794260 0.0 668000
1695738858603 0.0 672000
1695738921342 0.0 676000
1695738984564 0.0 680000
1695739046801 0.0 684000
1695739110173 0.0 688000
1695739172051 0.0 692000
1695739235578 0.0 696000
1695739297826 0.0 700000
1695739360639 0.0 704000
1695739423328 0.0 708000
1695739488114 0.0 712000
1695739550765 0.0 716000
1695739613400 0.0 720000
1695739676096 0.0 724000
1695739737886 0.0 728000
1695739800573 0.0 732000
1695739862809 0.0 736000
1695739925951 0.0 740000
1695739987798 0.0 744000
1695740051693 0.0 748000
1695740114511 0.0 752000
1695740177726 0.0 756000
1695740240199 0.0 760000
1695740302068 0.0 764000
1695740363654 0.0 768000
1695740426134 0.0 772000
1695740488970 0.0 776000
1695740550805 0.0 780000
1695740613508 0.0 784000
1695740676131 0.0 788000
1695740739887 0.0 792000
1695740801796 0.0 796000
1695740865056 0.0 800000
1695740927277 0.0 804000
1695740989508 0.0 808000
1695741052847 0.0 812000
1695741116492 0.0 816000
1695741179224 0.0 820000
1695741242139 0.0 824000
1695741305241 0.0 828000
1695741368562 0.0 832000
1695741432808 0.0 836000
1695741500843 0.0 840000
1695741566880 0.0 844000
1695741631831 0.0 848000
1695741707478 0.0 852000
1695741770293 0.0 856000
1695741834372 0.0 860000
1695741896371 0.0 864000
1695741958515 0.0 868000
1695742020762 0.0 872000
1695742083913 0.0 876000
1695742146581 0.0 880000
1695742211700 0.0 884000
1695742275939 0.0 888000
1695742341681 0.0 892000
1695742413719 0.0 896000
1695742482021 0.0 900000
1695742548326 0.0 904000
1695742610789 0.0 908000
1695742672902 0.0 912000
1695742735191 0.0 916000
1695742798498 0.0 920000
1695742861592 0.0 924000
1695742924187 0.0 928000
1695742986418 0.0 932000
1695743049723 0.0 936000
1695743112007 0.0 940000
1695743175979 0.0 944000
1695743237938 0.0 948000
1695743299846 0.0 952000
1695743362045 0.0 956000
1695743425340 0.0 960000
1695743487816 0.0 964000
1695743552201 0.0 968000
1695743614352 0.0 972000
1695743677539 0.0 976000
1695743740587 0.0 980000
1695743804864 0.0 984000
1695743867045 0.0 988000
1695743930158 0.0 992000
1695743991792 0.0 996000
1695744055127 0.0 1000000
