1695731492028 32.0 244000
1695731555402 32.0 248000
1695731627029 32.0 252000
1695731694040 32.0 256000
1695731770488 32.0 260000
1695731847932 32.0 264000
1695731929366 32.0 268000
1695732007599 32.0 272000
1695732085695 32.0 276000
1695732161648 32.0 280000
1695732229882 32.0 284000
1695732296316 32.0 288000
1695732365429 32.0 292000
1695732431762 32.0 296000
1695732499338 32.0 300000
1695732565237 32.0 304000
1695732635508 32.0 308000
1695732703122 32.0 312000
1695732772439 32.0 316000
1695732841626 32.0 320000
1695732910284 32.0 324000
1695732988756 32.0 328000
1695733057819 32.0 332000
1695733127261 32.0 336000
1695733197256 32.0 340000
1695733266972 32.0 344000
1695733337804 32.0 348000
1695733406311 32.0 352000
1695733475152 32.0 356000
1695733547221 32.0 360000
1695733617783 32.0 364000
1695733686278 32.0 368000
1695733756255 32.0 372000
1695733824486 32.0 376000
1695733894997 32.0 380000
1695733964320 32.0 384000
1695734035337 32.0 388000
1695734104303 32.0 392000
1695734175731 32.0 396000
1695734244778 32.0 400000
1695734315804 32.0 404000
1695734384717 32.0 408000
1695734453491 32.0 412000
1695734520781 32.0 416000
1695734588488 32.0 420000
1695734658441 32.0 424000
1695734728106 32.0 428000
1695734796990 32.0 432000
1695734870367 32.0 436000
1695734945873 32.0 440000
1695735017193 32.0 444000
1695735086474 32.0 448000
1695735161798 32.0 452000
1695735232038 32.0 456000
1695735305991 32.0 460000
1695735382257 32.0 464000
1695735453240 32.0 468000
1695735524458 32.0 472000
1695735599251 32.0 476000
1695735678757 32.0 480000
1695735759881 32.0 484000
1695735842444 32.0 488000
1695735925884 32.0 492000
1695736013552 32.0 496000
1695736097396 32.0 500000
1695736173713 32.0 504000
1695736248996 32.0 508000
1695736320692 32.0 512000
1695736388245 32.0 516000
1695736454383 32.0 520000
1695736520711 32.0 524000
1695736587142 32.0 528000
1695736651776 32.0 532000
1695736716208 32.0 536000
1695736779556 32.0 540000
1695736842275 32.0 544000
1695736905477 32.0 548000
1695736968536 32.0 552000
1695737032237 32.0 556000
1695737094148 32.0 560000
1695737158055 32.0 564000
1695737219727 32.0 568000
1695737282051 32.0 572000
1695737344722 32.0 576000
1695737412059 32.0 580000
1695737478333 32.0 584000
1695737542001 32.0 588000
1695737604443 32.0 592000
1695737666526 32.0 596000
1695737728734 32.0 600000
1695737791658 32.0 604000
1695737853615 32.0 608000
1695737916301 32.0 612000
1695737978679 32.0 616000
1695738041318 32.0 620000
1695738103577 32.0 624000
1695738167404 32.0 628000
1695738230080 32.0 632000
1695738292632 32.0 636000
1695738355126 32.0 640000
1695738417980 32.0 644000
1695738479938 32.0 648000
1695738542527 32.0 652000
1695738605959 32.0 656000
1695738668236 32.0 660000
1695738731786 32.0 664000
1695738794256 32.0 668000
1695738858599 32.0 672000
1695738921339 32.0 676000
1695738984560 32.0 680000
1695739046797 32.0 684000
1695739110169 32.0 688000
1695739172047 32.0 692000
1695739235574 32.0 696000
1695739297823 32.0 700000
1695739360635 32.0 704000
1695739423324 32.0 708000
1695739488110 32.0 712000
1695739550761 32.0 716000
1695739613396 32.0 720000
1695739676092 32.0 724000
1695739737882 32.0 728000
1695739800569 32.0 732000
1695739862805 32.0 736000
1695739925947 32.0 740000
1695739987795 32.0 744000
1695740051690 32.0 748000
1695740114507 32.0 752000
1695740177722 32.0 756000
1695740240195 32.0 760000
1695740302064 32.0 764000
1695740363650 32.0 768000
1695740426131 32.0 772000
1695740488967 32.0 776000
1695740550802 32.0 780000
1695740613504 32.0 784000
1695740676127 32.0 788000
1695740739883 32.0 792000
1695740801792 32.0 796000
1695740865052 32.0 800000
1695740927273 32.0 804000
1695740989504 32.0 808000
1695741052843 32.0 812000
1695741116488 32.0 816000
1695741179221 32.0 820000
1695741242135 32.0 824000
1695741305237 32.0 828000
1695741368558 32.0 832000
1695741432804 32.0 836000
1695741500839 32.0 840000
1695741566876 32.0 844000
1695741631827 32.0 848000
1695741707474 32.0 852000
1695741770289 32.0 856000
1695741834368 32.0 860000
1695741896367 32.0 864000
1695741958511 32.0 868000
1695742020759 32.0 872000
1695742083909 32.0 876000
1695742146577 32.0 880000
1695742211696 32.0 884000
1695742275935 32.0 888000
1695742341678 32.0 892000
1695742413714 32.0 896000
1695742482017 32.0 900000
1695742548322 32.0 904000
1695742610785 32.0 908000
1695742672898 32.0 912000
1695742735188 32.0 916000
1695742798495 32.0 920000
1695742861589 32.0 924000
1695742924183 32.0 928000
1695742986414 32.0 932000
1695743049720 32.0 936000
1695743112004 32.0 940000
1695743175975 32.0 944000
1695743237934 32.0 948000
1695743299843 32.0 952000
1695743362041 32.0 956000
1695743425336 32.0 960000
1695743487812 32.0 964000
1695743552198 32.0 968000
1695743614349 32.0 972000
1695743677535 32.0 976000
1695743740584 32.0 980000
1695743804860 32.0 984000
1695743867041 32.0 988000
1695743930154 32.0 992000
1695743991788 32.0 996000
1695744055123 32.0 1000000
