1695731492028 1.0 244000
1695731555401 1.0 248000
1695731627029 1.0 252000
1695731694039 1.0 256000
1695731770487 1.0 260000
1695731847931 1.0 264000
1695731929365 1.0 268000
1695732007598 1.0 272000
1695732085694 1.0 276000
1695732161647 1.0 280000
1695732229881 1.0 284000
1695732296315 1.0 288000
1695732365428 1.0 292000
1695732431761 1.0 296000
1695732499337 1.0 300000
1695732565236 1.0 304000
1695732635508 1.0 308000
1695732703121 1.0 312000
1695732772439 1.0 316000
1695732841625 1.0 320000
1695732910283 1.0 324000
1695732988755 1.0 328000
1695733057818 1.0 332000
1695733127260 1.0 336000
1695733197255 1.0 340000
1695733266971 1.0 344000
1695733337803 1.0 348000
1695733406310 1.0 352000
1695733475151 1.0 356000
1695733547220 1.0 360000
1695733617782 1.0 364000
1695733686277 1.0 368000
1695733756254 1.0 372000
1695733824486 1.0 376000
1695733894996 1.0 380000
1695733964319 1.0 384000
1695734035336 1.0 388000
1695734104302 1.0 392000
1695734175730 1.0 396000
1695734244777 1.0 400000
1695734315804 1.0 404000
1695734384717 1.0 408000
1695734453490 1.0 412000
1695734520781 1.0 416000
1695734588487 1.0 420000
1695734658440 1.0 424000
1695734728105 1.0 428000
1695734796989 1.0 432000
1695734870367 1.0 436000
1695734945872 1.0 440000
1695735017192 1.0 444000
1695735086473 1.0 448000
1695735161797 1.0 452000
1695735232037 1.0 456000
1695735305991 1.0 460000
1695735382256 1.0 464000
1695735453239 1.0 468000
1695735524457 1.0 472000
1695735599250 1.0 476000
1695735678756 1.0 480000
1695735759880 1.0 484000
1695735842443 1.0 488000
1695735925883 1.0 492000
1695736013550 1.0 496000
1695736097395 1.0 500000
1695736173712 1.0 504000
1695736248995 1.0 508000
1695736320691 1.0 512000
1695736388244 1.0 516000
1695736454382 1.0 520000
1695736520710 1.0 524000
1695736587141 1.0 528000
1695736651776 1.0 532000
1695736716207 1.0 536000
1695736779555 1.0 540000
1695736842274 1.0 544000
1695736905476 1.0 548000
1695736968536 1.0 552000
1695737032237 1.0 556000
1695737094147 1.0 560000
1695737158055 1.0 564000
1695737219726 1.0 568000
1695737282050 1.0 572000
1695737344722 1.0 576000
1695737412059 1.0 580000
1695737478332 1.0 584000
1695737542001 1.0 588000
1695737604442 1.0 592000
1695737666525 1.0 596000
1695737728733 1.0 600000
1695737791657 1.0 604000
1695737853614 1.0 608000
1695737916300 1.0 612000
1695737978678 1.0 616000
1695738041317 1.0 620000
1695738103577 1.0 624000
1695738167404 1.0 628000
1695738230079 1.0 632000
1695738292631 1.0 636000
1695738355125 1.0 640000
1695738417980 1.0 644000
1695738479937 1.0 648000
1695738542526 1.0 652000
1695738605959 1.0 656000
1695738668235 1.0 660000
1695738731785 1.0 664000
1695738794256 1.0 668000
1695738858598 1.0 672000
1695738921338 1.0 676000
1695738984559 1.0 680000
1695739046797 1.0 684000
1695739110168 1.0 688000
1695739172046 1.0 692000
1695739235573 1.0 696000
1695739297822 1.0 700000
1695739360634 1.0 704000
1695739423323 1.0 708000
1695739488109 1.0 712000
1695739550760 1.0 716000
1695739613396 1.0 720000
1695739676091 1.0 724000
1695739737881 1.0 728000
1695739800568 1.0 732000
1695739862804 1.0 736000
1695739925947 1.0 740000
1695739987794 1.0 744000
1695740051689 1.0 748000
1695740114506 1.0 752000
1695740177722 1.0 756000
1695740240194 1.0 760000
1695740302063 1.0 764000
1695740363650 1.0 768000
1695740426130 1.0 772000
1695740488966 1.0 776000
1695740550801 1.0 780000
1695740613503 1.0 784000
1695740676126 1.0 788000
1695740739882 1.0 792000
1695740801792 1.0 796000
1695740865051 1.0 800000
1695740927272 1.0 804000
1695740989503 1.0 808000
1695741052842 1.0 812000
1695741116487 1.0 816000
1695741179220 1.0 820000
1695741242134 1.0 824000
1695741305236 1.0 828000
1695741368558 1.0 832000
1695741432803 1.0 836000
1695741500838 1.0 840000
1695741566875 1.0 844000
1695741631826 1.0 848000
1695741707473 1.0 852000
1695741770288 1.0 856000
1695741834367 1.0 860000
1695741896367 1.0 864000
1695741958510 1.0 868000
1695742020758 1.0 872000
1695742083908 1.0 876000
1695742146576 1.0 880000
1695742211696 1.0 884000
1695742275934 1.0 888000
1695742341677 1.0 892000
1695742413713 1.0 896000
1695742482017 1.0 900000
1695742548322 1.0 904000
1695742610784 1.0 908000
1695742672898 1.0 912000
1695742735187 1.0 916000
1695742798494 1.0 920000
1695742861588 1.0 924000
1695742924182 1.0 928000
1695742986414 1.0 932000
1695743049719 1.0 936000
1695743112003 1.0 940000
1695743175974 1.0 944000
1695743237934 1.0 948000
1695743299842 1.0 952000
1695743362040 1.0 956000
1695743425336 1.0 960000
1695743487811 1.0 964000
1695743552197 1.0 968000
1695743614348 1.0 972000
1695743677535 1.0 976000
1695743740583 1.0 980000
1695743804860 1.0 984000
1695743867040 1.0 988000
1695743930153 1.0 992000
1695743991787 1.0 996000
1695744055123 1.0 1000000
