1695731492029 50.0 244000
1695731555403 50.0 248000
1695731627030 50.0 252000
1695731694041 50.0 256000
1695731770489 50.0 260000
1695731847933 50.0 264000
1695731929367 50.0 268000
1695732007600 50.0 272000
1695732085696 50.0 276000
1695732161649 50.0 280000
1695732229883 50.0 284000
1695732296316 50.0 288000
1695732365430 50.0 292000
1695732431763 50.0 296000
1695732499338 50.0 300000
1695732565237 50.0 304000
1695732635509 50.0 308000
1695732703123 50.0 312000
1695732772440 50.0 316000
1695732841627 50.0 320000
1695732910285 50.0 324000
1695732988757 50.0 328000
1695733057820 50.0 332000
1695733127261 50.0 336000
1695733197256 50.0 340000
1695733266972 50.0 344000
1695733337805 50.0 348000
1695733406312 50.0 352000
1695733475153 50.0 356000
1695733547222 50.0 360000
1695733617784 50.0 364000
1695733686279 50.0 368000
1695733756255 50.0 372000
1695733824487 50.0 376000
1695733894998 50.0 380000
1695733964321 50.0 384000
1695734035338 50.0 388000
1695734104303 50.0 392000
1695734175732 50.0 396000
1695734244779 50.0 400000
1695734315805 50.0 404000
1695734384718 50.0 408000
1695734453492 50.0 412000
1695734520782 50.0 416000
1695734588489 50.0 420000
1695734658442 50.0 424000
1695734728106 50.0 428000
1695734796990 50.0 432000
1695734870368 50.0 436000
1695734945874 50.0 440000
1695735017194 50.0 444000
1695735086474 50.0 448000
1695735161798 50.0 452000
1695735232039 50.0 456000
1695735305992 50.0 460000
1695735382258 50.0 464000
1695735453241 50.0 468000
1695735524459 50.0 472000
1695735599252 50.0 476000
1695735678758 50.0 480000
1695735759882 50.0 484000
1695735842445 50.0 488000
1695735925885 50.0 492000
1695736013553 50.0 496000
1695736097397 50.0 500000
1695736173714 50.0 504000
1695736248997 50.0 508000
1695736320692 50.0 512000
1695736388246 50.0 516000
1695736454384 50.0 520000
1695736520712 50.0 524000
1695736587143 50.0 528000
1695736651777 50.0 532000
1695736716208 50.0 536000
1695736779556 50.0 540000
1695736842276 50.0 544000
1695736905478 50.0 548000
1695736968537 50.0 552000
1695737032238 50.0 556000
1695737094148 50.0 560000
1695737158056 50.0 564000
1695737219728 50.0 568000
1695737282052 50.0 572000
1695737344723 50.0 576000
1695737412060 50.0 580000
1695737478334 50.0 584000
1695737542002 50.0 588000
1695737604444 50.0 592000
1695737666527 50.0 596000
1695737728735 50.0 600000
1695737791659 50.0 604000
1695737853615 50.0 608000
1695737916302 50.0 612000
1695737978680 50.0 616000
1695738041319 50.0 620000
1695738103578 50.0 624000
1695738167405 50.0 628000
1695738230080 50.0 632000
1695738292633 50.0 636000
1695738355126 50.0 640000
1695738417981 50.0 644000
1695738479939 50.0 648000
1695738542528 50.0 652000
1695738605960 50.0 656000
1695738668236 50.0 660000
1695738731786 50.0 664000
1695738794257 50.0 668000
1695738858599 50.0 672000
1695738921339 50.0 676000
1695738984561 50.0 680000
1695739046798 50.0 684000
1695739110170 50.0 688000
1695739172048 50.0 692000
1695739235575 50.0 696000
1695739297823 50.0 700000
1695739360635 50.0 704000
1695739423325 50.0 708000
1695739488111 50.0 712000
1695739550762 50.0 716000
1695739613397 50.0 720000
1695739676093 50.0 724000
1695739737883 50.0 728000
1695739800570 50.0 732000
1695739862806 50.0 736000
1695739925948 50.0 740000
1695739987795 50.0 744000
1695740051691 50.0 748000
1695740114508 50.0 752000
1695740177723 50.0 756000
1695740240196 50.0 760000
1695740302065 50.0 764000
1695740363651 50.0 768000
1695740426131 50.0 772000
1695740488967 50.0 776000
1695740550802 50.0 780000
1695740613505 50.0 784000
1695740676128 50.0 788000
1695740739884 50.0 792000
1695740801793 50.0 796000
1695740865053 50.0 800000
1695740927274 50.0 804000
1695740989505 50.0 808000
1695741052844 50.0 812000
1695741116489 50.0 816000
1695741179222 50.0 820000
1695741242136 50.0 824000
1695741305238 50.0 828000
1695741368559 50.0 832000
1695741432805 50.0 836000
1695741500839 50.0 840000
1695741566877 50.0 844000
1695741631827 50.0 848000
1695741707475 50.0 852000
1695741770290 50.0 856000
1695741834368 50.0 860000
1695741896368 50.0 864000
1695741958512 50.0 868000
1695742020760 50.0 872000
1695742083910 50.0 876000
1695742146578 50.0 880000
1695742211697 50.0 884000
1695742275936 50.0 888000
1695742341678 50.0 892000
1695742413715 50.0 896000
1695742482018 50.0 900000
1695742548323 50.0 904000
1695742610786 50.0 908000
1695742672899 50.0 912000
1695742735188 50.0 916000
1695742798495 50.0 920000
1695742861589 50.0 924000
1695742924183 50.0 928000
1695742986415 50.0 932000
1695743049720 50.0 936000
1695743112005 50.0 940000
1695743175976 50.0 944000
1695743237935 50.0 948000
1695743299843 50.0 952000
1695743362042 50.0 956000
1695743425337 50.0 960000
1695743487813 50.0 964000
1695743552199 50.0 968000
1695743614350 50.0 972000
1695743677536 50.0 976000
1695743740585 50.0 980000
1695743804861 50.0 984000
1695743867042 50.0 988000
1695743930155 50.0 992000
1695743991789 50.0 996000
1695744055124 50.0 1000000
