1695731492034 84.0 244000
1695731555409 84.0 248000
1695731627036 84.0 252000
1695731694047 84.0 256000
1695731770496 84.0 260000
1695731847940 84.0 264000
1695731929373 84.0 268000
1695732007607 84.0 272000
1695732085703 84.0 276000
1695732161654 84.0 280000
1695732229889 84.0 284000
1695732296322 84.0 288000
1695732365435 84.0 292000
1695732431768 84.0 296000
1695732499344 84.0 300000
1695732565243 84.0 304000
1695732635515 84.0 308000
1695732703129 84.0 312000
1695732772446 84.0 316000
1695732841632 84.0 320000
1695732910290 84.0 324000
1695732988763 84.0 328000
1695733057825 84.0 332000
1695733127267 84.0 336000
1695733197263 84.0 340000
1695733266978 84.0 344000
1695733337811 84.0 348000
1695733406317 84.0 352000
1695733475158 84.0 356000
1695733547228 84.0 360000
1695733617790 84.0 364000
1695733686285 84.0 368000
1695733756261 84.0 372000
1695733824492 84.0 376000
1695733895003 84.0 380000
1695733964326 84.0 384000
1695734035344 84.0 388000
1695734104309 84.0 392000
1695734175738 84.0 396000
1695734244785 84.0 400000
1695734315811 84.0 404000
1695734384724 84.0 408000
1695734453497 84.0 412000
1695734520788 84.0 416000
1695734588495 84.0 420000
1695734658447 84.0 424000
1695734728112 84.0 428000
1695734796996 84.0 432000
1695734870375 84.0 436000
1695734945880 84.0 440000
1695735017200 84.0 444000
1695735086480 84.0 448000
1695735161804 84.0 452000
1695735232044 84.0 456000
1695735305998 84.0 460000
1695735382264 84.0 464000
1695735453247 84.0 468000
1695735524464 84.0 472000
1695735599258 84.0 476000
1695735678764 84.0 480000
1695735759888 84.0 484000
1695735842451 84.0 488000
1695735925891 84.0 492000
1695736013559 84.0 496000
1695736097403 84.0 500000
1695736173720 84.0 504000
1695736249004 84.0 508000
1695736320699 84.0 512000
1695736388251 84.0 516000
1695736454388 84.0 520000
1695736520717 84.0 524000
1695736587148 84.0 528000
1695736651782 84.0 532000
1695736716213 84.0 536000
1695736779562 84.0 540000
1695736842281 84.0 544000
1695736905483 84.0 548000
1695736968542 84.0 552000
1695737032243 84.0 556000
1695737094154 84.0 560000
1695737158061 84.0 564000
1695737219733 84.0 568000
1695737282057 84.0 572000
1695737344728 84.0 576000
1695737412066 84.0 580000
1695737478339 84.0 584000
1695737542008 84.0 588000
1695737604449 84.0 592000
1695737666532 84.0 596000
1695737728740 84.0 600000
1695737791664 84.0 604000
1695737853620 84.0 608000
1695737916307 84.0 612000
1695737978685 84.0 616000
1695738041324 84.0 620000
1695738103584 84.0 624000
1695738167410 84.0 628000
1695738230085 84.0 632000
1695738292638 84.0 636000
1695738355131 84.0 640000
1695738417986 84.0 644000
1695738479944 84.0 648000
1695738542533 84.0 652000
1695738605965 84.0 656000
1695738668241 84.0 660000
1695738731791 84.0 664000
1695738794262 84.0 668000
1695738858605 84.0 672000
1695738921344 84.0 676000
1695738984568 84.0 680000
1695739046803 84.0 684000
1695739110175 84.0 688000
1695739172053 84.0 692000
1695739235580 84.0 696000
1695739297828 84.0 700000
1695739360641 84.0 704000
1695739423331 84.0 708000
1695739488116 84.0 712000
1695739550767 84.0 716000
1695739613403 84.0 720000
1695739676099 84.0 724000
1695739737888 84.0 728000
1695739800575 84.0 732000
1695739862811 84.0 736000
1695739925953 84.0 740000
1695739987800 84.0 744000
1695740051695 84.0 748000
1695740114513 84.0 752000
1695740177728 84.0 756000
1695740240201 84.0 760000
1695740302070 84.0 764000
1695740363657 84.0 768000
1695740426137 84.0 772000
1695740488972 84.0 776000
1695740550807 84.0 780000
1695740613510 84.0 784000
1695740676133 84.0 788000
1695740739889 84.0 792000
1695740801799 84.0 796000
1695740865058 84.0 800000
1695740927280 84.0 804000
1695740989510 84.0 808000
1695741052849 84.0 812000
1695741116494 84.0 816000
1695741179226 84.0 820000
1695741242141 84.0 824000
1695741305243 84.0 828000
1695741368565 84.0 832000
1695741432811 84.0 836000
1695741500845 84.0 840000
1695741566883 84.0 844000
1695741631833 84.0 848000
1695741707480 84.0 852000
1695741770295 84.0 856000
1695741834374 84.0 860000
1695741896375 84.0 864000
1695741958517 84.0 868000
1695742020765 84.0 872000
1695742083915 84.0 876000
1695742146583 84.0 880000
1695742211702 84.0 884000
1695742275941 84.0 888000
1695742341684 84.0 892000
1695742413721 84.0 896000
1695742482023 84.0 900000
1695742548328 84.0 904000
1695742610792 84.0 908000
1695742672904 84.0 912000
1695742735193 84.0 916000
1695742798500 84.0 920000
1695742861594 84.0 924000
1695742924189 84.0 928000
1695742986421 84.0 932000
1695743049726 84.0 936000
1695743112009 84.0 940000
1695743175981 84.0 944000
1695743237940 84.0 948000
1695743299848 84.0 952000
1695743362048 84.0 956000
1695743425342 84.0 960000
1695743487818 84.0 964000
1695743552203 84.0 968000
1695743614355 84.0 972000
1695743677541 84.0 976000
1695743740589 84.0 980000
1695743804867 84.0 984000
1695743867048 84.0 988000
1695743930160 84.0 992000
1695743991794 84.0 996000
1695744055129 84.0 1000000
