1695731492033 1.0 244000
1695731555409 1.0 248000
1695731627035 1.0 252000
1695731694046 1.0 256000
1695731770495 1.0 260000
1695731847939 1.0 264000
1695731929372 1.0 268000
1695732007606 1.0 272000
1695732085702 1.0 276000
1695732161653 1.0 280000
1695732229888 1.0 284000
1695732296321 1.0 288000
1695732365434 1.0 292000
1695732431768 1.0 296000
1695732499343 1.0 300000
1695732565242 1.0 304000
1695732635514 1.0 308000
1695732703128 1.0 312000
1695732772445 1.0 316000
1695732841632 1.0 320000
1695732910289 1.0 324000
1695732988762 1.0 328000
1695733057825 1.0 332000
1695733127266 1.0 336000
1695733197262 1.0 340000
1695733266978 1.0 344000
1695733337810 1.0 348000
1695733406316 1.0 352000
1695733475158 1.0 356000
1695733547227 1.0 360000
1695733617789 1.0 364000
1695733686284 1.0 368000
1695733756260 1.0 372000
1695733824492 1.0 376000
1695733895003 1.0 380000
1695733964325 1.0 384000
1695734035343 1.0 388000
1695734104308 1.0 392000
1695734175737 1.0 396000
1695734244784 1.0 400000
1695734315810 1.0 404000
1695734384723 1.0 408000
1695734453497 1.0 412000
1695734520787 1.0 416000
1695734588494 1.0 420000
1695734658446 1.0 424000
1695734728111 1.0 428000
1695734796995 1.0 432000
1695734870374 1.0 436000
1695734945879 1.0 440000
1695735017199 1.0 444000
1695735086479 1.0 448000
1695735161803 1.0 452000
1695735232044 1.0 456000
1695735305997 1.0 460000
1695735382263 1.0 464000
1695735453246 1.0 468000
1695735524464 1.0 472000
1695735599258 1.0 476000
1695735678763 1.0 480000
1695735759887 1.0 484000
1695735842451 1.0 488000
1695735925890 1.0 492000
1695736013559 1.0 496000
1695736097402 1.0 500000
1695736173719 1.0 504000
1695736249003 1.0 508000
1695736320698 1.0 512000
1695736388251 1.0 516000
1695736454388 1.0 520000
1695736520716 1.0 524000
1695736587147 1.0 528000
1695736651782 1.0 532000
1695736716213 1.0 536000
1695736779561 1.0 540000
1695736842280 1.0 544000
1695736905483 1.0 548000
1695736968541 1.0 552000
1695737032243 1.0 556000
1695737094153 1.0 560000
1695737158061 1.0 564000
1695737219732 1.0 568000
1695737282056 1.0 572000
1695737344727 1.0 576000
1695737412065 1.0 580000
1695737478338 1.0 584000
1695737542007 1.0 588000
1695737604448 1.0 592000
1695737666531 1.0 596000
1695737728739 1.0 600000
1695737791663 1.0 604000
1695737853619 1.0 608000
1695737916306 1.0 612000
1695737978684 1.0 616000
1695738041324 1.0 620000
1695738103583 1.0 624000
1695738167409 1.0 628000
1695738230085 1.0 632000
1695738292637 1.0 636000
1695738355131 1.0 640000
1695738417986 1.0 644000
1695738479943 1.0 648000
1695738542532 1.0 652000
1695738605964 1.0 656000
1695738668240 1.0 660000
1695738731791 1.0 664000
1695738794262 1.0 668000
1695738858605 1.0 672000
1695738921343 1.0 676000
1695738984567 1.0 680000
1695739046803 1.0 684000
1695739110174 1.0 688000
1695739172052 1.0 692000
1695739235579 1.0 696000
1695739297827 1.0 700000
1695739360640 1.0 704000
1695739423330 1.0 708000
1695739488115 1.0 712000
1695739550766 1.0 716000
1695739613402 1.0 720000
1695739676098 1.0 724000
1695739737887 1.0 728000
1695739800575 1.0 732000
1695739862810 1.0 736000
1695739925952 1.0 740000
1695739987799 1.0 744000
1695740051695 1.0 748000
1695740114513 1.0 752000
1695740177727 1.0 756000
1695740240200 1.0 760000
1695740302069 1.0 764000
1695740363656 1.0 768000
1695740426136 1.0 772000
1695740488972 1.0 776000
1695740550807 1.0 780000
1695740613509 1.0 784000
1695740676132 1.0 788000
1695740739888 1.0 792000
1695740801798 1.0 796000
1695740865057 1.0 800000
1695740927279 1.0 804000
1695740989509 1.0 808000
1695741052848 1.0 812000
1695741116493 1.0 816000
1695741179226 1.0 820000
1695741242141 1.0 824000
1695741305242 1.0 828000
1695741368564 1.0 832000
1695741432810 1.0 836000
1695741500844 1.0 840000
1695741566882 1.0 844000
1695741631832 1.0 848000
1695741707479 1.0 852000
1695741770294 1.0 856000
1695741834373 1.0 860000
1695741896375 1.0 864000
1695741958517 1.0 868000
1695742020764 1.0 872000
1695742083914 1.0 876000
1695742146582 1.0 880000
1695742211701 1.0 884000
1695742275940 1.0 888000
1695742341683 1.0 892000
1695742413720 1.0 896000
1695742482023 1.0 900000
1695742548327 1.0 904000
1695742610791 1.0 908000
1695742672903 1.0 912000
1695742735193 1.0 916000
1695742798500 1.0 920000
1695742861594 1.0 924000
1695742924188 1.0 928000
1695742986420 1.0 932000
1695743049725 1.0 936000
1695743112009 1.0 940000
1695743175980 1.0 944000
1695743237939 1.0 948000
1695743299848 1.0 952000
1695743362047 1.0 956000
1695743425341 1.0 960000
1695743487817 1.0 964000
1695743552203 1.0 968000
1695743614354 1.0 972000
1695743677540 1.0 976000
1695743740589 1.0 980000
1695743804866 1.0 984000
1695743867047 1.0 988000
1695743930159 1.0 992000
1695743991793 1.0 996000
1695744055128 1.0 1000000
