1695731492018 0.0 244000
1695731555390 0.0 248000
1695731627019 0.0 252000
1695731694029 0.0 256000
1695731770476 0.0 260000
1695731847919 0.0 264000
1695731929354 0.0 268000
1695732007587 0.0 272000
1695732085682 0.0 276000
1695732161638 0.0 280000
1695732229872 0.0 284000
1695732296306 0.0 288000
1695732365418 0.0 292000
1695732431752 0.0 296000
1695732499328 0.0 300000
1695732565226 0.0 304000
1695732635497 0.0 308000
1695732703110 0.0 312000
1695732772429 0.0 316000
1695732841616 0.0 320000
1695732910274 0.0 324000
1695732988744 0.0 328000
1695733057809 0.0 332000
1695733127251 0.0 336000
1695733197245 0.0 340000
1695733266960 0.0 344000
1695733337791 0.0 348000
1695733406301 0.0 352000
1695733475141 0.0 356000
1695733547210 0.0 360000
1695733617773 0.0 364000
1695733686267 0.0 368000
1695733756244 0.0 372000
1695733824476 0.0 376000
1695733894987 0.0 380000
1695733964310 0.0 384000
1695734035325 0.0 388000
1695734104292 0.0 392000
1695734175721 0.0 396000
1695734244766 0.0 400000
1695734315793 0.0 404000
1695734384707 0.0 408000
1695734453481 0.0 412000
1695734520772 0.0 416000
1695734588477 0.0 420000
1695734658430 0.0 424000
1695734728096 0.0 428000
1695734796980 0.0 432000
1695734870356 0.0 436000
1695734945863 0.0 440000
1695735017182 0.0 444000
1695735086462 0.0 448000
1695735161787 0.0 452000
1695735232028 0.0 456000
1695735305980 0.0 460000
1695735382242 0.0 464000
1695735453229 0.0 468000
1695735524448 0.0 472000
1695735599239 0.0 476000
1695735678745 0.0 480000
1695735759869 0.0 484000
1695735842433 0.0 488000
1695735925871 0.0 492000
1695736013539 0.0 496000
1695736097384 0.0 500000
1695736173702 0.0 504000
1695736248982 0.0 508000
1695736320680 0.0 512000
1695736388236 0.0 516000
1695736454374 0.0 520000
1695736520702 0.0 524000
1695736587132 0.0 528000
1695736651767 0.0 532000
1695736716199 0.0 536000
1695736779546 0.0 540000
1695736842265 0.0 544000
1695736905466 0.0 548000
1695736968527 0.0 552000
1695737032228 0.0 556000
1695737094138 0.0 560000
1695737158046 0.0 564000
1695737219717 0.0 568000
1695737282039 0.0 572000
1695737344713 0.0 576000
1695737412049 0.0 580000
1695737478323 0.0 584000
1695737541992 0.0 588000
1695737604433 0.0 592000
1695737666516 0.0 596000
1695737728723 0.0 600000
1695737791649 0.0 604000
1695737853605 0.0 608000
1695737916292 0.0 612000
1695737978669 0.0 616000
1695738041307 0.0 620000
1695738103567 0.0 624000
1695738167395 0.0 628000
1695738230070 0.0 632000
1695738292622 0.0 636000
1695738355116 0.0 640000
1695738417971 0.0 644000
1695738479929 0.0 648000
1695738542516 0.0 652000
1695738605950 0.0 656000
1695738668226 0.0 660000
1695738731776 0.0 664000
1695738794247 0.0 668000
1695738858588 0.0 672000
1695738921329 0.0 676000
1695738984548 0.0 680000
1695739046788 0.0 684000
1695739110159 0.0 688000
1695739172037 0.0 692000
1695739235564 0.0 696000
1695739297812 0.0 700000
1695739360625 0.0 704000
1695739423313 0.0 708000
1695739488101 0.0 712000
1695739550752 0.0 716000
1695739613386 0.0 720000
1695739676082 0.0 724000
1695739737872 0.0 728000
1695739800559 0.0 732000
1695739862795 0.0 736000
1695739925938 0.0 740000
1695739987784 0.0 744000
1695740051680 0.0 748000
1695740114497 0.0 752000
1695740177713 0.0 756000
1695740240184 0.0 760000
1695740302053 0.0 764000
1695740363640 0.0 768000
1695740426122 0.0 772000
1695740488958 0.0 776000
1695740550792 0.0 780000
1695740613495 0.0 784000
1695740676118 0.0 788000
1695740739874 0.0 792000
1695740801782 0.0 796000
1695740865042 0.0 800000
1695740927262 0.0 804000
1695740989494 0.0 808000
1695741052833 0.0 812000
1695741116479 0.0 816000
1695741179212 0.0 820000
1695741242125 0.0 824000
1695741305228 0.0 828000
1695741368549 0.0 832000
1695741432793 0.0 836000
1695741500828 0.0 840000
1695741566866 0.0 844000
1695741631816 0.0 848000
1695741707464 0.0 852000
1695741770279 0.0 856000
1695741834357 0.0 860000
1695741896356 0.0 864000
1695741958502 0.0 868000
1695742020750 0.0 872000
1695742083900 0.0 876000
1695742146568 0.0 880000
1695742211686 0.0 884000
1695742275924 0.0 888000
1695742341668 0.0 892000
1695742413701 0.0 896000
1695742482008 0.0 900000
1695742548313 0.0 904000
1695742610776 0.0 908000
1695742672889 0.0 912000
1695742735179 0.0 916000
1695742798485 0.0 920000
1695742861579 0.0 924000
1695742924173 0.0 928000
1695742986404 0.0 932000
1695743049711 0.0 936000
1695743111994 0.0 940000
1695743175965 0.0 944000
1695743237925 0.0 948000
1695743299834 0.0 952000
1695743362031 0.0 956000
1695743425327 0.0 960000
1695743487802 0.0 964000
1695743552188 0.0 968000
1695743614340 0.0 972000
1695743677526 0.0 976000
1695743740574 0.0 980000
1695743804850 0.0 984000
1695743867031 0.0 988000
1695743930145 0.0 992000
1695743991779 0.0 996000
1695744055113 0.0 1000000
