1695731492035 0.0 244000
1695731555410 0.0 248000
1695731627036 0.0 252000
1695731694048 0.0 256000
1695731770497 0.0 260000
1695731847941 0.0 264000
1695731929374 0.0 268000
1695732007608 0.0 272000
1695732085704 0.0 276000
1695732161655 0.0 280000
1695732229889 0.0 284000
1695732296323 0.0 288000
1695732365436 0.0 292000
1695732431769 0.0 296000
1695732499345 0.0 300000
1695732565244 0.0 304000
1695732635516 0.0 308000
1695732703129 0.0 312000
1695732772447 0.0 316000
1695732841633 0.0 320000
1695732910290 0.0 324000
1695732988764 0.0 328000
1695733057826 0.0 332000
1695733127268 0.0 336000
1695733197263 0.0 340000
1695733266979 0.0 344000
1695733337812 0.0 348000
1695733406318 0.0 352000
1695733475159 0.0 356000
1695733547229 0.0 360000
1695733617790 0.0 364000
1695733686286 0.0 368000
1695733756262 0.0 372000
1695733824493 0.0 376000
1695733895004 0.0 380000
1695733964327 0.0 384000
1695734035345 0.0 388000
1695734104310 0.0 392000
1695734175739 0.0 396000
1695734244786 0.0 400000
1695734315812 0.0 404000
1695734384725 0.0 408000
1695734453498 0.0 412000
1695734520789 0.0 416000
1695734588495 0.0 420000
1695734658448 0.0 424000
1695734728113 0.0 428000
1695734796997 0.0 432000
1695734870375 0.0 436000
1695734945880 0.0 440000
1695735017201 0.0 444000
1695735086481 0.0 448000
1695735161805 0.0 452000
1695735232045 0.0 456000
1695735305999 0.0 460000
1695735382265 0.0 464000
1695735453248 0.0 468000
1695735524465 0.0 472000
1695735599259 0.0 476000
1695735678765 0.0 480000
1695735759889 0.0 484000
1695735842452 0.0 488000
1695735925892 0.0 492000
1695736013560 0.0 496000
1695736097404 0.0 500000
1695736173721 0.0 504000
1695736249005 0.0 508000
1695736320700 0.0 512000
1695736388252 0.0 516000
1695736454389 0.0 520000
1695736520717 0.0 524000
1695736587148 0.0 528000
1695736651783 0.0 532000
1695736716214 0.0 536000
1695736779562 0.0 540000
1695736842281 0.0 544000
1695736905484 0.0 548000
1695736968543 0.0 552000
1695737032244 0.0 556000
1695737094154 0.0 560000
1695737158062 0.0 564000
1695737219734 0.0 568000
1695737282058 0.0 572000
1695737344729 0.0 576000
1695737412067 0.0 580000
1695737478340 0.0 584000
1695737542008 0.0 588000
1695737604450 0.0 592000
1695737666533 0.0 596000
1695737728741 0.0 600000
1695737791664 0.0 604000
1695737853621 0.0 608000
1695737916308 0.0 612000
1695737978685 0.0 616000
1695738041325 0.0 620000
1695738103585 0.0 624000
1695738167411 0.0 628000
1695738230086 0.0 632000
1695738292639 0.0 636000
1695738355132 0.0 640000
1695738417987 0.0 644000
1695738479945 0.0 648000
1695738542534 0.0 652000
1695738605966 0.0 656000
1695738668242 0.0 660000
1695738731792 0.0 664000
1695738794263 0.0 668000
1695738858606 0.0 672000
1695738921345 0.0 676000
1695738984569 0.0 680000
1695739046804 0.0 684000
1695739110176 0.0 688000
1695739172054 0.0 692000
1695739235581 0.0 696000
1695739297829 0.0 700000
1695739360642 0.0 704000
1695739423332 0.0 708000
1695739488117 0.0 712000
1695739550768 0.0 716000
1695739613404 0.0 720000
1695739676100 0.0 724000
1695739737888 0.0 728000
1695739800576 0.0 732000
1695739862812 0.0 736000
1695739925954 0.0 740000
1695739987801 0.0 744000
1695740051696 0.0 748000
1695740114514 0.0 752000
1695740177729 0.0 756000
1695740240202 0.0 760000
1695740302071 0.0 764000
1695740363658 0.0 768000
1695740426137 0.0 772000
1695740488973 0.0 776000
1695740550808 0.0 780000
1695740613511 0.0 784000
1695740676134 0.0 788000
1695740739890 0.0 792000
1695740801800 0.0 796000
1695740865059 0.0 800000
1695740927280 0.0 804000
1695740989511 0.0 808000
1695741052850 0.0 812000
1695741116494 0.0 816000
1695741179227 0.0 820000
1695741242142 0.0 824000
1695741305244 0.0 828000
1695741368565 0.0 832000
1695741432811 0.0 836000
1695741500846 0.0 840000
1695741566883 0.0 844000
1695741631834 0.0 848000
1695741707481 0.0 852000
1695741770296 0.0 856000
1695741834375 0.0 860000
1695741896376 0.0 864000
1695741958518 0.0 868000
1695742020766 0.0 872000
1695742083916 0.0 876000
1695742146584 0.0 880000
1695742211703 0.0 884000
1695742275942 0.0 888000
1695742341684 0.0 892000
1695742413722 0.0 896000
1695742482024 0.0 900000
1695742548329 0.0 904000
1695742610792 0.0 908000
1695742672905 0.0 912000
1695742735194 0.0 916000
1695742798501 0.0 920000
1695742861595 0.0 924000
1695742924190 0.0 928000
1695742986422 0.0 932000
1695743049726 0.0 936000
1695743112010 0.0 940000
1695743175982 0.0 944000
1695743237941 0.0 948000
1695743299849 0.0 952000
1695743362048 0.0 956000
1695743425343 0.0 960000
1695743487819 0.0 964000
1695743552204 0.0 968000
1695743614356 0.0 972000
1695743677541 0.0 976000
1695743740590 0.0 980000
1695743804868 0.0 984000
1695743867049 0.0 988000
1695743930161 0.0 992000
1695743991794 0.0 996000
1695744055130 0.0 1000000
