1695731492023 0.0 244000
1695731555396 0.0 248000
1695731627024 0.0 252000
1695731694034 0.0 256000
1695731770481 0.0 260000
1695731847925 0.0 264000
1695731929359 0.0 268000
1695732007593 0.0 272000
1695732085688 0.0 276000
1695732161643 0.0 280000
1695732229877 0.0 284000
1695732296310 0.0 288000
1695732365423 0.0 292000
1695732431757 0.0 296000
1695732499332 0.0 300000
1695732565231 0.0 304000
1695732635502 0.0 308000
1695732703115 0.0 312000
1695732772434 0.0 316000
1695732841621 0.0 320000
1695732910278 0.0 324000
1695732988750 0.0 328000
1695733057814 0.0 332000
1695733127255 0.0 336000
1695733197250 0.0 340000
1695733266966 0.0 344000
1695733337797 0.0 348000
1695733406306 0.0 352000
1695733475146 0.0 356000
1695733547215 0.0 360000
1695733617778 0.0 364000
1695733686272 0.0 368000
1695733756249 0.0 372000
1695733824481 0.0 376000
1695733894991 0.0 380000
1695733964315 0.0 384000
1695734035331 0.0 388000
1695734104297 0.0 392000
1695734175726 0.0 396000
1695734244772 0.0 400000
1695734315799 0.0 404000
1695734384712 0.0 408000
1695734453485 0.0 412000
1695734520776 0.0 416000
1695734588482 0.0 420000
1695734658435 0.0 424000
1695734728100 0.0 428000
1695734796984 0.0 432000
1695734870361 0.0 436000
1695734945868 0.0 440000
1695735017187 0.0 444000
1695735086468 0.0 448000
1695735161792 0.0 452000
1695735232032 0.0 456000
1695735305985 0.0 460000
1695735382250 0.0 464000
1695735453234 0.0 468000
1695735524453 0.0 472000
1695735599244 0.0 476000
1695735678751 0.0 480000
1695735759874 0.0 484000
1695735842438 0.0 488000
1695735925877 0.0 492000
1695736013545 0.0 496000
1695736097389 0.0 500000
1695736173707 0.0 504000
1695736248989 0.0 508000
1695736320685 0.0 512000
1695736388240 0.0 516000
1695736454378 0.0 520000
1695736520706 0.0 524000
1695736587137 0.0 528000
1695736651772 0.0 532000
1695736716203 0.0 536000
1695736779550 0.0 540000
1695736842269 0.0 544000
1695736905471 0.0 548000
1695736968531 0.0 552000
1695737032232 0.0 556000
1695737094142 0.0 560000
1695737158050 0.0 564000
1695737219722 0.0 568000
1695737282045 0.0 572000
1695737344717 0.0 576000
1695737412054 0.0 580000
1695737478327 0.0 584000
1695737541996 0.0 588000
1695737604438 0.0 592000
1695737666521 0.0 596000
1695737728727 0.0 600000
1695737791653 0.0 604000
1695737853610 0.0 608000
1695737916296 0.0 612000
1695737978674 0.0 616000
1695738041312 0.0 620000
1695738103572 0.0 624000
1695738167399 0.0 628000
1695738230074 0.0 632000
1695738292627 0.0 636000
1695738355120 0.0 640000
1695738417975 0.0 644000
1695738479933 0.0 648000
1695738542521 0.0 652000
1695738605954 0.0 656000
1695738668230 0.0 660000
1695738731781 0.0 664000
1695738794251 0.0 668000
1695738858593 0.0 672000
1695738921333 0.0 676000
1695738984553 0.0 680000
1695739046792 0.0 684000
1695739110164 0.0 688000
1695739172042 0.0 692000
1695739235569 0.0 696000
1695739297818 0.0 700000
1695739360629 0.0 704000
1695739423318 0.0 708000
1695739488105 0.0 712000
1695739550756 0.0 716000
1695739613391 0.0 720000
1695739676086 0.0 724000
1695739737877 0.0 728000
1695739800564 0.0 732000
1695739862800 0.0 736000
1695739925942 0.0 740000
1695739987789 0.0 744000
1695740051685 0.0 748000
1695740114502 0.0 752000
1695740177718 0.0 756000
1695740240189 0.0 760000
1695740302058 0.0 764000
1695740363645 0.0 768000
1695740426126 0.0 772000
1695740488962 0.0 776000
1695740550797 0.0 780000
1695740613499 0.0 784000
1695740676122 0.0 788000
1695740739878 0.0 792000
1695740801787 0.0 796000
1695740865047 0.0 800000
1695740927267 0.0 804000
1695740989499 0.0 808000
1695741052837 0.0 812000
1695741116483 0.0 816000
1695741179216 0.0 820000
1695741242129 0.0 824000
1695741305232 0.0 828000
1695741368553 0.0 832000
1695741432798 0.0 836000
1695741500833 0.0 840000
1695741566871 0.0 844000
1695741631821 0.0 848000
1695741707469 0.0 852000
1695741770284 0.0 856000
1695741834362 0.0 860000
1695741896361 0.0 864000
1695741958506 0.0 868000
1695742020754 0.0 872000
1695742083904 0.0 876000
1695742146572 0.0 880000
1695742211691 0.0 884000
1695742275929 0.0 888000
1695742341672 0.0 892000
1695742413707 0.0 896000
1695742482012 0.0 900000
1695742548318 0.0 904000
1695742610780 0.0 908000
1695742672893 0.0 912000
1695742735183 0.0 916000
1695742798489 0.0 920000
1695742861584 0.0 924000
1695742924177 0.0 928000
1695742986409 0.0 932000
1695743049715 0.0 936000
1695743111999 0.0 940000
1695743175969 0.0 944000
1695743237930 0.0 948000
1695743299838 0.0 952000
1695743362035 0.0 956000
1695743425331 0.0 960000
1695743487806 0.0 964000
1695743552193 0.0 968000
1695743614344 0.0 972000
1695743677530 0.0 976000
1695743740578 0.0 980000
1695743804855 0.0 984000
1695743867036 0.0 988000
1695743930149 0.0 992000
1695743991783 0.0 996000
1695744055118 0.0 1000000
