1695731492037 -1.0 244000
1695731555412 -1.0 248000
1695731627039 -1.0 252000
1695731694051 -1.0 256000
1695731770499 -1.0 260000
1695731847944 -1.0 264000
1695731929377 -1.0 268000
1695732007611 -1.0 272000
1695732085707 -1.0 276000
1695732161657 -1.0 280000
1695732229892 -1.0 284000
1695732296325 -1.0 288000
1695732365438 -1.0 292000
1695732431772 -1.0 296000
1695732499347 -1.0 300000
1695732565246 -1.0 304000
1695732635519 -1.0 308000
1695732703132 -1.0 312000
1695732772449 -1.0 316000
1695732841635 -1.0 320000
1695732910293 -1.0 324000
1695732988767 -1.0 328000
1695733057829 -1.0 332000
1695733127270 -1.0 336000
1695733197266 -1.0 340000
1695733266982 -1.0 344000
1695733337815 -1.0 348000
1695733406320 -1.0 352000
1695733475162 -1.0 356000
1695733547231 -1.0 360000
1695733617793 -1.0 364000
1695733686289 -1.0 368000
1695733756264 -1.0 372000
1695733824495 -1.0 376000
1695733895007 -1.0 380000
1695733964329 -1.0 384000
1695734035347 -1.0 388000
1695734104312 -1.0 392000
1695734175741 -1.0 396000
1695734244788 -1.0 400000
1695734315814 -1.0 404000
1695734384728 -1.0 408000
1695734453501 -1.0 412000
1695734520791 -1.0 416000
1695734588498 -1.0 420000
1695734658450 -1.0 424000
1695734728115 -1.0 428000
1695734796999 -1.0 432000
1695734870378 -1.0 436000
1695734945883 -1.0 440000
1695735017204 -1.0 444000
1695735086483 -1.0 448000
1695735161807 -1.0 452000
1695735232047 -1.0 456000
1695735306001 -1.0 460000
1695735382268 -1.0 464000
1695735453250 -1.0 468000
1695735524467 -1.0 472000
1695735599262 -1.0 476000
1695735678768 -1.0 480000
1695735759891 -1.0 484000
1695735842455 -1.0 488000
1695735925896 -1.0 492000
1695736013563 -1.0 496000
1695736097406 -1.0 500000
1695736173723 -1.0 504000
1695736249008 -1.0 508000
1695736320703 -1.0 512000
1695736388254 -1.0 516000
1695736454391 -1.0 520000
1695736520719 -1.0 524000
1695736587151 -1.0 528000
1695736651785 -1.0 532000
1695736716216 -1.0 536000
1695736779565 -1.0 540000
1695736842283 -1.0 544000
1695736905486 -1.0 548000
1695736968545 -1.0 552000
1695737032246 -1.0 556000
1695737094156 -1.0 560000
1695737158064 -1.0 564000
1695737219736 -1.0 568000
1695737282060 -1.0 572000
1695737344731 -1.0 576000
1695737412069 -1.0 580000
1695737478342 -1.0 584000
1695737542011 -1.0 588000
1695737604452 -1.0 592000
1695737666535 -1.0 596000
1695737728743 -1.0 600000
1695737791667 -1.0 604000
1695737853623 -1.0 608000
1695737916310 -1.0 612000
1695737978688 -1.0 616000
1695738041327 -1.0 620000
1695738103588 -1.0 624000
1695738167413 -1.0 628000
1695738230088 -1.0 632000
1695738292641 -1.0 636000
1695738355134 -1.0 640000
1695738417989 -1.0 644000
1695738479947 -1.0 648000
1695738542536 -1.0 652000
1695738605968 -1.0 656000
1695738668244 -1.0 660000
1695738731794 -1.0 664000
1695738794265 -1.0 668000
1695738858608 -1.0 672000
1695738921347 -1.0 676000
1695738984571 -1.0 680000
1695739046806 -1.0 684000
1695739110178 -1.0 688000
1695739172056 -1.0 692000
1695739235583 -1.0 696000
1695739297831 -1.0 700000
1695739360645 -1.0 704000
1695739423334 -1.0 708000
1695739488119 -1.0 712000
1695739550770 -1.0 716000
1695739613406 -1.0 720000
1695739676102 -1.0 724000
1695739737891 -1.0 728000
1695739800579 -1.0 732000
1695739862815 -1.0 736000
1695739925956 -1.0 740000
1695739987803 -1.0 744000
1695740051698 -1.0 748000
1695740114516 -1.0 752000
1695740177731 -1.0 756000
1695740240205 -1.0 760000
1695740302074 -1.0 764000
1695740363660 -1.0 768000
1695740426139 -1.0 772000
1695740488975 -1.0 776000
1695740550810 -1.0 780000
1695740613513 -1.0 784000
1695740676136 -1.0 788000
1695740739892 -1.0 792000
1695740801802 -1.0 796000
1695740865061 -1.0 800000
1695740927283 -1.0 804000
1695740989513 -1.0 808000
1695741052852 -1.0 812000
1695741116496 -1.0 816000
1695741179229 -1.0 820000
1695741242145 -1.0 824000
1695741305246 -1.0 828000
1695741368568 -1.0 832000
1695741432814 -1.0 836000
1695741500849 -1.0 840000
1695741566886 -1.0 844000
1695741631836 -1.0 848000
1695741707483 -1.0 852000
1695741770298 -1.0 856000
1695741834377 -1.0 860000
1695741896379 -1.0 864000
1695741958520 -1.0 868000
1695742020768 -1.0 872000
1695742083920 -1.0 876000
1695742146586 -1.0 880000
1695742211705 -1.0 884000
1695742275944 -1.0 888000
1695742341687 -1.0 892000
1695742413725 -1.0 896000
1695742482027 -1.0 900000
1695742548331 -1.0 904000
1695742610795 -1.0 908000
1695742672907 -1.0 912000
1695742735197 -1.0 916000
1695742798504 -1.0 920000
1695742861598 -1.0 924000
1695742924192 -1.0 928000
1695742986424 -1.0 932000
1695743049728 -1.0 936000
1695743112012 -1.0 940000
1695743175984 -1.0 944000
1695743237943 -1.0 948000
1695743299851 -1.0 952000
1695743362051 -1.0 956000
1695743425345 -1.0 960000
1695743487821 -1.0 964000
1695743552206 -1.0 968000
1695743614358 -1.0 972000
1695743677543 -1.0 976000
1695743740593 -1.0 980000
1695743804870 -1.0 984000
1695743867051 -1.0 988000
1695743930163 -1.0 992000
1695743991796 -1.0 996000
1695744055132 -1.0 1000000
