1695731492022 256.0 244000
1695731555395 256.0 248000
1695731627023 256.0 252000
1695731694033 256.0 256000
1695731770480 256.0 260000
1695731847924 256.0 264000
1695731929359 256.0 268000
1695732007592 256.0 272000
1695732085687 256.0 276000
1695732161642 256.0 280000
1695732229876 256.0 284000
1695732296309 256.0 288000
1695732365422 256.0 292000
1695732431756 256.0 296000
1695732499331 256.0 300000
1695732565230 256.0 304000
1695732635502 256.0 308000
1695732703115 256.0 312000
1695732772433 256.0 316000
1695732841620 256.0 320000
1695732910277 256.0 324000
1695732988749 256.0 328000
1695733057813 256.0 332000
1695733127255 256.0 336000
1695733197249 256.0 340000
1695733266965 256.0 344000
1695733337796 256.0 348000
1695733406305 256.0 352000
1695733475145 256.0 356000
1695733547214 256.0 360000
1695733617777 256.0 364000
1695733686272 256.0 368000
1695733756248 256.0 372000
1695733824480 256.0 376000
1695733894991 256.0 380000
1695733964314 256.0 384000
1695734035330 256.0 388000
1695734104296 256.0 392000
1695734175725 256.0 396000
1695734244771 256.0 400000
1695734315798 256.0 404000
1695734384711 256.0 408000
1695734453485 256.0 412000
1695734520775 256.0 416000
1695734588482 256.0 420000
1695734658434 256.0 424000
1695734728100 256.0 428000
1695734796983 256.0 432000
1695734870360 256.0 436000
1695734945867 256.0 440000
1695735017186 256.0 444000
1695735086467 256.0 448000
1695735161791 256.0 452000
1695735232032 256.0 456000
1695735305985 256.0 460000
1695735382249 256.0 464000
1695735453234 256.0 468000
1695735524452 256.0 472000
1695735599244 256.0 476000
1695735678750 256.0 480000
1695735759873 256.0 484000
1695735842437 256.0 488000
1695735925876 256.0 492000
1695736013544 256.0 496000
1695736097388 256.0 500000
1695736173706 256.0 504000
1695736248987 256.0 508000
1695736320684 256.0 512000
1695736388240 256.0 516000
1695736454377 256.0 520000
1695736520705 256.0 524000
1695736587136 256.0 528000
1695736651771 256.0 532000
1695736716202 256.0 536000
1695736779550 256.0 540000
1695736842269 256.0 544000
1695736905470 256.0 548000
1695736968531 256.0 552000
1695737032232 256.0 556000
1695737094141 256.0 560000
1695737158050 256.0 564000
1695737219721 256.0 568000
1695737282045 256.0 572000
1695737344717 256.0 576000
1695737412053 256.0 580000
1695737478327 256.0 584000
1695737541995 256.0 588000
1695737604437 256.0 592000
1695737666520 256.0 596000
1695737728727 256.0 600000
1695737791652 256.0 604000
1695737853609 256.0 608000
1695737916296 256.0 612000
1695737978673 256.0 616000
1695738041311 256.0 620000
1695738103571 256.0 624000
1695738167399 256.0 628000
1695738230074 256.0 632000
1695738292626 256.0 636000
1695738355120 256.0 640000
1695738417975 256.0 644000
1695738479932 256.0 648000
1695738542520 256.0 652000
1695738605954 256.0 656000
1695738668230 256.0 660000
1695738731780 256.0 664000
1695738794251 256.0 668000
1695738858592 256.0 672000
1695738921333 256.0 676000
1695738984552 256.0 680000
1695739046791 256.0 684000
1695739110163 256.0 688000
1695739172041 256.0 692000
1695739235568 256.0 696000
1695739297817 256.0 700000
1695739360629 256.0 704000
1695739423317 256.0 708000
1695739488104 256.0 712000
1695739550756 256.0 716000
1695739613390 256.0 720000
1695739676086 256.0 724000
1695739737876 256.0 728000
1695739800563 256.0 732000
1695739862799 256.0 736000
1695739925942 256.0 740000
1695739987788 256.0 744000
1695740051684 256.0 748000
1695740114501 256.0 752000
1695740177717 256.0 756000
1695740240188 256.0 760000
1695740302057 256.0 764000
1695740363644 256.0 768000
1695740426125 256.0 772000
1695740488961 256.0 776000
1695740550796 256.0 780000
1695740613499 256.0 784000
1695740676122 256.0 788000
1695740739877 256.0 792000
1695740801786 256.0 796000
1695740865046 256.0 800000
1695740927266 256.0 804000
1695740989498 256.0 808000
1695741052837 256.0 812000
1695741116483 256.0 816000
1695741179215 256.0 820000
1695741242129 256.0 824000
1695741305231 256.0 828000
1695741368553 256.0 832000
1695741432797 256.0 836000
1695741500832 256.0 840000
1695741566870 256.0 844000
1695741631820 256.0 848000
1695741707468 256.0 852000
1695741770283 256.0 856000
1695741834361 256.0 860000
1695741896360 256.0 864000
1695741958505 256.0 868000
1695742020753 256.0 872000
1695742083903 256.0 876000
1695742146571 256.0 880000
1695742211690 256.0 884000
1695742275928 256.0 888000
1695742341672 256.0 892000
1695742413706 256.0 896000
1695742482011 256.0 900000
1695742548317 256.0 904000
1695742610779 256.0 908000
1695742672893 256.0 912000
1695742735182 256.0 916000
1695742798489 256.0 920000
1695742861583 256.0 924000
1695742924177 256.0 928000
1695742986408 256.0 932000
1695743049714 256.0 936000
1695743111998 256.0 940000
1695743175969 256.0 944000
1695743237929 256.0 948000
1695743299837 256.0 952000
1695743362035 256.0 956000
1695743425330 256.0 960000
1695743487806 256.0 964000
1695743552192 256.0 968000
1695743614343 256.0 972000
1695743677529 256.0 976000
1695743740578 256.0 980000
1695743804854 256.0 984000
1695743867035 256.0 988000
1695743930149 256.0 992000
1695743991783 256.0 996000
1695744055117 256.0 1000000
