1695731492021 20.0 244000
1695731555394 20.0 248000
1695731627022 20.0 252000
1695731694032 20.0 256000
1695731770479 20.0 260000
1695731847923 20.0 264000
1695731929358 20.0 268000
1695732007591 20.0 272000
1695732085686 20.0 276000
1695732161641 20.0 280000
1695732229875 20.0 284000
1695732296309 20.0 288000
1695732365421 20.0 292000
1695732431756 20.0 296000
1695732499331 20.0 300000
1695732565229 20.0 304000
1695732635501 20.0 308000
1695732703114 20.0 312000
1695732772432 20.0 316000
1695732841619 20.0 320000
1695732910277 20.0 324000
1695732988748 20.0 328000
1695733057812 20.0 332000
1695733127254 20.0 336000
1695733197248 20.0 340000
1695733266964 20.0 344000
1695733337795 20.0 348000
1695733406304 20.0 352000
1695733475144 20.0 356000
1695733547213 20.0 360000
1695733617776 20.0 364000
1695733686271 20.0 368000
1695733756248 20.0 372000
1695733824479 20.0 376000
1695733894990 20.0 380000
1695733964313 20.0 384000
1695734035329 20.0 388000
1695734104295 20.0 392000
1695734175724 20.0 396000
1695734244770 20.0 400000
1695734315797 20.0 404000
1695734384710 20.0 408000
1695734453484 20.0 412000
1695734520775 20.0 416000
1695734588481 20.0 420000
1695734658433 20.0 424000
1695734728099 20.0 428000
1695734796983 20.0 432000
1695734870359 20.0 436000
1695734945866 20.0 440000
1695735017185 20.0 444000
1695735086466 20.0 448000
1695735161790 20.0 452000
1695735232031 20.0 456000
1695735305984 20.0 460000
1695735382248 20.0 464000
1695735453233 20.0 468000
1695735524451 20.0 472000
1695735599243 20.0 476000
1695735678749 20.0 480000
1695735759872 20.0 484000
1695735842436 20.0 488000
1695735925875 20.0 492000
1695736013543 20.0 496000
1695736097387 20.0 500000
1695736173705 20.0 504000
1695736248986 20.0 508000
1695736320684 20.0 512000
1695736388239 20.0 516000
1695736454376 20.0 520000
1695736520704 20.0 524000
1695736587135 20.0 528000
1695736651770 20.0 532000
1695736716201 20.0 536000
1695736779549 20.0 540000
1695736842268 20.0 544000
1695736905469 20.0 548000
1695736968530 20.0 552000
1695737032231 20.0 556000
1695737094141 20.0 560000
1695737158049 20.0 564000
1695737219720 20.0 568000
1695737282044 20.0 572000
1695737344716 20.0 576000
1695737412052 20.0 580000
1695737478326 20.0 584000
1695737541995 20.0 588000
1695737604436 20.0 592000
1695737666519 20.0 596000
1695737728726 20.0 600000
1695737791652 20.0 604000
1695737853608 20.0 608000
1695737916295 20.0 612000
1695737978672 20.0 616000
1695738041310 20.0 620000
1695738103570 20.0 624000
1695738167398 20.0 628000
1695738230073 20.0 632000
1695738292625 20.0 636000
1695738355119 20.0 640000
1695738417974 20.0 644000
1695738479932 20.0 648000
1695738542519 20.0 652000
1695738605953 20.0 656000
1695738668229 20.0 660000
1695738731779 20.0 664000
1695738794250 20.0 668000
1695738858591 20.0 672000
1695738921332 20.0 676000
1695738984551 20.0 680000
1695739046791 20.0 684000
1695739110162 20.0 688000
1695739172040 20.0 692000
1695739235567 20.0 696000
1695739297816 20.0 700000
1695739360628 20.0 704000
1695739423317 20.0 708000
1695739488103 20.0 712000
1695739550755 20.0 716000
1695739613389 20.0 720000
1695739676085 20.0 724000
1695739737875 20.0 728000
1695739800562 20.0 732000
1695739862798 20.0 736000
1695739925941 20.0 740000
1695739987787 20.0 744000
1695740051683 20.0 748000
1695740114500 20.0 752000
1695740177716 20.0 756000
1695740240188 20.0 760000
1695740302056 20.0 764000
1695740363643 20.0 768000
1695740426124 20.0 772000
1695740488960 20.0 776000
1695740550795 20.0 780000
1695740613498 20.0 784000
1695740676121 20.0 788000
1695740739876 20.0 792000
1695740801785 20.0 796000
1695740865045 20.0 800000
1695740927265 20.0 804000
1695740989497 20.0 808000
1695741052836 20.0 812000
1695741116482 20.0 816000
1695741179215 20.0 820000
1695741242128 20.0 824000
1695741305231 20.0 828000
1695741368552 20.0 832000
1695741432796 20.0 836000
1695741500831 20.0 840000
1695741566869 20.0 844000
1695741631819 20.0 848000
1695741707467 20.0 852000
1695741770282 20.0 856000
1695741834360 20.0 860000
1695741896359 20.0 864000
1695741958505 20.0 868000
1695742020753 20.0 872000
1695742083903 20.0 876000
1695742146571 20.0 880000
1695742211689 20.0 884000
1695742275927 20.0 888000
1695742341671 20.0 892000
1695742413705 20.0 896000
1695742482011 20.0 900000
1695742548316 20.0 904000
1695742610779 20.0 908000
1695742672892 20.0 912000
1695742735182 20.0 916000
1695742798488 20.0 920000
1695742861582 20.0 924000
1695742924176 20.0 928000
1695742986407 20.0 932000
1695743049713 20.0 936000
1695743111997 20.0 940000
1695743175968 20.0 944000
1695743237928 20.0 948000
1695743299837 20.0 952000
1695743362034 20.0 956000
1695743425330 20.0 960000
1695743487805 20.0 964000
1695743552191 20.0 968000
1695743614343 20.0 972000
1695743677529 20.0 976000
1695743740577 20.0 980000
1695743804853 20.0 984000
1695743867034 20.0 988000
1695743930148 20.0 992000
1695743991782 20.0 996000
1695744055116 20.0 1000000
