1695731492019 0.0 244000
1695731555391 0.0 248000
1695731627020 0.0 252000
1695731694029 0.0 256000
1695731770477 0.0 260000
1695731847920 0.0 264000
1695731929355 0.0 268000
1695732007588 0.0 272000
1695732085683 0.0 276000
1695732161639 0.0 280000
1695732229873 0.0 284000
1695732296306 0.0 288000
1695732365419 0.0 292000
1695732431753 0.0 296000
1695732499328 0.0 300000
1695732565227 0.0 304000
1695732635498 0.0 308000
1695732703111 0.0 312000
1695732772429 0.0 316000
1695732841617 0.0 320000
1695732910274 0.0 324000
1695732988745 0.0 328000
1695733057809 0.0 332000
1695733127252 0.0 336000
1695733197245 0.0 340000
1695733266961 0.0 344000
1695733337792 0.0 348000
1695733406302 0.0 352000
1695733475142 0.0 356000
1695733547211 0.0 360000
1695733617774 0.0 364000
1695733686268 0.0 368000
1695733756245 0.0 372000
1695733824477 0.0 376000
1695733894987 0.0 380000
1695733964310 0.0 384000
1695734035326 0.0 388000
1695734104293 0.0 392000
1695734175722 0.0 396000
1695734244768 0.0 400000
1695734315794 0.0 404000
1695734384708 0.0 408000
1695734453482 0.0 412000
1695734520772 0.0 416000
1695734588478 0.0 420000
1695734658431 0.0 424000
1695734728096 0.0 428000
1695734796980 0.0 432000
1695734870357 0.0 436000
1695734945864 0.0 440000
1695735017183 0.0 444000
1695735086463 0.0 448000
1695735161788 0.0 452000
1695735232028 0.0 456000
1695735305981 0.0 460000
1695735382243 0.0 464000
1695735453230 0.0 468000
1695735524449 0.0 472000
1695735599240 0.0 476000
1695735678746 0.0 480000
1695735759870 0.0 484000
1695735842433 0.0 488000
1695735925872 0.0 492000
1695736013540 0.0 496000
1695736097385 0.0 500000
1695736173703 0.0 504000
1695736248983 0.0 508000
1695736320681 0.0 512000
1695736388237 0.0 516000
1695736454374 0.0 520000
1695736520702 0.0 524000
1695736587133 0.0 528000
1695736651768 0.0 532000
1695736716199 0.0 536000
1695736779547 0.0 540000
1695736842265 0.0 544000
1695736905467 0.0 548000
1695736968528 0.0 552000
1695737032229 0.0 556000
1695737094138 0.0 560000
1695737158046 0.0 564000
1695737219717 0.0 568000
1695737282040 0.0 572000
1695737344714 0.0 576000
1695737412050 0.0 580000
1695737478324 0.0 584000
1695737541993 0.0 588000
1695737604434 0.0 592000
1695737666517 0.0 596000
1695737728724 0.0 600000
1695737791650 0.0 604000
1695737853606 0.0 608000
1695737916293 0.0 612000
1695737978670 0.0 616000
1695738041308 0.0 620000
1695738103567 0.0 624000
1695738167395 0.0 628000
1695738230071 0.0 632000
1695738292623 0.0 636000
1695738355117 0.0 640000
1695738417972 0.0 644000
1695738479930 0.0 648000
1695738542517 0.0 652000
1695738605951 0.0 656000
1695738668227 0.0 660000
1695738731777 0.0 664000
1695738794248 0.0 668000
1695738858589 0.0 672000
1695738921330 0.0 676000
1695738984549 0.0 680000
1695739046789 0.0 684000
1695739110160 0.0 688000
1695739172038 0.0 692000
1695739235565 0.0 696000
1695739297813 0.0 700000
1695739360625 0.0 704000
1695739423314 0.0 708000
1695739488101 0.0 712000
1695739550753 0.0 716000
1695739613387 0.0 720000
1695739676083 0.0 724000
1695739737873 0.0 728000
1695739800560 0.0 732000
1695739862796 0.0 736000
1695739925939 0.0 740000
1695739987785 0.0 744000
1695740051681 0.0 748000
1695740114498 0.0 752000
1695740177714 0.0 756000
1695740240185 0.0 760000
1695740302054 0.0 764000
1695740363641 0.0 768000
1695740426122 0.0 772000
1695740488958 0.0 776000
1695740550793 0.0 780000
1695740613496 0.0 784000
1695740676119 0.0 788000
1695740739874 0.0 792000
1695740801783 0.0 796000
1695740865043 0.0 800000
1695740927263 0.0 804000
1695740989495 0.0 808000
1695741052834 0.0 812000
1695741116480 0.0 816000
1695741179213 0.0 820000
1695741242125 0.0 824000
1695741305229 0.0 828000
1695741368550 0.0 832000
1695741432794 0.0 836000
1695741500829 0.0 840000
1695741566867 0.0 844000
1695741631817 0.0 848000
1695741707464 0.0 852000
1695741770280 0.0 856000
1695741834358 0.0 860000
1695741896357 0.0 864000
1695741958503 0.0 868000
1695742020751 0.0 872000
1695742083901 0.0 876000
1695742146569 0.0 880000
1695742211687 0.0 884000
1695742275925 0.0 888000
1695742341669 0.0 892000
1695742413702 0.0 896000
1695742482008 0.0 900000
1695742548314 0.0 904000
1695742610777 0.0 908000
1695742672890 0.0 912000
1695742735179 0.0 916000
1695742798486 0.0 920000
1695742861580 0.0 924000
1695742924173 0.0 928000
1695742986405 0.0 932000
1695743049711 0.0 936000
1695743111995 0.0 940000
1695743175966 0.0 944000
1695743237926 0.0 948000
1695743299835 0.0 952000
1695743362032 0.0 956000
1695743425328 0.0 960000
1695743487803 0.0 964000
1695743552189 0.0 968000
1695743614341 0.0 972000
1695743677527 0.0 976000
1695743740574 0.0 980000
1695743804851 0.0 984000
1695743867032 0.0 988000
1695743930146 0.0 992000
1695743991780 0.0 996000
1695744055114 0.0 1000000
