1695731492021 0.0 244000
1695731555393 0.0 248000
1695731627022 0.0 252000
1695731694031 0.0 256000
1695731770478 0.0 260000
1695731847922 0.0 264000
1695731929357 0.0 268000
1695732007590 0.0 272000
1695732085685 0.0 276000
1695732161641 0.0 280000
1695732229875 0.0 284000
1695732296308 0.0 288000
1695732365421 0.0 292000
1695732431755 0.0 296000
1695732499330 0.0 300000
1695732565228 0.0 304000
1695732635500 0.0 308000
1695732703113 0.0 312000
1695732772431 0.0 316000
1695732841618 0.0 320000
1695732910276 0.0 324000
1695732988747 0.0 328000
1695733057811 0.0 332000
1695733127253 0.0 336000
1695733197247 0.0 340000
1695733266963 0.0 344000
1695733337794 0.0 348000
1695733406303 0.0 352000
1695733475143 0.0 356000
1695733547212 0.0 360000
1695733617775 0.0 364000
1695733686270 0.0 368000
1695733756247 0.0 372000
1695733824479 0.0 376000
1695733894989 0.0 380000
1695733964312 0.0 384000
1695734035328 0.0 388000
1695734104294 0.0 392000
1695734175723 0.0 396000
1695734244769 0.0 400000
1695734315796 0.0 404000
1695734384709 0.0 408000
1695734453483 0.0 412000
1695734520774 0.0 416000
1695734588480 0.0 420000
1695734658432 0.0 424000
1695734728098 0.0 428000
1695734796982 0.0 432000
1695734870359 0.0 436000
1695734945865 0.0 440000
1695735017184 0.0 444000
1695735086465 0.0 448000
1695735161790 0.0 452000
1695735232030 0.0 456000
1695735305983 0.0 460000
1695735382247 0.0 464000
1695735453232 0.0 468000
1695735524451 0.0 472000
1695735599242 0.0 476000
1695735678748 0.0 480000
1695735759872 0.0 484000
1695735842435 0.0 488000
1695735925874 0.0 492000
1695736013542 0.0 496000
1695736097387 0.0 500000
1695736173705 0.0 504000
1695736248985 0.0 508000
1695736320683 0.0 512000
1695736388238 0.0 516000
1695736454376 0.0 520000
1695736520704 0.0 524000
1695736587134 0.0 528000
1695736651769 0.0 532000
1695736716201 0.0 536000
1695736779548 0.0 540000
1695736842267 0.0 544000
1695736905469 0.0 548000
1695736968529 0.0 552000
1695737032230 0.0 556000
1695737094140 0.0 560000
1695737158048 0.0 564000
1695737219719 0.0 568000
1695737282043 0.0 572000
1695737344715 0.0 576000
1695737412052 0.0 580000
1695737478325 0.0 584000
1695737541994 0.0 588000
1695737604436 0.0 592000
1695737666518 0.0 596000
1695737728725 0.0 600000
1695737791651 0.0 604000
1695737853607 0.0 608000
1695737916294 0.0 612000
1695737978671 0.0 616000
1695738041310 0.0 620000
1695738103569 0.0 624000
1695738167397 0.0 628000
1695738230072 0.0 632000
1695738292624 0.0 636000
1695738355118 0.0 640000
1695738417973 0.0 644000
1695738479931 0.0 648000
1695738542519 0.0 652000
1695738605952 0.0 656000
1695738668228 0.0 660000
1695738731778 0.0 664000
1695738794249 0.0 668000
1695738858591 0.0 672000
1695738921331 0.0 676000
1695738984551 0.0 680000
1695739046790 0.0 684000
1695739110162 0.0 688000
1695739172039 0.0 692000
1695739235566 0.0 696000
1695739297815 0.0 700000
1695739360627 0.0 704000
1695739423316 0.0 708000
1695739488103 0.0 712000
1695739550754 0.0 716000
1695739613388 0.0 720000
1695739676084 0.0 724000
1695739737874 0.0 728000
1695739800561 0.0 732000
1695739862798 0.0 736000
1695739925940 0.0 740000
1695739987786 0.0 744000
1695740051682 0.0 748000
1695740114499 0.0 752000
1695740177716 0.0 756000
1695740240187 0.0 760000
1695740302055 0.0 764000
1695740363642 0.0 768000
1695740426124 0.0 772000
1695740488960 0.0 776000
1695740550794 0.0 780000
1695740613497 0.0 784000
1695740676120 0.0 788000
1695740739876 0.0 792000
1695740801785 0.0 796000
1695740865044 0.0 800000
1695740927264 0.0 804000
1695740989496 0.0 808000
1695741052835 0.0 812000
1695741116481 0.0 816000
1695741179214 0.0 820000
1695741242127 0.0 824000
1695741305230 0.0 828000
1695741368551 0.0 832000
1695741432796 0.0 836000
1695741500830 0.0 840000
1695741566868 0.0 844000
1695741631819 0.0 848000
1695741707466 0.0 852000
1695741770281 0.0 856000
1695741834360 0.0 860000
1695741896358 0.0 864000
1695741958504 0.0 868000
1695742020752 0.0 872000
1695742083902 0.0 876000
1695742146570 0.0 880000
1695742211689 0.0 884000
1695742275927 0.0 888000
1695742341670 0.0 892000
1695742413704 0.0 896000
1695742482010 0.0 900000
1695742548315 0.0 904000
1695742610778 0.0 908000
1695742672891 0.0 912000
1695742735181 0.0 916000
1695742798487 0.0 920000
1695742861582 0.0 924000
1695742924175 0.0 928000
1695742986406 0.0 932000
1695743049713 0.0 936000
1695743111996 0.0 940000
1695743175967 0.0 944000
1695743237928 0.0 948000
1695743299836 0.0 952000
1695743362033 0.0 956000
1695743425329 0.0 960000
1695743487804 0.0 964000
1695743552190 0.0 968000
1695743614342 0.0 972000
1695743677528 0.0 976000
1695743740576 0.0 980000
1695743804853 0.0 984000
1695743867033 0.0 988000
1695743930147 0.0 992000
1695743991781 0.0 996000
1695744055116 0.0 1000000
