1695731492020 0.0 244000
1695731555392 0.0 248000
1695731627021 0.0 252000
1695731694030 0.0 256000
1695731770478 0.0 260000
1695731847921 0.0 264000
1695731929356 0.0 268000
1695732007589 0.0 272000
1695732085684 0.0 276000
1695732161640 0.0 280000
1695732229874 0.0 284000
1695732296307 0.0 288000
1695732365420 0.0 292000
1695732431754 0.0 296000
1695732499329 0.0 300000
1695732565228 0.0 304000
1695732635499 0.0 308000
1695732703112 0.0 312000
1695732772430 0.0 316000
1695732841618 0.0 320000
1695732910275 0.0 324000
1695732988746 0.0 328000
1695733057810 0.0 332000
1695733127253 0.0 336000
1695733197246 0.0 340000
1695733266962 0.0 344000
1695733337793 0.0 348000
1695733406303 0.0 352000
1695733475142 0.0 356000
1695733547211 0.0 360000
1695733617775 0.0 364000
1695733686269 0.0 368000
1695733756246 0.0 372000
1695733824478 0.0 376000
1695733894988 0.0 380000
1695733964311 0.0 384000
1695734035327 0.0 388000
1695734104293 0.0 392000
1695734175722 0.0 396000
1695734244768 0.0 400000
1695734315795 0.0 404000
1695734384708 0.0 408000
1695734453482 0.0 412000
1695734520773 0.0 416000
1695734588479 0.0 420000
1695734658431 0.0 424000
1695734728097 0.0 428000
1695734796981 0.0 432000
1695734870358 0.0 436000
1695734945864 0.0 440000
1695735017183 0.0 444000
1695735086464 0.0 448000
1695735161789 0.0 452000
1695735232029 0.0 456000
1695735305982 0.0 460000
1695735382245 0.0 464000
1695735453231 0.0 468000
1695735524450 0.0 472000
1695735599241 0.0 476000
1695735678747 0.0 480000
1695735759871 0.0 484000
1695735842434 0.0 488000
1695735925873 0.0 492000
1695736013541 0.0 496000
1695736097386 0.0 500000
1695736173704 0.0 504000
1695736248984 0.0 508000
1695736320682 0.0 512000
1695736388238 0.0 516000
1695736454375 0.0 520000
1695736520703 0.0 524000
1695736587133 0.0 528000
1695736651769 0.0 532000
1695736716200 0.0 536000
1695736779548 0.0 540000
1695736842266 0.0 544000
1695736905468 0.0 548000
1695736968528 0.0 552000
1695737032229 0.0 556000
1695737094139 0.0 560000
1695737158047 0.0 564000
1695737219718 0.0 568000
1695737282042 0.0 572000
1695737344715 0.0 576000
1695737412051 0.0 580000
1695737478324 0.0 584000
1695737541993 0.0 588000
1695737604435 0.0 592000
1695737666518 0.0 596000
1695737728724 0.0 600000
1695737791650 0.0 604000
1695737853607 0.0 608000
1695737916294 0.0 612000
1695737978670 0.0 616000
1695738041309 0.0 620000
1695738103568 0.0 624000
1695738167396 0.0 628000
1695738230072 0.0 632000
1695738292624 0.0 636000
1695738355117 0.0 640000
1695738417972 0.0 644000
1695738479930 0.0 648000
1695738542518 0.0 652000
1695738605952 0.0 656000
1695738668227 0.0 660000
1695738731777 0.0 664000
1695738794248 0.0 668000
1695738858590 0.0 672000
1695738921331 0.0 676000
1695738984550 0.0 680000
1695739046789 0.0 684000
1695739110161 0.0 688000
1695739172039 0.0 692000
1695739235566 0.0 696000
1695739297814 0.0 700000
1695739360626 0.0 704000
1695739423315 0.0 708000
1695739488102 0.0 712000
1695739550753 0.0 716000
1695739613387 0.0 720000
1695739676083 0.0 724000
1695739737874 0.0 728000
1695739800561 0.0 732000
1695739862797 0.0 736000
1695739925939 0.0 740000
1695739987786 0.0 744000
1695740051682 0.0 748000
1695740114499 0.0 752000
1695740177715 0.0 756000
1695740240186 0.0 760000
1695740302055 0.0 764000
1695740363641 0.0 768000
1695740426123 0.0 772000
1695740488959 0.0 776000
1695740550794 0.0 780000
1695740613497 0.0 784000
1695740676120 0.0 788000
1695740739875 0.0 792000
1695740801784 0.0 796000
1695740865044 0.0 800000
1695740927264 0.0 804000
1695740989496 0.0 808000
1695741052835 0.0 812000
1695741116480 0.0 816000
1695741179213 0.0 820000
1695741242126 0.0 824000
1695741305229 0.0 828000
1695741368550 0.0 832000
1695741432795 0.0 836000
1695741500829 0.0 840000
1695741566868 0.0 844000
1695741631818 0.0 848000
1695741707465 0.0 852000
1695741770281 0.0 856000
1695741834359 0.0 860000
1695741896358 0.0 864000
1695741958503 0.0 868000
1695742020751 0.0 872000
1695742083901 0.0 876000
1695742146569 0.0 880000
1695742211688 0.0 884000
1695742275926 0.0 888000
1695742341669 0.0 892000
1695742413703 0.0 896000
1695742482009 0.0 900000
1695742548315 0.0 904000
1695742610777 0.0 908000
1695742672890 0.0 912000
1695742735180 0.0 916000
1695742798486 0.0 920000
1695742861581 0.0 924000
1695742924174 0.0 928000
1695742986406 0.0 932000
1695743049712 0.0 936000
1695743111995 0.0 940000
1695743175966 0.0 944000
1695743237927 0.0 948000
1695743299835 0.0 952000
1695743362032 0.0 956000
1695743425328 0.0 960000
1695743487804 0.0 964000
1695743552190 0.0 968000
1695743614341 0.0 972000
1695743677527 0.0 976000
1695743740575 0.0 980000
1695743804852 0.0 984000
1695743867033 0.0 988000
1695743930147 0.0 992000
1695743991781 0.0 996000
1695744055115 0.0 1000000
