1695731492035 1.0 244000
1695731555411 1.0 248000
1695731627037 1.0 252000
1695731694049 1.0 256000
1695731770498 1.0 260000
1695731847942 1.0 264000
1695731929375 1.0 268000
1695732007609 1.0 272000
1695732085705 1.0 276000
1695732161655 1.0 280000
1695732229890 1.0 284000
1695732296323 1.0 288000
1695732365437 1.0 292000
1695732431770 1.0 296000
1695732499346 1.0 300000
1695732565244 1.0 304000
1695732635517 1.0 308000
1695732703130 1.0 312000
1695732772447 1.0 316000
1695732841634 1.0 320000
1695732910291 1.0 324000
1695732988765 1.0 328000
1695733057827 1.0 332000
1695733127269 1.0 336000
1695733197264 1.0 340000
1695733266980 1.0 344000
1695733337813 1.0 348000
1695733406319 1.0 352000
1695733475160 1.0 356000
1695733547230 1.0 360000
1695733617791 1.0 364000
1695733686287 1.0 368000
1695733756262 1.0 372000
1695733824494 1.0 376000
1695733895005 1.0 380000
1695733964327 1.0 384000
1695734035346 1.0 388000
1695734104310 1.0 392000
1695734175740 1.0 396000
1695734244787 1.0 400000
1695734315813 1.0 404000
1695734384726 1.0 408000
1695734453499 1.0 412000
1695734520790 1.0 416000
1695734588496 1.0 420000
1695734658449 1.0 424000
1695734728114 1.0 428000
1695734796997 1.0 432000
1695734870376 1.0 436000
1695734945881 1.0 440000
1695735017202 1.0 444000
1695735086482 1.0 448000
1695735161805 1.0 452000
1695735232046 1.0 456000
1695735306000 1.0 460000
1695735382266 1.0 464000
1695735453249 1.0 468000
1695735524466 1.0 472000
1695735599260 1.0 476000
1695735678766 1.0 480000
1695735759890 1.0 484000
1695735842453 1.0 488000
1695735925893 1.0 492000
1695736013561 1.0 496000
1695736097405 1.0 500000
1695736173721 1.0 504000
1695736249006 1.0 508000
1695736320701 1.0 512000
1695736388253 1.0 516000
1695736454390 1.0 520000
1695736520718 1.0 524000
1695736587149 1.0 528000
1695736651784 1.0 532000
1695736716215 1.0 536000
1695736779563 1.0 540000
1695736842282 1.0 544000
1695736905485 1.0 548000
1695736968543 1.0 552000
1695737032245 1.0 556000
1695737094155 1.0 560000
1695737158063 1.0 564000
1695737219734 1.0 568000
1695737282059 1.0 572000
1695737344729 1.0 576000
1695737412067 1.0 580000
1695737478340 1.0 584000
1695737542009 1.0 588000
1695737604450 1.0 592000
1695737666534 1.0 596000
1695737728742 1.0 600000
1695737791665 1.0 604000
1695737853621 1.0 608000
1695737916308 1.0 612000
1695737978686 1.0 616000
1695738041326 1.0 620000
1695738103586 1.0 624000
1695738167411 1.0 628000
1695738230087 1.0 632000
1695738292639 1.0 636000
1695738355133 1.0 640000
1695738417988 1.0 644000
1695738479945 1.0 648000
1695738542534 1.0 652000
1695738605967 1.0 656000
1695738668243 1.0 660000
1695738731793 1.0 664000
1695738794264 1.0 668000
1695738858607 1.0 672000
1695738921346 1.0 676000
1695738984570 1.0 680000
1695739046805 1.0 684000
1695739110176 1.0 688000
1695739172054 1.0 692000
1695739235582 1.0 696000
1695739297829 1.0 700000
1695739360643 1.0 704000
1695739423332 1.0 708000
1695739488117 1.0 712000
1695739550769 1.0 716000
1695739613405 1.0 720000
1695739676100 1.0 724000
1695739737889 1.0 728000
1695739800577 1.0 732000
1695739862813 1.0 736000
1695739925955 1.0 740000
1695739987801 1.0 744000
1695740051697 1.0 748000
1695740114515 1.0 752000
1695740177729 1.0 756000
1695740240203 1.0 760000
1695740302072 1.0 764000
1695740363659 1.0 768000
1695740426138 1.0 772000
1695740488974 1.0 776000
1695740550809 1.0 780000
1695740613512 1.0 784000
1695740676134 1.0 788000
1695740739891 1.0 792000
1695740801800 1.0 796000
1695740865060 1.0 800000
1695740927281 1.0 804000
1695740989512 1.0 808000
1695741052851 1.0 812000
1695741116495 1.0 816000
1695741179228 1.0 820000
1695741242143 1.0 824000
1695741305244 1.0 828000
1695741368566 1.0 832000
1695741432812 1.0 836000
1695741500847 1.0 840000
1695741566884 1.0 844000
1695741631835 1.0 848000
1695741707481 1.0 852000
1695741770297 1.0 856000
1695741834376 1.0 860000
1695741896377 1.0 864000
1695741958519 1.0 868000
1695742020766 1.0 872000
1695742083917 1.0 876000
1695742146584 1.0 880000
1695742211703 1.0 884000
1695742275943 1.0 888000
1695742341685 1.0 892000
1695742413723 1.0 896000
1695742482025 1.0 900000
1695742548329 1.0 904000
1695742610793 1.0 908000
1695742672905 1.0 912000
1695742735195 1.0 916000
1695742798502 1.0 920000
1695742861596 1.0 924000
1695742924190 1.0 928000
1695742986422 1.0 932000
1695743049727 1.0 936000
1695743112011 1.0 940000
1695743175982 1.0 944000
1695743237941 1.0 948000
1695743299850 1.0 952000
1695743362049 1.0 956000
1695743425343 1.0 960000
1695743487820 1.0 964000
1695743552205 1.0 968000
1695743614356 1.0 972000
1695743677542 1.0 976000
1695743740591 1.0 980000
1695743804869 1.0 984000
1695743867049 1.0 988000
1695743930161 1.0 992000
1695743991795 1.0 996000
1695744055130 1.0 1000000
