1695672393968 479.5 4000
1695672462664 479.5 8000
1695672529175 479.5 12000
1695672600052 479.5 16000
1695672672327 479.5 20000
1695672745259 479.5 24000
1695672809644 479.5 28000
1695672873991 479.5 32000
1695672940678 479.5 36000
1695673005212 479.5 40000
1695673074249 479.5 44000
1695673141190 479.5 48000
1695673218485 479.5 52000
1695673294770 479.5 56000
1695673372486 479.5 60000
1695673449710 479.5 64000
1695673533616 479.5 68000
1695673613804 479.5 72000
1695673696596 479.5 76000
1695673782608 479.5 80000
1695673861097 479.5 84000
1695673946043 479.5 88000
1695674026384 479.5 92000
1695674106835 479.5 96000
1695674188577 479.5 100000
1695674272984 479.5 104000
1695674360587 479.5 108000
1695674443007 479.5 112000
1695674524901 479.5 116000
1695674604822 479.5 120000
1695674686356 479.5 124000
1695674761046 479.5 128000
1695674835891 479.5 132000
1695674906011 479.5 136000
1695674983921 479.5 140000
1695675057455 479.5 144000
1695675130813 479.5 148000
1695675201094 479.5 152000
1695675272683 479.5 156000
1695675343614 479.5 160000
1695675414079 479.5 164000
1695675488940 479.5 168000
1695675565018 479.5 172000
1695675636571 479.5 176000
1695675707692 479.5 180000
1695675779536 479.5 184000
1695675846394 479.5 188000
1695675913022 479.5 192000
1695675979145 479.5 196000
1695676044789 479.5 200000
1695676111017 479.5 204000
1695676191635 479.5 208000
1695676270292 479.5 212000
1695676339896 479.5 216000
1695676408559 479.5 220000
1695676480603 479.5 224000
1695676555097 479.5 228000
1695676625530 479.5 232000
1695676704020 479.5 236000
1695676788253 479.5 240000
1695676878049 479.5 244000
1695676967153 479.5 248000
1695677042719 479.5 252000
1695677114906 479.5 256000
1695677195524 479.5 260000
1695677276860 479.5 264000
1695677358246 479.5 268000
1695677440078 479.5 272000
1695677527222 479.5 276000
