1695672393967 480.5 4000
1695672462664 1440.5 8000
1695672529174 2400.5 12000
1695672600051 3360.5 16000
1695672672326 4320.5 20000
1695672745258 5280.5 24000
1695672809644 6240.5 28000
1695672873990 7200.5 32000
1695672940677 8160.5 36000
1695673005211 9120.5 40000
1695673074248 10080.5 44000
1695673141189 11040.5 48000
1695673218484 12000.5 52000
1695673294769 12960.5 56000
1695673372485 13920.5 60000
1695673449709 14880.5 64000
1695673533615 15840.5 68000
1695673613803 16800.5 72000
1695673696595 17760.5 76000
1695673782607 18720.5 80000
1695673861096 19680.5 84000
1695673946042 20640.5 88000
1695674026383 21600.5 92000
1695674106834 22560.5 96000
1695674188576 23520.5 100000
1695674272983 24480.5 104000
1695674360586 25440.5 108000
1695674443006 26400.5 112000
1695674524900 27360.5 116000
1695674604821 28320.5 120000
1695674686355 29280.5 124000
1695674761045 30240.5 128000
1695674835890 31200.5 132000
1695674906010 32160.5 136000
1695674983921 33120.5 140000
1695675057454 34080.5 144000
1695675130812 35040.5 148000
1695675201094 36000.5 152000
1695675272682 36960.5 156000
1695675343613 37920.5 160000
1695675414079 38880.5 164000
1695675488938 39840.5 168000
1695675565018 40800.5 172000
1695675636570 41760.5 176000
1695675707691 42720.5 180000
1695675779535 43680.5 184000
1695675846393 44640.5 188000
1695675913021 45600.5 192000
1695675979144 46560.5 196000
1695676044789 47520.5 200000
1695676111016 48480.5 204000
1695676191635 49440.5 208000
1695676270292 50400.5 212000
1695676339895 51360.5 216000
1695676408559 52320.5 220000
1695676480602 53280.5 224000
1695676555096 54240.5 228000
1695676625530 55200.5 232000
1695676704019 56160.5 236000
1695676788252 57120.5 240000
1695676878047 58080.5 244000
1695676967152 59040.5 248000
1695677042718 60000.5 252000
1695677114906 60960.5 256000
1695677195524 61920.5 260000
1695677276859 62880.5 264000
1695677358245 63840.5 268000
1695677440077 64800.5 272000
1695677527221 65760.5 276000
