1695672393994 0.5 4000
1695672462687 0.5 8000
1695672529199 0.5 12000
1695672600077 0.5 16000
1695672672350 0.5 20000
1695672745281 0.5 24000
1695672809666 0.5 28000
1695672874013 0.5 32000
1695672940700 0.5 36000
1695673005234 0.5 40000
1695673074271 0.5 44000
1695673141211 0.5 48000
1695673218507 0.5 52000
1695673294797 0.5 56000
1695673372512 0.5 60000
1695673449738 0.5 64000
1695673533647 0.5 68000
1695673613831 0.5 72000
1695673696624 0.5 76000
1695673782635 0.5 80000
1695673861125 0.5 84000
1695673946070 0.5 88000
1695674026412 0.5 92000
1695674106862 0.5 96000
1695674188605 0.5 100000
1695674273015 0.5 104000
1695674360616 0.5 108000
1695674443044 0.5 112000
1695674524929 0.5 116000
1695674604858 0.5 120000
1695674686384 0.5 124000
1695674761076 0.5 128000
1695674835920 0.5 132000
1695674906037 0.5 136000
1695674983946 0.5 140000
1695675057478 0.5 144000
1695675130842 0.5 148000
1695675201119 0.5 152000
1695675272705 0.5 156000
1695675343639 0.5 160000
1695675414103 0.5 164000
1695675488979 0.5 168000
1695675565042 0.5 172000
1695675636597 0.5 176000
1695675707716 0.5 180000
1695675779560 0.5 184000
1695675846419 0.5 188000
1695675913044 0.5 192000
1695675979168 0.5 196000
1695676044811 0.5 200000
1695676111040 0.5 204000
1695676191660 0.5 208000
1695676270318 0.5 212000
1695676339919 0.5 216000
1695676408582 0.5 220000
1695676480626 0.5 224000
1695676555122 0.5 228000
1695676625554 0.5 232000
1695676704045 0.5 236000
1695676788279 0.5 240000
1695676878095 0.5 244000
1695676967189 0.5 248000
1695677042743 0.5 252000
1695677114930 0.5 256000
1695677195551 0.5 260000
1695677276894 0.5 264000
1695677358272 0.5 268000
1695677440111 0.5 272000
1695677527247 0.5 276000
