1695672393992 0.0 4000
1695672462685 0.0 8000
1695672529198 0.0 12000
1695672600075 0.0 16000
1695672672349 0.0 20000
1695672745279 0.0 24000
1695672809665 0.0 28000
1695672874011 0.0 32000
1695672940699 0.0 36000
1695673005233 0.0 40000
1695673074269 0.0 44000
1695673141210 0.0 48000
1695673218505 0.0 52000
1695673294795 0.0 56000
1695673372511 0.0 60000
1695673449736 0.0 64000
1695673533645 0.0 68000
1695673613829 0.0 72000
1695673696622 0.0 76000
1695673782634 0.0 80000
1695673861123 0.0 84000
1695673946068 0.0 88000
1695674026410 0.0 92000
1695674106861 0.0 96000
1695674188603 0.0 100000
1695674273013 0.0 104000
1695674360614 0.0 108000
1695674443042 0.0 112000
1695674524927 0.0 116000
1695674604856 0.0 120000
1695674686382 0.0 124000
1695674761074 0.0 128000
1695674835918 0.0 132000
1695674906036 0.0 136000
1695674983944 0.0 140000
1695675057477 0.0 144000
1695675130840 0.0 148000
1695675201117 0.0 152000
1695675272704 0.0 156000
1695675343637 0.0 160000
1695675414102 0.0 164000
1695675488975 0.0 168000
1695675565041 0.0 172000
1695675636595 0.0 176000
1695675707714 0.0 180000
1695675779558 0.0 184000
1695675846417 0.0 188000
1695675913042 0.0 192000
1695675979167 0.0 196000
1695676044809 0.0 200000
1695676111038 0.0 204000
1695676191658 0.0 208000
1695676270317 0.0 212000
1695676339917 0.0 216000
1695676408581 0.0 220000
1695676480624 0.0 224000
1695676555120 0.0 228000
1695676625552 0.0 232000
1695676704044 0.0 236000
1695676788278 0.0 240000
1695676878093 0.0 244000
1695676967186 0.0 248000
1695677042741 0.0 252000
1695677114929 0.0 256000
1695677195549 0.0 260000
1695677276892 0.0 264000
1695677358270 0.0 268000
1695677440110 0.0 272000
1695677527245 0.0 276000
