1695672393995 0.0015 4000
1695672462687 0.0015 8000
1695672529200 0.0015 12000
1695672600078 0.0015 16000
1695672672351 0.0015 20000
1695672745282 0.0015 24000
1695672809667 0.0015 28000
1695672874013 0.0015 32000
1695672940701 0.0015 36000
1695673005235 0.0015 40000
1695673074272 0.0015 44000
1695673141212 0.0015 48000
1695673218507 0.0015 52000
1695673294798 0.0015 56000
1695673372513 0.0015 60000
1695673449739 0.0015 64000
1695673533648 0.0015 68000
1695673613831 0.0015 72000
1695673696625 0.0015 76000
1695673782636 0.0015 80000
1695673861126 0.0015 84000
1695673946071 0.0015 88000
1695674026413 0.0015 92000
1695674106863 0.0015 96000
1695674188605 0.0015 100000
1695674273016 0.0015 104000
1695674360617 0.0015 108000
1695674443045 0.0015 112000
1695674524930 0.0015 116000
1695674604859 0.0015 120000
1695674686385 0.0015 124000
1695674761077 0.0015 128000
1695674835921 0.0015 132000
1695674906038 0.0015 136000
1695674983946 0.0015 140000
1695675057479 0.0015 144000
1695675130843 0.0015 148000
1695675201120 0.0015 152000
1695675272706 0.0015 156000
1695675343639 0.0015 160000
1695675414104 0.0015 164000
1695675488980 0.0015 168000
1695675565043 0.0015 172000
1695675636598 0.0015 176000
1695675707716 0.0015 180000
1695675779561 0.0015 184000
1695675846420 0.0015 188000
1695675913045 0.0015 192000
1695675979169 0.0015 196000
1695676044811 0.0015 200000
1695676111040 0.0015 204000
1695676191661 0.0015 208000
1695676270319 0.0015 212000
1695676339920 0.0015 216000
1695676408583 0.0015 220000
1695676480627 0.0015 224000
1695676555123 0.0015 228000
1695676625555 0.0015 232000
1695676704046 0.0015 236000
1695676788280 0.0015 240000
1695676878096 0.0015 244000
1695676967190 0.0015 248000
1695677042744 0.0015 252000
1695677114931 0.0015 256000
1695677195552 0.0015 260000
1695677276894 0.0015 264000
1695677358273 0.0015 268000
1695677440112 0.0015 272000
1695677527248 0.0015 276000
