1695672393993 0.5 4000
1695672462686 0.5 8000
1695672529199 0.5 12000
1695672600076 0.5 16000
1695672672350 0.5 20000
1695672745280 0.5 24000
1695672809666 0.5 28000
1695672874012 0.5 32000
1695672940700 0.5 36000
1695673005234 0.5 40000
1695673074270 0.5 44000
1695673141210 0.5 48000
1695673218506 0.5 52000
1695673294796 0.5 56000
1695673372512 0.5 60000
1695673449737 0.5 64000
1695673533646 0.5 68000
1695673613830 0.5 72000
1695673696623 0.5 76000
1695673782635 0.5 80000
1695673861124 0.5 84000
1695673946069 0.5 88000
1695674026411 0.5 92000
1695674106862 0.5 96000
1695674188604 0.5 100000
1695674273014 0.5 104000
1695674360615 0.5 108000
1695674443043 0.5 112000
1695674524928 0.5 116000
1695674604857 0.5 120000
1695674686383 0.5 124000
1695674761075 0.5 128000
1695674835919 0.5 132000
1695674906036 0.5 136000
1695674983945 0.5 140000
1695675057478 0.5 144000
1695675130841 0.5 148000
1695675201118 0.5 152000
1695675272704 0.5 156000
1695675343638 0.5 160000
1695675414102 0.5 164000
1695675488977 0.5 168000
1695675565041 0.5 172000
1695675636596 0.5 176000
1695675707715 0.5 180000
1695675779559 0.5 184000
1695675846418 0.5 188000
1695675913043 0.5 192000
1695675979167 0.5 196000
1695676044810 0.5 200000
1695676111039 0.5 204000
1695676191659 0.5 208000
1695676270317 0.5 212000
1695676339918 0.5 216000
1695676408581 0.5 220000
1695676480625 0.5 224000
1695676555121 0.5 228000
1695676625553 0.5 232000
1695676704045 0.5 236000
1695676788279 0.5 240000
1695676878094 0.5 244000
1695676967188 0.5 248000
1695677042742 0.5 252000
1695677114929 0.5 256000
1695677195550 0.5 260000
1695677276893 0.5 264000
1695677358271 0.5 268000
1695677440111 0.5 272000
1695677527246 0.5 276000
