1695672393965 479.5 4000
1695672462662 479.5 8000
1695672529173 479.5 12000
1695672600050 479.5 16000
1695672672324 479.5 20000
1695672745257 479.5 24000
1695672809642 479.5 28000
1695672873989 479.5 32000
1695672940676 479.5 36000
1695673005210 479.5 40000
1695673074247 479.5 44000
1695673141188 479.5 48000
1695673218483 479.5 52000
1695673294767 479.5 56000
1695673372484 479.5 60000
1695673449707 479.5 64000
1695673533613 479.5 68000
1695673613802 479.5 72000
1695673696593 479.5 76000
1695673782606 479.5 80000
1695673861094 479.5 84000
1695673946040 479.5 88000
1695674026381 479.5 92000
1695674106832 479.5 96000
1695674188574 479.5 100000
1695674272981 479.5 104000
1695674360584 479.5 108000
1695674443003 479.5 112000
1695674524898 479.5 116000
1695674604819 479.5 120000
1695674686353 479.5 124000
1695674761044 479.5 128000
1695674835888 479.5 132000
1695674906008 479.5 136000
1695674983919 479.5 140000
1695675057452 479.5 144000
1695675130811 479.5 148000
1695675201092 479.5 152000
1695675272681 479.5 156000
1695675343612 479.5 160000
1695675414077 479.5 164000
1695675488936 479.5 168000
1695675565016 479.5 172000
1695675636569 479.5 176000
1695675707690 479.5 180000
1695675779534 479.5 184000
1695675846392 479.5 188000
1695675913019 479.5 192000
1695675979143 479.5 196000
1695676044787 479.5 200000
1695676111015 479.5 204000
1695676191633 479.5 208000
1695676270290 479.5 212000
1695676339894 479.5 216000
1695676408557 479.5 220000
1695676480600 479.5 224000
1695676555094 479.5 228000
1695676625528 479.5 232000
1695676704017 479.5 236000
1695676788250 479.5 240000
1695676878046 479.5 244000
1695676967150 479.5 248000
1695677042717 479.5 252000
1695677114904 479.5 256000
1695677195522 479.5 260000
1695677276857 479.5 264000
1695677358243 479.5 268000
1695677440075 479.5 272000
1695677527219 479.5 276000
