1695672393965 480.5 4000
1695672462661 1440.5 8000
1695672529172 2400.5 12000
1695672600049 3360.5 16000
1695672672324 4320.5 20000
1695672745256 5280.5 24000
1695672809642 6240.5 28000
1695672873988 7200.5 32000
1695672940675 8160.5 36000
1695673005209 9120.5 40000
1695673074246 10080.5 44000
1695673141187 11040.5 48000
1695673218482 12000.5 52000
1695673294766 12960.5 56000
1695673372483 13920.5 60000
1695673449707 14880.5 64000
1695673533612 15840.5 68000
1695673613801 16800.5 72000
1695673696592 17760.5 76000
1695673782605 18720.5 80000
1695673861093 19680.5 84000
1695673946039 20640.5 88000
1695674026380 21600.5 92000
1695674106831 22560.5 96000
1695674188573 23520.5 100000
1695674272980 24480.5 104000
1695674360583 25440.5 108000
1695674443003 26400.5 112000
1695674524898 27360.5 116000
1695674604819 28320.5 120000
1695674686352 29280.5 124000
1695674761043 30240.5 128000
1695674835887 31200.5 132000
1695674906008 32160.5 136000
1695674983918 33120.5 140000
1695675057452 34080.5 144000
1695675130810 35040.5 148000
1695675201091 36000.5 152000
1695675272680 36960.5 156000
1695675343611 37920.5 160000
1695675414077 38880.5 164000
1695675488936 39840.5 168000
1695675565016 40800.5 172000
1695675636568 41760.5 176000
1695675707689 42720.5 180000
1695675779533 43680.5 184000
1695675846391 44640.5 188000
1695675913019 45600.5 192000
1695675979142 46560.5 196000
1695676044787 47520.5 200000
1695676111014 48480.5 204000
1695676191632 49440.5 208000
1695676270289 50400.5 212000
1695676339893 51360.5 216000
1695676408557 52320.5 220000
1695676480600 53280.5 224000
1695676555094 54240.5 228000
1695676625527 55200.5 232000
1695676704016 56160.5 236000
1695676788250 57120.5 240000
1695676878045 58080.5 244000
1695676967150 59040.5 248000
1695677042716 60000.5 252000
1695677114903 60960.5 256000
1695677195521 61920.5 260000
1695677276856 62880.5 264000
1695677358243 63840.5 268000
1695677440074 64800.5 272000
1695677527219 65760.5 276000
