1695731492002 0.3391718786690757 244000
1695731555375 0.3420084020567116 248000
1695731627005 0.34971342713630904 252000
1695731694011 0.35179294240346687 256000
1695731770458 0.3619803304438196 260000
1695731847902 0.3744025929578453 264000
1695731929337 0.388366200410079 268000
1695732007569 0.3966559587639229 272000
1695732085663 0.40203283349475927 276000
1695732161624 0.407747985773489 280000
1695732229858 0.40807118464556924 284000
1695732296291 0.4061934938053659 288000
1695732365403 0.403580858546533 292000
1695732431738 0.4000204556260444 296000
1695732499312 0.3985811189099134 300000
1695732565210 0.3970861955754522 304000
1695732635480 0.39554368894299047 308000
1695732703094 0.3947634232804748 312000
1695732772412 0.3946008467907561 316000
1695732841601 0.3932122518131469 320000
1695732910259 0.3924964171448459 324000
1695732988728 0.39478092919320773 328000
1695733057793 0.394591833252149 332000
1695733127237 0.3943055913276826 336000
1695733197229 0.3942594931611464 340000
1695733266945 0.3942235218057056 344000
1695733337773 0.3939380411637365 348000
1695733406286 0.393186802449825 352000
1695733475125 0.393833744674017 356000
1695733547193 0.3928430056906976 360000
1695733617758 0.3927351794533582 364000
1695733686251 0.3919746211610834 368000
1695733756228 0.39231318770742607 372000
1695733824462 0.39196183880574426 376000
1695733894970 0.3918446480977137 380000
1695733964295 0.3906206245842319 384000
1695734035309 0.3908317706067646 388000
1695734104277 0.38998608272556595 392000
1695734175706 0.3894637963644031 396000
1695734244750 0.38926165952153224 400000
1695734315777 0.38977543847327273 404000
1695734384692 0.3890853281780364 408000
1695734453466 0.38898692821192354 412000
1695734520757 0.3886450446308804 416000
1695734588462 0.3881045248007755 420000
1695734658415 0.3872217607026272 424000
1695734728080 0.38758124865223903 428000
1695734796965 0.38711069921122754 432000
1695734870334 0.3873010390661334 436000
1695734945847 0.38799470634177524 440000
1695735017165 0.38789947782364587 444000
1695735086447 0.38789009002085356 448000
1695735161772 0.3880771924438058 452000
1695735232013 0.3879447826945853 456000
1695735305964 0.38794958500621934 460000
1695735382219 0.3884945093815606 464000
1695735453214 0.3885604865019246 468000
1695735524434 0.38843932003368065 472000
1695735599221 0.3886678531853978 476000
1695735678728 0.38928172575825404 480000
1695735759852 0.39046597769082647 484000
1695735842415 0.39148085639134195 488000
1695735925851 0.39225279591419 492000
1695736013522 0.39401377506012997 496000
1695736097367 0.39489527844073924 500000
1695736173686 0.39542645953414124 504000
1695736248961 0.39540874347672517 508000
1695736320663 0.3953850026963533 512000
1695736388222 0.3949405314662297 516000
1695736454360 0.39443568209955376 520000
1695736520687 0.39384073943894415 524000
1695736587117 0.3932067637861535 528000
1695736651753 0.39273205161534624 532000
1695736716186 0.3921555533803104 536000
1695736779532 0.39161431465391033 540000
1695736842250 0.3911962779027454 544000
1695736905452 0.3899179044982095 548000
1695736968513 0.38985970513052143 552000
1695737032214 0.3890047941181197 556000
1695737094124 0.38796106194098706 560000
1695737158031 0.38787325667147665 564000
1695737219700 0.3872351200358779 568000
1695737282017 0.38653866979914653 572000
1695737344697 0.38612354267407484 576000
1695737412034 0.38580708804883745 580000
1695737478309 0.38577618634841226 584000
1695737541978 0.38516100824668675 588000
1695737604419 0.3844468215822545 592000
1695737666501 0.3839836234318246 596000
1695737728708 0.38405065513789677 600000
1695737791634 0.3827520780100658 604000
1695737853592 0.3824373033250085 608000
1695737916278 0.38227557247573374 612000
1695737978653 0.3815335007657424 616000
1695738041293 0.38120511533310497 620000
1695738103551 0.3806267853365515 624000
1695738167381 0.38060345950467 628000
1695738230056 0.38025122481330026 632000
1695738292609 0.3800341452936614 636000
1695738355103 0.37899746378736215 640000
1695738417958 0.3785904523283055 644000
1695738479915 0.37817283308596766 648000
1695738542500 0.3779439164473059 652000
1695738605937 0.3774512243279661 656000
1695738668213 0.37703242038192075 660000
1695738731763 0.3767223271602732 664000
1695738794233 0.37643427817096486 668000
1695738858573 0.3760663908190255 672000
1695738921316 0.37569074908320416 676000
1695738984531 0.37544798247372346 680000
1695739046775 0.3751724456539003 684000
1695739110146 0.37478741978756663 688000
1695739172024 0.374453032525828 692000
1695739235551 0.3739576859923847 696000
1695739297797 0.3738547895593285 700000
1695739360612 0.37356670884608517 704000
1695739423299 0.37317786592625607 708000
1695739488087 0.37309425859329554 712000
1695739550738 0.3727966952057932 716000
1695739613370 0.3725761391796118 720000
1695739676067 0.37224960232174853 724000
1695739737858 0.37183961902259177 728000
1695739800544 0.3714996119666278 732000
1695739862781 0.37117451493599846 736000
1695739925924 0.37110783521433544 740000
1695739987768 0.37074047850894754 744000
1695740051667 0.37054594925075335 748000
1695740114481 0.3700648582019764 752000
1695740177699 0.3699658829602957 756000
1695740240170 0.3702106652965063 760000
1695740302039 0.37002453719563033 764000
1695740363625 0.3695695211560154 768000
1695740426108 0.3690039981033195 772000
1695740488944 0.36877206122929795 776000
1695740550778 0.3688207488908771 780000
1695740613482 0.3684713755283491 784000
1695740676104 0.36820267828955244 788000
1695740739860 0.3679095091894649 792000
1695740801769 0.3679494165899666 796000
1695740865029 0.3677396561752142 800000
1695740927246 0.36743436456523987 804000
1695740989481 0.3670455872140527 808000
1695741052819 0.3669733745166362 812000
1695741116464 0.36702689206721645 816000
1695741179198 0.3668218169196227 820000
1695741242110 0.3668231510261882 824000
1695741305213 0.3664399698132732 828000
1695741368535 0.3662863271057695 832000
1695741432777 0.3661136100613271 836000
1695741500812 0.3660817153388685 840000
1695741566851 0.3660044726403059 844000
1695741631801 0.36611861655130334 848000
1695741707449 0.36625771780562305 852000
1695741770265 0.3661369922856251 856000
1695741834342 0.3659100738353852 860000
1695741896338 0.3657740187666737 864000
1695741958488 0.36551559294720964 868000
1695742020737 0.36533340433378003 872000
1695742083885 0.3651525343519648 876000
1695742146552 0.3648816058408724 880000
1695742211671 0.3650150009161702 884000
1695742275909 0.3647171921480342 888000
1695742341653 0.36463298355907536 892000
1695742413682 0.3646625471106147 896000
1695742481993 0.36496946841564964 900000
1695742548298 0.3649628141194664 904000
1695742610762 0.36464749838544525 908000
1695742672876 0.3645390866945108 912000
1695742735166 0.36448168505082396 916000
1695742798471 0.36430785816283845 920000
1695742861566 0.3643126382856015 924000
1695742924158 0.36408329038763154 928000
1695742986389 0.3638955069590949 932000
1695743049697 0.36378279117908463 936000
1695743111979 0.3635464511749534 940000
1695743175950 0.36364521987532933 944000
1695743237911 0.3634153563834305 948000
1695743299820 0.36325649074978267 952000
1695743362017 0.36284262422874813 956000
1695743425314 0.3630450983784568 960000
1695743487788 0.3629141357836285 964000
1695743552174 0.36290781939168115 968000
1695743614325 0.362618582461637 972000
1695743677512 0.36256484148551316 976000
1695743740559 0.36227822904575985 980000
1695743804836 0.3622297817974304 984000
1695743867017 0.3620416811723902 988000
1695743930131 0.36218656299694546 992000
1695743991764 0.36235318046298204 996000
1695744055100 0.3619589815539889 1000000
