1695731492004 0.0 244000
1695731555376 0.0 248000
1695731627007 0.0 252000
1695731694013 0.0 256000
1695731770460 0.0 260000
1695731847904 0.0 264000
1695731929339 0.0 268000
1695732007571 0.0 272000
1695732085665 0.0 276000
1695732161625 0.0 280000
1695732229859 0.0 284000
1695732296292 0.0 288000
1695732365404 0.0 292000
1695732431740 0.0 296000
1695732499314 0.0 300000
1695732565212 0.0 304000
1695732635482 0.0 308000
1695732703096 0.0 312000
1695732772414 0.0 316000
1695732841602 0.0 320000
1695732910261 0.0 324000
1695732988729 0.0 328000
1695733057795 0.0 332000
1695733127239 0.0 336000
1695733197231 0.0 340000
1695733266946 0.0 344000
1695733337775 0.0 348000
1695733406288 0.0 352000
1695733475126 0.0 356000
1695733547195 0.0 360000
1695733617759 0.0 364000
1695733686253 0.0 368000
1695733756230 0.0 372000
1695733824463 0.0 376000
1695733894972 0.0 380000
1695733964297 0.0 384000
1695734035311 0.0 388000
1695734104278 0.0 392000
1695734175707 0.0 396000
1695734244752 0.0 400000
1695734315779 0.0 404000
1695734384693 0.0 408000
1695734453468 0.0 412000
1695734520758 0.0 416000
1695734588464 0.0 420000
1695734658416 0.0 424000
1695734728082 0.0 428000
1695734796966 0.0 432000
1695734870336 0.0 436000
1695734945849 0.0 440000
1695735017167 0.0 444000
1695735086449 0.0 448000
1695735161774 0.0 452000
1695735232014 0.0 456000
1695735305965 0.0 460000
1695735382221 0.0 464000
1695735453215 0.0 468000
1695735524435 0.0 472000
1695735599223 0.0 476000
1695735678730 0.0 480000
1695735759853 0.0 484000
1695735842417 0.0 488000
1695735925853 0.0 492000
1695736013524 0.0 496000
1695736097369 0.0 500000
1695736173688 0.0 504000
1695736248963 0.0 508000
1695736320664 0.0 512000
1695736388223 0.0 516000
1695736454361 0.0 520000
1695736520689 0.0 524000
1695736587119 0.0 528000
1695736651755 0.0 532000
1695736716187 0.0 536000
1695736779533 0.0 540000
1695736842251 0.0 544000
1695736905454 0.0 548000
1695736968514 0.0 552000
1695737032215 0.0 556000
1695737094126 0.0 560000
1695737158033 0.0 564000
1695737219702 0.0 568000
1695737282019 0.0 572000
1695737344699 0.0 576000
1695737412035 0.0 580000
1695737478311 0.0 584000
1695737541980 0.0 588000
1695737604420 0.0 592000
1695737666503 0.0 596000
1695737728709 0.0 600000
1695737791636 0.0 604000
1695737853593 0.0 608000
1695737916280 0.0 612000
1695737978655 0.0 616000
1695738041295 0.0 620000
1695738103553 0.0 624000
1695738167382 0.0 628000
1695738230058 0.0 632000
1695738292610 0.0 636000
1695738355104 0.0 640000
1695738417959 0.0 644000
1695738479917 0.0 648000
1695738542502 0.0 652000
1695738605938 0.0 656000
1695738668214 0.0 660000
1695738731764 0.0 664000
1695738794234 0.0 668000
1695738858575 0.0 672000
1695738921318 0.0 676000
1695738984532 0.0 680000
1695739046776 0.0 684000
1695739110148 0.0 688000
1695739172025 0.0 692000
1695739235552 0.0 696000
1695739297799 0.0 700000
1695739360613 0.0 704000
1695739423300 0.0 708000
1695739488089 0.0 712000
1695739550739 0.0 716000
1695739613372 0.0 720000
1695739676069 0.0 724000
1695739737859 0.0 728000
1695739800546 0.0 732000
1695739862782 0.0 736000
1695739925926 0.0 740000
1695739987770 0.0 744000
1695740051668 0.0 748000
1695740114483 0.0 752000
1695740177701 0.0 756000
1695740240171 0.0 760000
1695740302040 0.0 764000
1695740363626 0.0 768000
1695740426109 0.0 772000
1695740488945 0.0 776000
1695740550780 0.0 780000
1695740613483 0.0 784000
1695740676106 0.0 788000
1695740739862 0.0 792000
1695740801770 0.0 796000
1695740865030 0.0 800000
1695740927248 0.0 804000
1695740989482 0.0 808000
1695741052821 0.0 812000
1695741116465 0.0 816000
1695741179200 0.0 820000
1695741242111 0.0 824000
1695741305215 0.0 828000
1695741368537 0.0 832000
1695741432779 0.0 836000
1695741500814 0.0 840000
1695741566852 0.0 844000
1695741631802 0.0 848000
1695741707451 0.0 852000
1695741770266 0.0 856000
1695741834343 0.0 860000
1695741896339 0.0 864000
1695741958490 0.0 868000
1695742020738 0.0 872000
1695742083887 0.0 876000
1695742146554 0.0 880000
1695742211673 0.0 884000
1695742275911 0.0 888000
1695742341655 0.0 892000
1695742413684 0.0 896000
1695742481994 0.0 900000
1695742548299 0.0 904000
1695742610764 0.0 908000
1695742672878 0.0 912000
1695742735167 0.0 916000
1695742798473 0.0 920000
1695742861567 0.0 924000
1695742924160 0.0 928000
1695742986391 0.0 932000
1695743049698 0.0 936000
1695743111981 0.0 940000
1695743175951 0.0 944000
1695743237913 0.0 948000
1695743299822 0.0 952000
1695743362018 0.0 956000
1695743425315 0.0 960000
1695743487790 0.0 964000
1695743552176 0.0 968000
1695743614327 0.0 972000
1695743677514 0.0 976000
1695743740561 0.0 980000
1695743804837 0.0 984000
1695743867019 0.0 988000
1695743930133 0.0 992000
1695743991766 0.0 996000
1695744055102 0.0 1000000
