1695731492001 6.753353818282043 244000
1695731555374 6.83507973913068 248000
1695731627004 7.009174866842142 252000
1695731694010 7.0577615641259115 256000
1695731770457 7.278367722652248 260000
1695731847901 7.506804812872849 264000
1695731929336 7.736993316932351 268000
1695732007568 7.877320257716597 272000
1695732085661 7.975787335874024 276000
1695732161623 8.096978974846381 280000
1695732229857 8.076279146604515 284000
1695732296290 8.032851781160117 288000
1695732365402 7.985206412952011 292000
1695732431737 7.915722922981925 296000
1695732499312 7.890727449073399 300000
1695732565209 7.857721699158666 304000
1695732635479 7.818758269427648 308000
1695732703093 7.80026553717691 312000
1695732772411 7.802928534497291 316000
1695732841600 7.771017590673236 320000
1695732910258 7.765199122433142 324000
1695732988727 7.8193334897063345 328000
1695733057793 7.810990353251944 332000
1695733127236 7.803939253530348 336000
1695733197228 7.801989331913961 340000
1695733266944 7.805454738075398 344000
1695733337772 7.794092092336018 348000
1695733406286 7.78401991669937 352000
1695733475124 7.800293871559973 356000
1695733547192 7.770321182492185 360000
1695733617757 7.774455802162743 364000
1695733686250 7.7555925734676565 368000
1695733756227 7.763583437793497 372000
1695733824461 7.754481446805847 376000
1695733894970 7.758741339364962 380000
1695733964295 7.734783869136119 384000
1695734035308 7.737380387396955 388000
1695734104276 7.712654912900216 392000
1695734175705 7.705690243138436 396000
1695734244749 7.705715682483303 400000
1695734315776 7.711052740155754 404000
1695734384691 7.698642282133578 408000
1695734453465 7.695333089166071 412000
1695734520756 7.68771681577579 416000
1695734588461 7.677592742658228 420000
1695734658414 7.659276519807303 424000
1695734728080 7.667675471429698 428000
1695734796964 7.659676003484286 432000
1695734870333 7.660203480049369 436000
1695734945846 7.680857449952202 440000
1695735017164 7.67783434118077 444000
1695735086446 7.6768781993633075 448000
1695735161771 7.682740515169605 452000
1695735232012 7.678356224627115 456000
1695735305963 7.679208879686798 460000
1695735382218 7.691031494389876 464000
1695735453213 7.691208250507026 468000
1695735524433 7.688561377492768 472000
1695735599220 7.694929981653428 476000
1695735678727 7.70792447097766 480000
1695735759851 7.728678792194983 484000
1695735842414 7.74665949188335 488000
1695735925850 7.761085783061221 492000
1695736013521 7.7972438040171 496000
1695736097366 7.814766437470532 500000
1695736173685 7.825592682272399 504000
1695736248960 7.824602914011478 508000
1695736320662 7.824552866402517 512000
1695736388221 7.816404184417601 516000
1695736454359 7.807402304908423 520000
1695736520687 7.798857265624113 524000
1695736587116 7.787669139543937 528000
1695736651752 7.784282642969253 532000
1695736716185 7.770201536660161 536000
1695736779531 7.758462121728209 540000
1695736842249 7.753083181965495 544000
1695736905451 7.730272360967594 548000
1695736968512 7.729927189896805 552000
1695737032213 7.715623186484949 556000
1695737094124 7.696951591082298 560000
1695737158031 7.69589127016893 564000
1695737219699 7.68360416891941 568000
1695737282016 7.669265941557124 572000
1695737344696 7.663510428152849 576000
1695737412033 7.657320423656488 580000
1695737478308 7.6554056828602635 584000
1695737541978 7.6440284199066815 588000
1695737604418 7.63089205158982 592000
1695737666500 7.62449570584686 596000
1695737728707 7.62704470104336 600000
1695737791634 7.597422187508956 604000
1695737853591 7.594145350171376 608000
1695737916278 7.593446836822544 612000
1695737978653 7.578388340784052 616000
1695738041292 7.572554357851597 620000
1695738103551 7.561765799198545 624000
1695738167380 7.563851405341173 628000
1695738230055 7.557705153055648 632000
1695738292608 7.554849315571806 636000
1695738355102 7.533601064134773 640000
1695738417957 7.527048632695973 644000
1695738479914 7.5195906438091376 648000
1695738542500 7.514887236039271 652000
1695738605936 7.50560938221166 656000
1695738668212 7.49832540124183 660000
1695738731762 7.492717758204619 664000
1695738794232 7.488332408580646 668000
1695738858572 7.480963618656186 672000
1695738921315 7.473130053199978 676000
1695738984530 7.469570070023972 680000
1695739046774 7.464735489478787 684000
1695739110145 7.4577993844710635 688000
1695739172023 7.451989177371376 692000
1695739235550 7.442868422930784 696000
1695739297796 7.44207997796771 700000
1695739360611 7.436154194602018 704000
1695739423298 7.429642696931706 708000
1695739488087 7.42839434311356 712000
1695739550737 7.423518064747349 716000
1695739613370 7.419349608310247 720000
1695739676067 7.4141697588966 724000
1695739737857 7.405298435772311 728000
1695739800544 7.398225843901456 732000
1695739862780 7.391573797199899 736000
1695739925923 7.391070217024057 740000
1695739987768 7.382315138447614 744000
1695740051666 7.381931576449612 748000
1695740114481 7.372933640183297 752000
1695740177699 7.370196924580751 756000
1695740240169 7.377837007641574 760000
1695740302038 7.373619448857285 764000
1695740363624 7.366157497249978 768000
1695740426107 7.356241845897976 772000
1695740488943 7.353734895282817 776000
1695740550778 7.354351616521548 780000
1695740613481 7.347752959618171 784000
1695740676104 7.341959280092146 788000
1695740739859 7.336858483495311 792000
1695740801768 7.336537232416534 796000
1695740865028 7.332199379731941 800000
1695740927245 7.325839370717178 804000
1695740989480 7.318725852814627 808000
1695741052818 7.3157893627899195 812000
1695741116463 7.318562640299463 816000
1695741179198 7.31602670072346 820000
1695741242109 7.316229268099088 824000
1695741305213 7.308259328869994 828000
1695741368535 7.305373782993951 832000
1695741432776 7.301163249764718 836000
1695741500811 7.30072123889744 840000
1695741566850 7.299168023305035 844000
1695741631800 7.301362489220463 848000
1695741707449 7.303707123876387 852000
1695741770264 7.302297330385315 856000
1695741834341 7.298211750571771 860000
1695741896337 7.29701358400885 864000
1695741958487 7.289877001961989 868000
1695742020736 7.285880724462848 872000
1695742083885 7.282119625419789 876000
1695742146551 7.277708463875288 880000
1695742211670 7.280137819014387 884000
1695742275908 7.27611156759013 888000
1695742341652 7.273674036017141 892000
1695742413681 7.2724018107197 896000
1695742481992 7.278454752094045 900000
1695742548297 7.279035558644669 904000
1695742610762 7.273179043533877 908000
1695742672875 7.271774111351942 912000
1695742735165 7.271930269655358 916000
1695742798471 7.268164907224549 920000
1695742861565 7.269169618755317 924000
1695742924157 7.26484358536946 928000
1695742986388 7.260320496107549 932000
1695743049696 7.257780871633431 936000
1695743111979 7.251892247720454 940000
1695743175949 7.253296251517758 944000
1695743237911 7.251710448682512 948000
1695743299820 7.24928066458405 952000
1695743362016 7.23972049529023 956000
1695743425313 7.244262584920688 960000
1695743487787 7.241107285779755 964000
1695743552173 7.2414349595243035 968000
1695743614325 7.236877327507245 972000
1695743677511 7.235611852118839 976000
1695743740559 7.230298410474307 980000
1695743804835 7.228968508127439 984000
1695743867016 7.226061885698212 988000
1695743930130 7.228402425262505 992000
1695743991763 7.2321866415064004 996000
1695744055099 7.224918464805733 1000000
