1695731492000 0.7619402263618672 244000
1695731555373 0.7714378164649461 248000
1695731627004 0.8011943816940265 252000
1695731694009 0.8103700245303932 256000
1695731770456 0.8450774494595009 260000
1695731847901 0.8816428449722779 264000
1695731929335 0.9176016660249816 268000
1695732007567 0.9446772290336197 272000
1695732085661 0.9616945276205271 276000
1695732161622 0.97996459141519 280000
1695732229856 0.9834178168219796 284000
1695732296289 0.9804062806091491 288000
1695732365401 0.9757835582514989 292000
1695732431737 0.9677805677928495 296000
1695732499311 0.9666891313028182 300000
1695732565208 0.9661071785535676 304000
1695732635478 0.9669303503297464 308000
1695732703092 0.9623258809766074 312000
1695732772411 0.9608784347675404 316000
1695732841599 0.9601317059057479 320000
1695732910257 0.9601920458444835 324000
1695732988726 0.9707656193057176 328000
1695733057792 0.9730693338009466 332000
1695733127236 0.9717070304392494 336000
1695733197227 0.9706269553767221 340000
1695733266943 0.9719043728260514 344000
1695733337771 0.9712113003375747 348000
1695733406285 0.970732862065931 352000
1695733475123 0.9720829142825886 356000
1695733547191 0.9736172787497103 360000
1695733617756 0.9767332856290557 364000
1695733686249 0.9765180734296592 368000
1695733756226 0.9782494966718607 372000
1695733824460 0.9777522013723742 376000
1695733894969 0.978230082750199 380000
1695733964294 0.980618276376923 384000
1695734035308 0.9804853254658692 388000
1695734104275 0.9794731674765664 392000
1695734175704 0.9782839132311338 396000
1695734244749 0.980182979342125 400000
1695734315776 0.9812492400720249 404000
1695734384690 0.9821963965252466 408000
1695734453465 0.9811357319785959 412000
1695734520755 0.9817589196388659 416000
1695734588461 0.9809685281584052 420000
1695734658413 0.9824241925725079 424000
1695734728079 0.9814582192204347 428000
1695734796963 0.9815102467984177 432000
1695734870333 0.9841187618662348 436000
1695734945845 0.9867383812969067 440000
1695735017163 0.9873973375842333 444000
1695735086445 0.9883880828264743 448000
1695735161771 0.99101027501491 452000
1695735232011 0.9922565426711342 456000
1695735305962 0.9936870453550206 460000
1695735382217 0.9967970244613407 464000
1695735453212 0.9997004670007137 468000
1695735524432 1.0017498170444514 472000
1695735599219 1.0040556772778102 476000
1695735678725 1.007618249654676 480000
1695735759850 1.0118323644834686 484000
1695735842413 1.0148732529587332 488000
1695735925849 1.019078663922534 492000
1695736013520 1.025231306418861 496000
1695736097365 1.0298114785777668 500000
1695736173684 1.0328703879446963 504000
1695736248959 1.0344335453337472 508000
1695736320661 1.0364556802528262 512000
1695736388220 1.036448108525862 516000
1695736454358 1.0357740902172454 520000
1695736520686 1.0356643603181142 524000
1695736587116 1.034844646915536 528000
1695736651752 1.0334160383067337 532000
1695736716184 1.0316897181569444 536000
1695736779530 1.0300509854635918 540000
1695736842248 1.0296890714474487 544000
1695736905451 1.0272317546619811 548000
1695736968511 1.0279031510225956 552000
1695737032212 1.026119989973514 556000
1695737094123 1.023835706179141 560000
1695737158030 1.0237185573780556 564000
1695737219699 1.0217206893563735 568000
1695737282016 1.020894886875194 572000
1695737344695 1.0199877543461913 576000
1695737412032 1.018817762192434 580000
1695737478308 1.020380774277089 584000
1695737541977 1.019477734388613 588000
1695737604418 1.0187354818809196 592000
1695737666500 1.0183871140941037 596000
1695737728706 1.0200238394672398 600000
1695737791633 1.015419739878794 604000
1695737853590 1.0149158880145734 608000
1695737916277 1.0146274984697283 612000
1695737978652 1.0135486397044444 616000
1695738041292 1.0114757637877718 620000
1695738103550 1.0116287584464765 624000
1695738167379 1.0122721421056857 628000
1695738230054 1.0117069218802361 632000
1695738292608 1.0121770730228705 636000
1695738355101 1.0096959869302342 640000
1695738417956 1.009316150695634 644000
1695738479914 1.0079228183394473 648000
1695738542499 1.009121662137301 652000
1695738605936 1.0092172088888052 656000
1695738668212 1.0091157754666524 660000
1695738731761 1.0092421544264847 664000
1695738794231 1.0088587024814786 668000
1695738858572 1.0081661922023313 672000
1695738921314 1.0082265326688968 676000
1695738984529 1.0081658886940639 680000
1695739046773 1.0084324530872781 684000
1695739110145 1.008295035610529 688000
1695739172022 1.0083120281434972 692000
1695739235550 1.0067811462312852 696000
1695739297795 1.0078534633727094 700000
1695739360610 1.0078518969348496 704000
1695739423297 1.0071092524598224 708000
1695739488086 1.0078819422828629 712000
1695739550737 1.0079334706771066 716000
1695739613369 1.0077696207886693 720000
1695739676066 1.0071994345999498 724000
1695739737857 1.0059847163123137 728000
1695739800543 1.0051045777331722 732000
1695739862779 1.004320698215949 736000
1695739925923 1.0050560032540938 740000
1695739987767 1.0044423712211428 744000
1695740051666 1.0046861423371483 748000
1695740114480 1.0032815649462543 752000
1695740177698 1.0008959102707529 756000
1695740240168 1.0025090978912838 760000
1695740302037 1.0029283530253597 764000
1695740363623 1.0006965421821294 768000
1695740426106 0.9988936661561348 772000
1695740488942 0.9975383216628172 776000
1695740550777 0.9987420193195754 780000
1695740613481 0.998014933317084 784000
1695740676103 0.99760137107197 788000
1695740739859 0.996454739170312 792000
1695740801767 0.9957836248006785 796000
1695740865027 0.9961697647472147 800000
1695740927245 0.9942524508008741 804000
1695740989479 0.9931305264185474 808000
1695741052818 0.9929825262044627 812000
1695741116462 0.9937323983992761 816000
1695741179197 0.9935378881501077 820000
1695741242108 0.993789574538097 824000
1695741305212 0.9932494652233326 828000
1695741368534 0.9930657033249427 832000
1695741432775 0.9935419589210838 836000
1695741500810 0.9938844523996431 840000
1695741566849 0.9928784415384714 844000
1695741631799 0.9935410853221612 848000
1695741707448 0.9941034569940882 852000
1695741770263 0.9941482979164474 856000
1695741834340 0.9942538721035616 860000
1695741896336 0.9938416671312224 864000
1695741958487 0.9935792437049913 868000
1695742020735 0.9930787524900417 872000
1695742083884 0.9931022007232321 876000
1695742146551 0.9923975443207111 880000
1695742211670 0.9925173951591653 884000
1695742275907 0.9931304420101812 888000
1695742341652 0.9926678030966696 892000
1695742413680 0.9924705480298754 896000
1695742481991 0.9933213306868647 900000
1695742548296 0.9937822293475764 904000
1695742610761 0.993237403989614 908000
1695742672874 0.9931764594066778 912000
1695742735164 0.9935244024658098 916000
1695742798470 0.9935774375647941 920000
1695742861564 0.9935369089928469 924000
1695742924157 0.9933837786566825 928000
1695742986388 0.9925506078009396 932000
1695743049695 0.9932422658439098 936000
1695743111978 0.9925615301534284 940000
1695743175948 0.9930022206726865 944000
1695743237910 0.9917835032260303 948000
1695743299819 0.9921272779913209 952000
1695743362015 0.9915661538755468 956000
1695743425312 0.9913899993854346 960000
1695743487787 0.9910665729609274 964000
1695743552172 0.9910880950201262 968000
1695743614324 0.9909136698863469 972000
1695743677511 0.9907888812625205 976000
1695743740558 0.990037128795704 980000
1695743804835 0.9903740446400106 984000
1695743867015 0.9896987193092214 988000
1695743930130 0.9904550762795622 992000
1695743991763 0.9907840139210914 996000
1695744055099 0.9901804803842201 1000000
