1695672393911 0.0 4000
1695672462614 0.0 8000
1695672529123 0.0 12000
1695672599965 0.0 16000
1695672672241 0.0 20000
1695672745181 0.0 24000
1695672809569 0.0 28000
1695672873918 0.0 32000
1695672940604 0.0 36000
1695673005139 0.0 40000
1695673074173 0.0 44000
1695673141114 0.0 48000
1695673218409 0.0 52000
1695673294671 0.0 56000
1695673372396 0.0 60000
1695673449615 0.0 64000
1695673533513 0.0 68000
1695673613716 0.0 72000
1695673696501 0.0 76000
1695673782511 0.0 80000
1695673861000 0.0 84000
1695673945950 0.0 88000
1695674026283 0.0 92000
1695674106737 0.0 96000
1695674188480 0.0 100000
1695674272873 0.0 104000
1695674360489 0.0 108000
1695674442882 0.0 112000
1695674524805 0.0 116000
1695674604725 0.0 120000
1695674686255 0.0 124000
1695674760926 0.0 128000
1695674835799 0.0 132000
1695674905920 0.0 136000
1695674983838 0.0 140000
1695675057373 0.0 144000
1695675130717 0.0 148000
1695675201011 0.0 152000
1695675272604 0.0 156000
1695675343529 0.0 160000
1695675414004 0.0 164000
1695675488821 0.0 168000
1695675564935 0.0 172000
1695675636487 0.0 176000
1695675707613 0.0 180000
1695675779451 0.0 184000
1695675846318 0.0 188000
1695675912947 0.0 192000
1695675979062 0.0 196000
1695676044713 0.0 200000
1695676110940 0.0 204000
1695676191546 0.0 208000
1695676270213 0.0 212000
1695676339815 0.0 216000
1695676408480 0.0 220000
1695676480522 0.0 224000
1695676555006 0.0 228000
1695676625449 0.0 232000
1695676703930 0.0 236000
1695676788163 0.0 240000
1695676877944 0.0 244000
1695676967032 0.0 248000
1695677042636 0.0 252000
1695677114823 0.0 256000
1695677195432 0.0 260000
1695677276768 0.0 264000
1695677358158 0.0 268000
1695677439984 0.0 272000
1695677527137 0.0 276000
