1695672393909 0.0 4000
1695672462612 0.0 8000
1695672529121 0.0 12000
1695672599962 0.0 16000
1695672672238 0.0 20000
1695672745179 0.0 24000
1695672809567 0.0 28000
1695672873916 0.0 32000
1695672940602 0.0 36000
1695673005137 0.0 40000
1695673074171 0.0 44000
1695673141112 0.0 48000
1695673218406 0.0 52000
1695673294668 0.0 56000
1695673372394 0.0 60000
1695673449613 0.0 64000
1695673533509 0.0 68000
1695673613714 0.0 72000
1695673696499 0.0 76000
1695673782508 0.0 80000
1695673860997 0.0 84000
1695673945948 0.0 88000
1695674026281 0.0 92000
1695674106734 0.0 96000
1695674188477 0.0 100000
1695674272868 0.0 104000
1695674360486 0.0 108000
1695674442879 0.0 112000
1695674524803 0.0 116000
1695674604722 0.0 120000
1695674686253 0.0 124000
1695674760924 0.0 128000
1695674835796 0.0 132000
1695674905917 0.0 136000
1695674983835 0.0 140000
1695675057371 0.0 144000
1695675130714 0.0 148000
1695675201008 0.0 152000
1695675272602 0.0 156000
1695675343527 0.0 160000
1695675414002 0.0 164000
1695675488816 0.0 168000
1695675564933 0.0 172000
1695675636484 0.0 176000
1695675707610 0.0 180000
1695675779449 0.0 184000
1695675846316 0.0 188000
1695675912945 0.0 192000
1695675979060 0.0 196000
1695676044711 0.0 200000
1695676110938 0.0 204000
1695676191544 0.0 208000
1695676270210 0.0 212000
1695676339813 0.0 216000
1695676408478 0.0 220000
1695676480520 0.0 224000
1695676555004 0.0 228000
1695676625447 0.0 232000
1695676703928 0.0 236000
1695676788161 0.0 240000
1695676877940 0.0 244000
1695676967029 0.0 248000
1695677042634 0.0 252000
1695677114821 0.0 256000
1695677195430 0.0 260000
1695677276765 0.0 264000
1695677358156 0.0 268000
1695677439982 0.0 272000
1695677527135 0.0 276000
