1695672393910 0.0 4000
1695672462613 0.0 8000
1695672529121 0.0 12000
1695672599963 0.0 16000
1695672672239 0.0 20000
1695672745180 0.0 24000
1695672809568 0.0 28000
1695672873916 0.0 32000
1695672940602 0.0 36000
1695673005137 0.0 40000
1695673074171 0.0 44000
1695673141113 0.0 48000
1695673218407 0.0 52000
1695673294669 0.0 56000
1695673372395 0.0 60000
1695673449614 0.0 64000
1695673533510 0.0 68000
1695673613714 0.0 72000
1695673696500 0.0 76000
1695673782509 0.0 80000
1695673860998 0.0 84000
1695673945949 0.0 88000
1695674026281 0.0 92000
1695674106735 0.0 96000
1695674188478 0.0 100000
1695674272870 0.0 104000
1695674360487 0.0 108000
1695674442880 0.0 112000
1695674524803 0.0 116000
1695674604723 0.0 120000
1695674686254 0.0 124000
1695674760924 0.0 128000
1695674835797 0.0 132000
1695674905918 0.0 136000
1695674983836 0.0 140000
1695675057372 0.0 144000
1695675130715 0.0 148000
1695675201009 0.0 152000
1695675272603 0.0 156000
1695675343528 0.0 160000
1695675414003 0.0 164000
1695675488818 0.0 168000
1695675564934 0.0 172000
1695675636485 0.0 176000
1695675707611 0.0 180000
1695675779450 0.0 184000
1695675846317 0.0 188000
1695675912946 0.0 192000
1695675979060 0.0 196000
1695676044711 0.0 200000
1695676110939 0.0 204000
1695676191545 0.0 208000
1695676270211 0.0 212000
1695676339814 0.0 216000
1695676408479 0.0 220000
1695676480520 0.0 224000
1695676555004 0.0 228000
1695676625448 0.0 232000
1695676703929 0.0 236000
1695676788162 0.0 240000
1695676877941 0.0 244000
1695676967030 0.0 248000
1695677042635 0.0 252000
1695677114822 0.0 256000
1695677195430 0.0 260000
1695677276766 0.0 264000
1695677358156 0.0 268000
1695677439982 0.0 272000
1695677527136 0.0 276000
