1695672393911 1.0 4000
1695672462614 1.0 8000
1695672529122 1.0 12000
1695672599964 1.0 16000
1695672672240 1.0 20000
1695672745180 1.0 24000
1695672809569 1.0 28000
1695672873917 1.0 32000
1695672940603 1.0 36000
1695673005138 1.0 40000
1695673074172 1.0 44000
1695673141114 1.0 48000
1695673218408 1.0 52000
1695673294670 1.0 56000
1695673372396 1.0 60000
1695673449614 1.0 64000
1695673533512 1.0 68000
1695673613715 1.0 72000
1695673696501 1.0 76000
1695673782510 1.0 80000
1695673860999 1.0 84000
1695673945949 1.0 88000
1695674026282 1.0 92000
1695674106736 1.0 96000
1695674188479 1.0 100000
1695674272871 1.0 104000
1695674360488 1.0 108000
1695674442881 1.0 112000
1695674524804 1.0 116000
1695674604724 1.0 120000
1695674686254 1.0 124000
1695674760925 1.0 128000
1695674835798 1.0 132000
1695674905919 1.0 136000
1695674983837 1.0 140000
1695675057372 1.0 144000
1695675130716 1.0 148000
1695675201010 1.0 152000
1695675272603 1.0 156000
1695675343528 1.0 160000
1695675414003 1.0 164000
1695675488820 1.0 168000
1695675564934 1.0 172000
1695675636486 1.0 176000
1695675707612 1.0 180000
1695675779451 1.0 184000
1695675846318 1.0 188000
1695675912946 1.0 192000
1695675979061 1.0 196000
1695676044712 1.0 200000
1695676110940 1.0 204000
1695676191546 1.0 208000
1695676270212 1.0 212000
1695676339815 1.0 216000
1695676408480 1.0 220000
1695676480521 1.0 224000
1695676555005 1.0 228000
1695676625449 1.0 232000
1695676703929 1.0 236000
1695676788163 1.0 240000
1695676877942 1.0 244000
1695676967031 1.0 248000
1695677042636 1.0 252000
1695677114822 1.0 256000
1695677195431 1.0 260000
1695677276767 1.0 264000
1695677358157 1.0 268000
1695677439983 1.0 272000
1695677527137 1.0 276000
