1695672393907 0.0 4000
1695672462610 0.0 8000
1695672529119 0.0 12000
1695672599961 0.0 16000
1695672672237 0.0 20000
1695672745177 0.0 24000
1695672809566 0.0 28000
1695672873914 0.0 32000
1695672940600 0.0 36000
1695673005135 0.0 40000
1695673074169 0.0 44000
1695673141111 0.0 48000
1695673218405 0.0 52000
1695673294666 0.0 56000
1695673372392 0.0 60000
1695673449611 0.0 64000
1695673533505 0.0 68000
1695673613712 0.0 72000
1695673696497 0.0 76000
1695673782506 0.0 80000
1695673860996 0.0 84000
1695673945946 0.0 88000
1695674026279 0.0 92000
1695674106733 0.0 96000
1695674188475 0.0 100000
1695674272865 0.0 104000
1695674360484 0.0 108000
1695674442875 0.0 112000
1695674524801 0.0 116000
1695674604721 0.0 120000
1695674686251 0.0 124000
1695674760922 0.0 128000
1695674835794 0.0 132000
1695674905916 0.0 136000
1695674983834 0.0 140000
1695675057369 0.0 144000
1695675130712 0.0 148000
1695675201007 0.0 152000
1695675272601 0.0 156000
1695675343525 0.0 160000
1695675414001 0.0 164000
1695675488813 0.0 168000
1695675564931 0.0 172000
1695675636483 0.0 176000
1695675707609 0.0 180000
1695675779447 0.0 184000
1695675846315 0.0 188000
1695675912944 0.0 192000
1695675979058 0.0 196000
1695676044709 0.0 200000
1695676110937 0.0 204000
1695676191543 0.0 208000
1695676270209 0.0 212000
1695676339812 0.0 216000
1695676408477 0.0 220000
1695676480518 0.0 224000
1695676555002 0.0 228000
1695676625446 0.0 232000
1695676703926 0.0 236000
1695676788159 0.0 240000
1695676877938 0.0 244000
1695676967027 0.0 248000
1695677042633 0.0 252000
1695677114819 0.0 256000
1695677195428 0.0 260000
1695677276764 0.0 264000
1695677358154 0.0 268000
1695677439980 0.0 272000
1695677527133 0.0 276000
