1695672393878 0.0 4000
1695672462583 0.0 8000
1695672529093 0.0 12000
1695672599932 0.0 16000
1695672672209 0.0 20000
1695672745152 0.0 24000
1695672809541 0.0 28000
1695672873890 0.0 32000
1695672940576 0.0 36000
1695673005112 0.0 40000
1695673074143 0.0 44000
1695673141087 0.0 48000
1695673218380 0.0 52000
1695673294636 0.0 56000
1695673372363 0.0 60000
1695673449578 0.0 64000
1695673533472 0.0 68000
1695673613683 0.0 72000
1695673696465 0.0 76000
1695673782475 0.0 80000
1695673860964 0.0 84000
1695673945916 0.0 88000
1695674026249 0.0 92000
1695674106701 0.0 96000
1695674188444 0.0 100000
1695674272830 0.0 104000
1695674360453 0.0 108000
1695674442836 0.0 112000
1695674524768 0.0 116000
1695674604690 0.0 120000
1695674686218 0.0 124000
1695674760890 0.0 128000
1695674835767 0.0 132000
1695674905883 0.0 136000
1695674983806 0.0 140000
1695675057343 0.0 144000
1695675130681 0.0 148000
1695675200979 0.0 152000
1695675272576 0.0 156000
1695675343499 0.0 160000
1695675413977 0.0 164000
1695675488775 0.0 168000
1695675564905 0.0 172000
1695675636455 0.0 176000
1695675707582 0.0 180000
1695675779420 0.0 184000
1695675846292 0.0 188000
1695675912919 0.0 192000
1695675979031 0.0 196000
1695676044683 0.0 200000
1695676110912 0.0 204000
1695676191515 0.0 208000
1695676270183 0.0 212000
1695676339785 0.0 216000
1695676408451 0.0 220000
1695676480492 0.0 224000
1695676554973 0.0 228000
1695676625419 0.0 232000
1695676703898 0.0 236000
1695676788131 0.0 240000
1695676877901 0.0 244000
1695676966977 0.0 248000
1695677042606 0.0 252000
1695677114792 0.0 256000
1695677195399 0.0 260000
1695677276734 0.0 264000
1695677358126 0.0 268000
1695677439950 0.0 272000
1695677527106 0.0 276000
