1695672393857 0.0 4000
1695672462563 0.0 8000
1695672529073 0.0 12000
1695672599911 0.0 16000
1695672672189 0.0 20000
1695672745133 0.0 24000
1695672809523 0.0 28000
1695672873872 0.0 32000
1695672940556 0.0 36000
1695673005095 0.0 40000
1695673074125 0.0 44000
1695673141069 0.0 48000
1695673218361 0.0 52000
1695673294613 0.0 56000
1695673372341 0.0 60000
1695673449556 0.0 64000
1695673533440 0.0 68000
1695673613662 0.0 72000
1695673696441 0.0 76000
1695673782452 0.0 80000
1695673860940 0.0 84000
1695673945893 0.0 88000
1695674026226 0.0 92000
1695674106677 0.0 96000
1695674188420 0.0 100000
1695674272807 0.0 104000
1695674360430 0.0 108000
1695674442808 0.0 112000
1695674524745 0.0 116000
1695674604666 0.0 120000
1695674686195 0.0 124000
1695674760865 0.0 128000
1695674835746 0.0 132000
1695674905861 0.0 136000
1695674983786 0.0 140000
1695675057323 0.0 144000
1695675130657 0.0 148000
1695675200960 0.0 152000
1695675272558 0.0 156000
1695675343479 0.0 160000
1695675413958 0.0 164000
1695675488742 0.0 168000
1695675564886 0.0 172000
1695675636434 0.0 176000
1695675707563 0.0 180000
1695675779400 0.0 184000
1695675846275 0.0 188000
1695675912901 0.0 192000
1695675979012 0.0 196000
1695676044665 0.0 200000
1695676110893 0.0 204000
1695676191494 0.0 208000
1695676270164 0.0 212000
1695676339765 0.0 216000
1695676408432 0.0 220000
1695676480473 0.0 224000
1695676554952 0.0 228000
1695676625399 0.0 232000
1695676703877 0.0 236000
1695676788109 0.0 240000
1695676877871 0.0 244000
1695676966948 0.0 248000
1695677042586 0.0 252000
1695677114772 0.0 256000
1695677195376 0.0 260000
1695677276711 0.0 264000
1695677358104 0.0 268000
1695677439919 0.0 272000
1695677527086 0.0 276000
