1695672393908 0.0 4000
1695672462611 0.0 8000
1695672529120 0.0 12000
1695672599961 0.0 16000
1695672672238 0.0 20000
1695672745178 0.0 24000
1695672809567 0.0 28000
1695672873915 0.0 32000
1695672940601 0.0 36000
1695673005136 0.0 40000
1695673074170 0.0 44000
1695673141112 0.0 48000
1695673218406 0.0 52000
1695673294667 0.0 56000
1695673372393 0.0 60000
1695673449612 0.0 64000
1695673533507 0.0 68000
1695673613713 0.0 72000
1695673696498 0.0 76000
1695673782507 0.0 80000
1695673860996 0.0 84000
1695673945947 0.0 88000
1695674026280 0.0 92000
1695674106734 0.0 96000
1695674188476 0.0 100000
1695674272867 0.0 104000
1695674360485 0.0 108000
1695674442876 0.0 112000
1695674524802 0.0 116000
1695674604721 0.0 120000
1695674686252 0.0 124000
1695674760923 0.0 128000
1695674835795 0.0 132000
1695674905917 0.0 136000
1695674983834 0.0 140000
1695675057370 0.0 144000
1695675130713 0.0 148000
1695675201008 0.0 152000
1695675272601 0.0 156000
1695675343526 0.0 160000
1695675414001 0.0 164000
1695675488815 0.0 168000
1695675564932 0.0 172000
1695675636483 0.0 176000
1695675707610 0.0 180000
1695675779448 0.0 184000
1695675846315 0.0 188000
1695675912944 0.0 192000
1695675979059 0.0 196000
1695676044710 0.0 200000
1695676110937 0.0 204000
1695676191543 0.0 208000
1695676270210 0.0 212000
1695676339812 0.0 216000
1695676408478 0.0 220000
1695676480519 0.0 224000
1695676555003 0.0 228000
1695676625447 0.0 232000
1695676703927 0.0 236000
1695676788160 0.0 240000
1695676877939 0.0 244000
1695676967028 0.0 248000
1695677042633 0.0 252000
1695677114820 0.0 256000
1695677195429 0.0 260000
1695677276764 0.0 264000
1695677358155 0.0 268000
1695677439981 0.0 272000
1695677527134 0.0 276000
