1695672393881 0.0 4000
1695672462586 0.0 8000
1695672529095 0.0 12000
1695672599934 0.0 16000
1695672672212 0.0 20000
1695672745154 0.0 24000
1695672809543 0.0 28000
1695672873892 0.0 32000
1695672940578 0.0 36000
1695673005114 0.0 40000
1695673074145 0.0 44000
1695673141089 0.0 48000
1695673218382 0.0 52000
1695673294639 0.0 56000
1695673372365 0.0 60000
1695673449581 0.0 64000
1695673533475 0.0 68000
1695673613686 0.0 72000
1695673696468 0.0 76000
1695673782477 0.0 80000
1695673860967 0.0 84000
1695673945919 0.0 88000
1695674026252 0.0 92000
1695674106704 0.0 96000
1695674188446 0.0 100000
1695674272832 0.0 104000
1695674360456 0.0 108000
1695674442841 0.0 112000
1695674524771 0.0 116000
1695674604692 0.0 120000
1695674686221 0.0 124000
1695674760892 0.0 128000
1695674835769 0.0 132000
1695674905885 0.0 136000
1695674983808 0.0 140000
1695675057345 0.0 144000
1695675130684 0.0 148000
1695675200981 0.0 152000
1695675272578 0.0 156000
1695675343501 0.0 160000
1695675413979 0.0 164000
1695675488780 0.0 168000
1695675564907 0.0 172000
1695675636457 0.0 176000
1695675707584 0.0 180000
1695675779423 0.0 184000
1695675846294 0.0 188000
1695675912921 0.0 192000
1695675979034 0.0 196000
1695676044686 0.0 200000
1695676110914 0.0 204000
1695676191517 0.0 208000
1695676270185 0.0 212000
1695676339787 0.0 216000
1695676408454 0.0 220000
1695676480494 0.0 224000
1695676554975 0.0 228000
1695676625421 0.0 232000
1695676703901 0.0 236000
1695676788133 0.0 240000
1695676877904 0.0 244000
1695676966983 0.0 248000
1695677042608 0.0 252000
1695677114795 0.0 256000
1695677195401 0.0 260000
1695677276737 0.0 264000
1695677358128 0.0 268000
1695677439952 0.0 272000
1695677527108 0.0 276000
