1695672393867 1.0 4000
1695672462572 1.0 8000
1695672529082 1.0 12000
1695672599920 1.0 16000
1695672672199 1.0 20000
1695672745142 1.0 24000
1695672809531 1.0 28000
1695672873881 1.0 32000
1695672940565 1.0 36000
1695673005103 1.0 40000
1695673074133 1.0 44000
1695673141077 1.0 48000
1695673218370 1.0 52000
1695673294624 1.0 56000
1695673372351 1.0 60000
1695673449566 1.0 64000
1695673533456 1.0 68000
1695673613671 1.0 72000
1695673696452 1.0 76000
1695673782462 1.0 80000
1695673860952 1.0 84000
1695673945903 1.0 88000
1695674026236 1.0 92000
1695674106688 1.0 96000
1695674188431 1.0 100000
1695674272817 1.0 104000
1695674360441 1.0 108000
1695674442821 1.0 112000
1695674524755 1.0 116000
1695674604677 1.0 120000
1695674686205 1.0 124000
1695674760877 1.0 128000
1695674835756 1.0 132000
1695674905871 1.0 136000
1695674983795 1.0 140000
1695675057332 1.0 144000
1695675130668 1.0 148000
1695675200968 1.0 152000
1695675272566 1.0 156000
1695675343488 1.0 160000
1695675413967 1.0 164000
1695675488757 1.0 168000
1695675564895 1.0 172000
1695675636443 1.0 176000
1695675707571 1.0 180000
1695675779409 1.0 184000
1695675846283 1.0 188000
1695675912910 1.0 192000
1695675979020 1.0 196000
1695676044673 1.0 200000
1695676110902 1.0 204000
1695676191504 1.0 208000
1695676270172 1.0 212000
1695676339774 1.0 216000
1695676408441 1.0 220000
1695676480481 1.0 224000
1695676554961 1.0 228000
1695676625408 1.0 232000
1695676703887 1.0 236000
1695676788119 1.0 240000
1695676877883 1.0 244000
1695676966962 1.0 248000
1695677042595 1.0 252000
1695677114782 1.0 256000
1695677195387 1.0 260000
1695677276722 1.0 264000
1695677358114 1.0 268000
1695677439931 1.0 272000
1695677527095 1.0 276000
