1695672393897 0.0 4000
1695672462601 0.0 8000
1695672529110 0.0 12000
1695672599951 0.0 16000
1695672672227 0.0 20000
1695672745169 0.0 24000
1695672809558 0.0 28000
1695672873906 0.0 32000
1695672940592 0.0 36000
1695673005127 0.0 40000
1695673074161 0.0 44000
1695673141103 0.0 48000
1695673218396 0.0 52000
1695673294656 0.0 56000
1695673372382 0.0 60000
1695673449599 0.0 64000
1695673533494 0.0 68000
1695673613702 0.0 72000
1695673696486 0.0 76000
1695673782496 0.0 80000
1695673860985 0.0 84000
1695673945936 0.0 88000
1695674026269 0.0 92000
1695674106722 0.0 96000
1695674188464 0.0 100000
1695674272849 0.0 104000
1695674360474 0.0 108000
1695674442862 0.0 112000
1695674524789 0.0 116000
1695674604710 0.0 120000
1695674686239 0.0 124000
1695674760911 0.0 128000
1695674835785 0.0 132000
1695674905904 0.0 136000
1695674983824 0.0 140000
1695675057360 0.0 144000
1695675130702 0.0 148000
1695675200997 0.0 152000
1695675272592 0.0 156000
1695675343516 0.0 160000
1695675413992 0.0 164000
1695675488800 0.0 168000
1695675564922 0.0 172000
1695675636473 0.0 176000
1695675707600 0.0 180000
1695675779438 0.0 184000
1695675846306 0.0 188000
1695675912936 0.0 192000
1695675979049 0.0 196000
1695676044701 0.0 200000
1695676110928 0.0 204000
1695676191533 0.0 208000
1695676270201 0.0 212000
1695676339803 0.0 216000
1695676408468 0.0 220000
1695676480509 0.0 224000
1695676554992 0.0 228000
1695676625437 0.0 232000
1695676703917 0.0 236000
1695676788150 0.0 240000
1695676877923 0.0 244000
1695676967012 0.0 248000
1695677042623 0.0 252000
1695677114810 0.0 256000
1695677195418 0.0 260000
1695677276754 0.0 264000
1695677358144 0.0 268000
1695677439969 0.0 272000
1695677527124 0.0 276000
