1695672393922 0.3 4000
1695672462624 0.3 8000
1695672529133 0.3 12000
1695672599975 0.3 16000
1695672672251 0.3 20000
1695672745192 0.3 24000
1695672809578 0.3 28000
1695672873927 0.3 32000
1695672940613 0.3 36000
1695673005147 0.3 40000
1695673074181 0.3 44000
1695673141124 0.3 48000
1695673218418 0.3 52000
1695673294682 0.3 56000
1695673372407 0.3 60000
1695673449627 0.3 64000
1695673533525 0.3 68000
1695673613727 0.3 72000
1695673696514 0.3 76000
1695673782523 0.3 80000
1695673861012 0.3 84000
1695673945962 0.3 88000
1695674026294 0.3 92000
1695674106749 0.3 96000
1695674188492 0.3 100000
1695674272893 0.3 104000
1695674360501 0.3 108000
1695674442897 0.3 112000
1695674524817 0.3 116000
1695674604736 0.3 120000
1695674686267 0.3 124000
1695674760943 0.3 128000
1695674835809 0.3 132000
1695674905931 0.3 136000
1695674983848 0.3 140000
1695675057383 0.3 144000
1695675130728 0.3 148000
1695675201021 0.3 152000
1695675272614 0.3 156000
1695675343539 0.3 160000
1695675414013 0.3 164000
1695675488835 0.3 168000
1695675564945 0.3 172000
1695675636497 0.3 176000
1695675707623 0.3 180000
1695675779462 0.3 184000
1695675846327 0.3 188000
1695675912956 0.3 192000
1695675979073 0.3 196000
1695676044722 0.3 200000
1695676110949 0.3 204000
1695676191556 0.3 208000
1695676270222 0.3 212000
1695676339825 0.3 216000
1695676408490 0.3 220000
1695676480531 0.3 224000
1695676555017 0.3 228000
1695676625459 0.3 232000
1695676703941 0.3 236000
1695676788174 0.3 240000
1695676877957 0.3 244000
1695676967049 0.3 248000
1695677042646 0.3 252000
1695677114833 0.3 256000
1695677195443 0.3 260000
1695677276779 0.3 264000
1695677358169 0.3 268000
1695677439995 0.3 272000
1695677527147 0.3 276000
