1695672393873 0.0 4000
1695672462579 0.0 8000
1695672529088 0.0 12000
1695672599927 0.0 16000
1695672672205 0.0 20000
1695672745148 0.0 24000
1695672809537 0.0 28000
1695672873886 0.0 32000
1695672940571 0.0 36000
1695673005108 0.0 40000
1695673074138 0.0 44000
1695673141083 0.0 48000
1695673218375 0.0 52000
1695673294631 0.0 56000
1695673372358 0.0 60000
1695673449573 0.0 64000
1695673533464 0.0 68000
1695673613678 0.0 72000
1695673696459 0.0 76000
1695673782469 0.0 80000
1695673860959 0.0 84000
1695673945910 0.0 88000
1695674026244 0.0 92000
1695674106696 0.0 96000
1695674188438 0.0 100000
1695674272824 0.0 104000
1695674360448 0.0 108000
1695674442830 0.0 112000
1695674524763 0.0 116000
1695674604684 0.0 120000
1695674686213 0.0 124000
1695674760884 0.0 128000
1695674835762 0.0 132000
1695674905878 0.0 136000
1695674983801 0.0 140000
1695675057338 0.0 144000
1695675130676 0.0 148000
1695675200975 0.0 152000
1695675272571 0.0 156000
1695675343494 0.0 160000
1695675413972 0.0 164000
1695675488765 0.0 168000
1695675564901 0.0 172000
1695675636450 0.0 176000
1695675707578 0.0 180000
1695675779415 0.0 184000
1695675846288 0.0 188000
1695675912915 0.0 192000
1695675979026 0.0 196000
1695676044678 0.0 200000
1695676110908 0.0 204000
1695676191510 0.0 208000
1695676270179 0.0 212000
1695676339780 0.0 216000
1695676408447 0.0 220000
1695676480487 0.0 224000
1695676554968 0.0 228000
1695676625415 0.0 232000
1695676703894 0.0 236000
1695676788126 0.0 240000
1695676877892 0.0 244000
1695676966970 0.0 248000
1695677042601 0.0 252000
1695677114788 0.0 256000
1695677195394 0.0 260000
1695677276728 0.0 264000
1695677358121 0.0 268000
1695677439942 0.0 272000
1695677527102 0.0 276000
