1695672393926 0.0 4000
1695672462628 0.0 8000
1695672529136 0.0 12000
1695672599979 0.0 16000
1695672672257 0.0 20000
1695672745195 0.0 24000
1695672809581 0.0 28000
1695672873930 0.0 32000
1695672940616 0.0 36000
1695673005150 0.0 40000
1695673074185 0.0 44000
1695673141127 0.0 48000
1695673218421 0.0 52000
1695673294687 0.0 56000
1695673372411 0.0 60000
1695673449631 0.0 64000
1695673533530 0.0 68000
1695673613731 0.0 72000
1695673696518 0.0 76000
1695673782527 0.0 80000
1695673861017 0.0 84000
1695673945966 0.0 88000
1695674026301 0.0 92000
1695674106753 0.0 96000
1695674188496 0.0 100000
1695674272900 0.0 104000
1695674360506 0.0 108000
1695674442901 0.0 112000
1695674524821 0.0 116000
1695674604741 0.0 120000
1695674686271 0.0 124000
1695674760949 0.0 128000
1695674835813 0.0 132000
1695674905935 0.0 136000
1695674983852 0.0 140000
1695675057387 0.0 144000
1695675130733 0.0 148000
1695675201025 0.0 152000
1695675272617 0.0 156000
1695675343543 0.0 160000
1695675414017 0.0 164000
1695675488840 0.0 168000
1695675564949 0.0 172000
1695675636501 0.0 176000
1695675707627 0.0 180000
1695675779466 0.0 184000
1695675846330 0.0 188000
1695675912960 0.0 192000
1695675979079 0.0 196000
1695676044725 0.0 200000
1695676110953 0.0 204000
1695676191560 0.0 208000
1695676270226 0.0 212000
1695676339829 0.0 216000
1695676408493 0.0 220000
1695676480535 0.0 224000
1695676555021 0.0 228000
1695676625463 0.0 232000
1695676703945 0.0 236000
1695676788179 0.0 240000
1695676877963 0.0 244000
1695676967054 0.0 248000
1695677042650 0.0 252000
1695677114837 0.0 256000
1695677195447 0.0 260000
1695677276783 0.0 264000
1695677358173 0.0 268000
1695677440000 0.0 272000
1695677527151 0.0 276000
