1695672393903 60.0 4000
1695672462607 60.0 8000
1695672529115 60.0 12000
1695672599957 60.0 16000
1695672672233 60.0 20000
1695672745174 60.0 24000
1695672809562 60.0 28000
1695672873911 60.0 32000
1695672940597 60.0 36000
1695673005132 60.0 40000
1695673074166 60.0 44000
1695673141107 60.0 48000
1695673218401 60.0 52000
1695673294662 60.0 56000
1695673372388 60.0 60000
1695673449606 60.0 64000
1695673533500 60.0 68000
1695673613708 60.0 72000
1695673696492 60.0 76000
1695673782502 60.0 80000
1695673860991 60.0 84000
1695673945942 60.0 88000
1695674026275 60.0 92000
1695674106728 60.0 96000
1695674188471 60.0 100000
1695674272858 60.0 104000
1695674360480 60.0 108000
1695674442870 60.0 112000
1695674524796 60.0 116000
1695674604716 60.0 120000
1695674686246 60.0 124000
1695674760917 60.0 128000
1695674835790 60.0 132000
1695674905912 60.0 136000
1695674983830 60.0 140000
1695675057366 60.0 144000
1695675130708 60.0 148000
1695675201003 60.0 152000
1695675272597 60.0 156000
1695675343522 60.0 160000
1695675413997 60.0 164000
1695675488807 60.0 168000
1695675564928 60.0 172000
1695675636478 60.0 176000
1695675707606 60.0 180000
1695675779444 60.0 184000
1695675846311 60.0 188000
1695675912940 60.0 192000
1695675979054 60.0 196000
1695676044706 60.0 200000
1695676110933 60.0 204000
1695676191539 60.0 208000
1695676270206 60.0 212000
1695676339808 60.0 216000
1695676408473 60.0 220000
1695676480514 60.0 224000
1695676554998 60.0 228000
1695676625442 60.0 232000
1695676703922 60.0 236000
1695676788155 60.0 240000
1695676877931 60.0 244000
1695676967020 60.0 248000
1695677042629 60.0 252000
1695677114816 60.0 256000
1695677195424 60.0 260000
1695677276759 60.0 264000
1695677358150 60.0 268000
1695677439975 60.0 272000
1695677527130 60.0 276000
