1695672393865 0.0 4000
1695672462571 0.0 8000
1695672529080 0.0 12000
1695672599918 0.0 16000
1695672672197 0.0 20000
1695672745140 0.0 24000
1695672809529 0.0 28000
1695672873879 0.0 32000
1695672940564 0.0 36000
1695673005101 0.0 40000
1695673074131 0.0 44000
1695673141076 0.0 48000
1695673218368 0.0 52000
1695673294622 0.0 56000
1695673372350 0.0 60000
1695673449564 0.0 64000
1695673533452 0.0 68000
1695673613670 0.0 72000
1695673696450 0.0 76000
1695673782460 0.0 80000
1695673860950 0.0 84000
1695673945901 0.0 88000
1695674026234 0.0 92000
1695674106686 0.0 96000
1695674188429 0.0 100000
1695674272816 0.0 104000
1695674360439 0.0 108000
1695674442819 0.0 112000
1695674524754 0.0 116000
1695674604675 0.0 120000
1695674686204 0.0 124000
1695674760875 0.0 128000
1695674835754 0.0 132000
1695674905869 0.0 136000
1695674983793 0.0 140000
1695675057331 0.0 144000
1695675130667 0.0 148000
1695675200967 0.0 152000
1695675272565 0.0 156000
1695675343487 0.0 160000
1695675413965 0.0 164000
1695675488755 0.0 168000
1695675564893 0.0 172000
1695675636442 0.0 176000
1695675707570 0.0 180000
1695675779408 0.0 184000
1695675846281 0.0 188000
1695675912908 0.0 192000
1695675979019 0.0 196000
1695676044672 0.0 200000
1695676110900 0.0 204000
1695676191502 0.0 208000
1695676270171 0.0 212000
1695676339772 0.0 216000
1695676408439 0.0 220000
1695676480480 0.0 224000
1695676554960 0.0 228000
1695676625407 0.0 232000
1695676703886 0.0 236000
1695676788117 0.0 240000
1695676877881 0.0 244000
1695676966960 0.0 248000
1695677042594 0.0 252000
1695677114780 0.0 256000
1695677195385 0.0 260000
1695677276720 0.0 264000
1695677358112 0.0 268000
1695677439929 0.0 272000
1695677527094 0.0 276000
