1695672393862 20.0 4000
1695672462568 20.0 8000
1695672529077 20.0 12000
1695672599915 20.0 16000
1695672672194 20.0 20000
1695672745137 20.0 24000
1695672809527 20.0 28000
1695672873876 20.0 32000
1695672940561 20.0 36000
1695673005099 20.0 40000
1695673074129 20.0 44000
1695673141073 20.0 48000
1695673218366 20.0 52000
1695673294619 20.0 56000
1695673372346 20.0 60000
1695673449561 20.0 64000
1695673533446 20.0 68000
1695673613667 20.0 72000
1695673696447 20.0 76000
1695673782457 20.0 80000
1695673860945 20.0 84000
1695673945898 20.0 88000
1695674026231 20.0 92000
1695674106682 20.0 96000
1695674188426 20.0 100000
1695674272812 20.0 104000
1695674360435 20.0 108000
1695674442816 20.0 112000
1695674524750 20.0 116000
1695674604671 20.0 120000
1695674686200 20.0 124000
1695674760872 20.0 128000
1695674835751 20.0 132000
1695674905866 20.0 136000
1695674983790 20.0 140000
1695675057328 20.0 144000
1695675130663 20.0 148000
1695675200964 20.0 152000
1695675272562 20.0 156000
1695675343483 20.0 160000
1695675413962 20.0 164000
1695675488750 20.0 168000
1695675564890 20.0 172000
1695675636439 20.0 176000
1695675707567 20.0 180000
1695675779405 20.0 184000
1695675846279 20.0 188000
1695675912905 20.0 192000
1695675979016 20.0 196000
1695676044669 20.0 200000
1695676110898 20.0 204000
1695676191499 20.0 208000
1695676270168 20.0 212000
1695676339769 20.0 216000
1695676408437 20.0 220000
1695676480477 20.0 224000
1695676554957 20.0 228000
1695676625404 20.0 232000
1695676703882 20.0 236000
1695676788114 20.0 240000
1695676877877 20.0 244000
1695676966955 20.0 248000
1695677042591 20.0 252000
1695677114777 20.0 256000
1695677195382 20.0 260000
1695677276716 20.0 264000
1695677358109 20.0 268000
1695677439925 20.0 272000
1695677527091 20.0 276000
