1695672393861 0.0 4000
1695672462567 0.0 8000
1695672529076 0.0 12000
1695672599914 0.0 16000
1695672672193 0.0 20000
1695672745137 0.0 24000
1695672809526 0.0 28000
1695672873876 0.0 32000
1695672940560 0.0 36000
1695673005098 0.0 40000
1695673074128 0.0 44000
1695673141072 0.0 48000
1695673218365 0.0 52000
1695673294618 0.0 56000
1695673372345 0.0 60000
1695673449560 0.0 64000
1695673533445 0.0 68000
1695673613666 0.0 72000
1695673696446 0.0 76000
1695673782456 0.0 80000
1695673860945 0.0 84000
1695673945897 0.0 88000
1695674026230 0.0 92000
1695674106681 0.0 96000
1695674188425 0.0 100000
1695674272811 0.0 104000
1695674360434 0.0 108000
1695674442815 0.0 112000
1695674524749 0.0 116000
1695674604671 0.0 120000
1695674686199 0.0 124000
1695674760871 0.0 128000
1695674835750 0.0 132000
1695674905865 0.0 136000
1695674983790 0.0 140000
1695675057327 0.0 144000
1695675130662 0.0 148000
1695675200963 0.0 152000
1695675272561 0.0 156000
1695675343483 0.0 160000
1695675413962 0.0 164000
1695675488749 0.0 168000
1695675564890 0.0 172000
1695675636438 0.0 176000
1695675707567 0.0 180000
1695675779404 0.0 184000
1695675846278 0.0 188000
1695675912905 0.0 192000
1695675979016 0.0 196000
1695676044668 0.0 200000
1695676110897 0.0 204000
1695676191498 0.0 208000
1695676270167 0.0 212000
1695676339769 0.0 216000
1695676408436 0.0 220000
1695676480476 0.0 224000
1695676554956 0.0 228000
1695676625403 0.0 232000
1695676703882 0.0 236000
1695676788113 0.0 240000
1695676877876 0.0 244000
1695676966954 0.0 248000
1695677042590 0.0 252000
1695677114776 0.0 256000
1695677195381 0.0 260000
1695677276716 0.0 264000
1695677358108 0.0 268000
1695677439924 0.0 272000
1695677527090 0.0 276000
