1695672393874 0.0 4000
1695672462579 0.0 8000
1695672529089 0.0 12000
1695672599928 0.0 16000
1695672672205 0.0 20000
1695672745148 0.0 24000
1695672809538 0.0 28000
1695672873887 0.0 32000
1695672940572 0.0 36000
1695673005108 0.0 40000
1695673074139 0.0 44000
1695673141084 0.0 48000
1695673218376 0.0 52000
1695673294632 0.0 56000
1695673372359 0.0 60000
1695673449574 0.0 64000
1695673533466 0.0 68000
1695673613679 0.0 72000
1695673696460 0.0 76000
1695673782470 0.0 80000
1695673860960 0.0 84000
1695673945911 0.0 88000
1695674026245 0.0 92000
1695674106697 0.0 96000
1695674188439 0.0 100000
1695674272825 0.0 104000
1695674360449 0.0 108000
1695674442831 0.0 112000
1695674524764 0.0 116000
1695674604685 0.0 120000
1695674686214 0.0 124000
1695674760885 0.0 128000
1695674835763 0.0 132000
1695674905879 0.0 136000
1695674983802 0.0 140000
1695675057339 0.0 144000
1695675130677 0.0 148000
1695675200975 0.0 152000
1695675272572 0.0 156000
1695675343495 0.0 160000
1695675413973 0.0 164000
1695675488766 0.0 168000
1695675564902 0.0 172000
1695675636450 0.0 176000
1695675707579 0.0 180000
1695675779416 0.0 184000
1695675846288 0.0 188000
1695675912916 0.0 192000
1695675979026 0.0 196000
1695676044679 0.0 200000
1695676110909 0.0 204000
1695676191511 0.0 208000
1695676270180 0.0 212000
1695676339781 0.0 216000
1695676408448 0.0 220000
1695676480488 0.0 224000
1695676554969 0.0 228000
1695676625415 0.0 232000
1695676703894 0.0 236000
1695676788127 0.0 240000
1695676877894 0.0 244000
1695676966971 0.0 248000
1695677042602 0.0 252000
1695677114788 0.0 256000
1695677195394 0.0 260000
1695677276729 0.0 264000
1695677358121 0.0 268000
1695677439943 0.0 272000
1695677527102 0.0 276000
