1695672393869 1.0 4000
1695672462575 1.0 8000
1695672529084 1.0 12000
1695672599923 1.0 16000
1695672672201 1.0 20000
1695672745144 1.0 24000
1695672809533 1.0 28000
1695672873883 1.0 32000
1695672940567 1.0 36000
1695673005105 1.0 40000
1695673074135 1.0 44000
1695673141079 1.0 48000
1695673218372 1.0 52000
1695673294627 1.0 56000
1695673372354 1.0 60000
1695673449569 1.0 64000
1695673533460 1.0 68000
1695673613674 1.0 72000
1695673696455 1.0 76000
1695673782465 1.0 80000
1695673860954 1.0 84000
1695673945906 1.0 88000
1695674026239 1.0 92000
1695674106692 1.0 96000
1695674188434 1.0 100000
1695674272820 1.0 104000
1695674360443 1.0 108000
1695674442824 1.0 112000
1695674524758 1.0 116000
1695674604680 1.0 120000
1695674686208 1.0 124000
1695674760880 1.0 128000
1695674835758 1.0 132000
1695674905874 1.0 136000
1695674983797 1.0 140000
1695675057334 1.0 144000
1695675130671 1.0 148000
1695675200971 1.0 152000
1695675272568 1.0 156000
1695675343490 1.0 160000
1695675413969 1.0 164000
1695675488760 1.0 168000
1695675564897 1.0 172000
1695675636446 1.0 176000
1695675707574 1.0 180000
1695675779412 1.0 184000
1695675846284 1.0 188000
1695675912912 1.0 192000
1695675979022 1.0 196000
1695676044675 1.0 200000
1695676110904 1.0 204000
1695676191506 1.0 208000
1695676270175 1.0 212000
1695676339776 1.0 216000
1695676408443 1.0 220000
1695676480483 1.0 224000
1695676554964 1.0 228000
1695676625411 1.0 232000
1695676703890 1.0 236000
1695676788122 1.0 240000
1695676877885 1.0 244000
1695676966965 1.0 248000
1695677042597 1.0 252000
1695677114784 1.0 256000
1695677195389 1.0 260000
1695677276724 1.0 264000
1695677358116 1.0 268000
1695677439934 1.0 272000
1695677527098 1.0 276000
