1695672393921 0.0 4000
1695672462624 0.0 8000
1695672529132 0.0 12000
1695672599974 0.0 16000
1695672672251 0.0 20000
1695672745191 0.0 24000
1695672809577 0.0 28000
1695672873926 0.0 32000
1695672940612 0.0 36000
1695673005146 0.0 40000
1695673074181 0.0 44000
1695673141123 0.0 48000
1695673218417 0.0 52000
1695673294681 0.0 56000
1695673372407 0.0 60000
1695673449626 0.0 64000
1695673533524 0.0 68000
1695673613726 0.0 72000
1695673696513 0.0 76000
1695673782522 0.0 80000
1695673861011 0.0 84000
1695673945961 0.0 88000
1695674026293 0.0 92000
1695674106748 0.0 96000
1695674188491 0.0 100000
1695674272891 0.0 104000
1695674360500 0.0 108000
1695674442896 0.0 112000
1695674524816 0.0 116000
1695674604735 0.0 120000
1695674686266 0.0 124000
1695674760942 0.0 128000
1695674835808 0.0 132000
1695674905930 0.0 136000
1695674983847 0.0 140000
1695675057382 0.0 144000
1695675130728 0.0 148000
1695675201020 0.0 152000
1695675272613 0.0 156000
1695675343538 0.0 160000
1695675414012 0.0 164000
1695675488834 0.0 168000
1695675564944 0.0 172000
1695675636496 0.0 176000
1695675707623 0.0 180000
1695675779461 0.0 184000
1695675846326 0.0 188000
1695675912956 0.0 192000
1695675979072 0.0 196000
1695676044721 0.0 200000
1695676110949 0.0 204000
1695676191556 0.0 208000
1695676270221 0.0 212000
1695676339825 0.0 216000
1695676408489 0.0 220000
1695676480530 0.0 224000
1695676555016 0.0 228000
1695676625458 0.0 232000
1695676703940 0.0 236000
1695676788173 0.0 240000
1695676877956 0.0 244000
1695676967048 0.0 248000
1695677042646 0.0 252000
1695677114832 0.0 256000
1695677195442 0.0 260000
1695677276778 0.0 264000
1695677358168 0.0 268000
1695677439995 0.0 272000
1695677527146 0.0 276000
