1695672393879 1.0 4000
1695672462584 1.0 8000
1695672529093 1.0 12000
1695672599933 1.0 16000
1695672672210 1.0 20000
1695672745153 1.0 24000
1695672809542 1.0 28000
1695672873891 1.0 32000
1695672940577 1.0 36000
1695673005112 1.0 40000
1695673074143 1.0 44000
1695673141088 1.0 48000
1695673218380 1.0 52000
1695673294637 1.0 56000
1695673372364 1.0 60000
1695673449579 1.0 64000
1695673533473 1.0 68000
1695673613684 1.0 72000
1695673696466 1.0 76000
1695673782476 1.0 80000
1695673860965 1.0 84000
1695673945917 1.0 88000
1695674026250 1.0 92000
1695674106702 1.0 96000
1695674188445 1.0 100000
1695674272830 1.0 104000
1695674360454 1.0 108000
1695674442837 1.0 112000
1695674524769 1.0 116000
1695674604690 1.0 120000
1695674686219 1.0 124000
1695674760891 1.0 128000
1695674835768 1.0 132000
1695674905884 1.0 136000
1695674983807 1.0 140000
1695675057344 1.0 144000
1695675130682 1.0 148000
1695675200980 1.0 152000
1695675272577 1.0 156000
1695675343499 1.0 160000
1695675413978 1.0 164000
1695675488776 1.0 168000
1695675564906 1.0 172000
1695675636456 1.0 176000
1695675707583 1.0 180000
1695675779421 1.0 184000
1695675846292 1.0 188000
1695675912920 1.0 192000
1695675979032 1.0 196000
1695676044684 1.0 200000
1695676110913 1.0 204000
1695676191516 1.0 208000
1695676270184 1.0 212000
1695676339785 1.0 216000
1695676408452 1.0 220000
1695676480492 1.0 224000
1695676554974 1.0 228000
1695676625420 1.0 232000
1695676703899 1.0 236000
1695676788132 1.0 240000
1695676877902 1.0 244000
1695676966979 1.0 248000
1695677042607 1.0 252000
1695677114793 1.0 256000
1695677195399 1.0 260000
1695677276735 1.0 264000
1695677358126 1.0 268000
1695677439951 1.0 272000
1695677527107 1.0 276000
