1695672393896 0.0 4000
1695672462601 0.0 8000
1695672529109 0.0 12000
1695672599950 0.0 16000
1695672672227 0.0 20000
1695672745168 0.0 24000
1695672809557 0.0 28000
1695672873905 0.0 32000
1695672940591 0.0 36000
1695673005126 0.0 40000
1695673074160 0.0 44000
1695673141102 0.0 48000
1695673218395 0.0 52000
1695673294655 0.0 56000
1695673372381 0.0 60000
1695673449598 0.0 64000
1695673533493 0.0 68000
1695673613701 0.0 72000
1695673696485 0.0 76000
1695673782495 0.0 80000
1695673860984 0.0 84000
1695673945935 0.0 88000
1695674026268 0.0 92000
1695674106721 0.0 96000
1695674188463 0.0 100000
1695674272848 0.0 104000
1695674360473 0.0 108000
1695674442861 0.0 112000
1695674524788 0.0 116000
1695674604709 0.0 120000
1695674686238 0.0 124000
1695674760910 0.0 128000
1695674835784 0.0 132000
1695674905903 0.0 136000
1695674983823 0.0 140000
1695675057360 0.0 144000
1695675130701 0.0 148000
1695675200996 0.0 152000
1695675272591 0.0 156000
1695675343516 0.0 160000
1695675413992 0.0 164000
1695675488799 0.0 168000
1695675564921 0.0 172000
1695675636472 0.0 176000
1695675707599 0.0 180000
1695675779438 0.0 184000
1695675846306 0.0 188000
1695675912935 0.0 192000
1695675979048 0.0 196000
1695676044700 0.0 200000
1695676110928 0.0 204000
1695676191532 0.0 208000
1695676270200 0.0 212000
1695676339802 0.0 216000
1695676408467 0.0 220000
1695676480508 0.0 224000
1695676554991 0.0 228000
1695676625436 0.0 232000
1695676703916 0.0 236000
1695676788149 0.0 240000
1695676877922 0.0 244000
1695676967011 0.0 248000
1695677042623 0.0 252000
1695677114809 0.0 256000
1695677195417 0.0 260000
1695677276753 0.0 264000
1695677358143 0.0 268000
1695677439969 0.0 272000
1695677527123 0.0 276000
