1695672393899 0.0 4000
1695672462603 0.0 8000
1695672529112 0.0 12000
1695672599952 0.0 16000
1695672672229 0.0 20000
1695672745170 0.0 24000
1695672809559 0.0 28000
1695672873907 0.0 32000
1695672940593 0.0 36000
1695673005128 0.0 40000
1695673074162 0.0 44000
1695673141104 0.0 48000
1695673218398 0.0 52000
1695673294658 0.0 56000
1695673372384 0.0 60000
1695673449601 0.0 64000
1695673533496 0.0 68000
1695673613704 0.0 72000
1695673696488 0.0 76000
1695673782498 0.0 80000
1695673860987 0.0 84000
1695673945937 0.0 88000
1695674026270 0.0 92000
1695674106724 0.0 96000
1695674188466 0.0 100000
1695674272851 0.0 104000
1695674360475 0.0 108000
1695674442864 0.0 112000
1695674524791 0.0 116000
1695674604712 0.0 120000
1695674686241 0.0 124000
1695674760913 0.0 128000
1695674835786 0.0 132000
1695674905907 0.0 136000
1695674983826 0.0 140000
1695675057362 0.0 144000
1695675130703 0.0 148000
1695675200999 0.0 152000
1695675272593 0.0 156000
1695675343518 0.0 160000
1695675413994 0.0 164000
1695675488802 0.0 168000
1695675564924 0.0 172000
1695675636474 0.0 176000
1695675707601 0.0 180000
1695675779440 0.0 184000
1695675846308 0.0 188000
1695675912937 0.0 192000
1695675979051 0.0 196000
1695676044703 0.0 200000
1695676110930 0.0 204000
1695676191535 0.0 208000
1695676270202 0.0 212000
1695676339804 0.0 216000
1695676408470 0.0 220000
1695676480511 0.0 224000
1695676554994 0.0 228000
1695676625438 0.0 232000
1695676703918 0.0 236000
1695676788151 0.0 240000
1695676877925 0.0 244000
1695676967014 0.0 248000
1695677042625 0.0 252000
1695677114812 0.0 256000
1695677195420 0.0 260000
1695677276755 0.0 264000
1695677358146 0.0 268000
1695677439971 0.0 272000
1695677527126 0.0 276000
