1695672393875 0.99 4000
1695672462580 0.99 8000
1695672529089 0.99 12000
1695672599929 0.99 16000
1695672672206 0.99 20000
1695672745149 0.99 24000
1695672809538 0.99 28000
1695672873888 0.99 32000
1695672940573 0.99 36000
1695673005109 0.99 40000
1695673074140 0.99 44000
1695673141084 0.99 48000
1695673218377 0.99 52000
1695673294633 0.99 56000
1695673372360 0.99 60000
1695673449575 0.99 64000
1695673533467 0.99 68000
1695673613680 0.99 72000
1695673696461 0.99 76000
1695673782471 0.99 80000
1695673860960 0.99 84000
1695673945912 0.99 88000
1695674026246 0.99 92000
1695674106698 0.99 96000
1695674188440 0.99 100000
1695674272826 0.99 104000
1695674360450 0.99 108000
1695674442832 0.99 112000
1695674524764 0.99 116000
1695674604686 0.99 120000
1695674686215 0.99 124000
1695674760886 0.99 128000
1695674835764 0.99 132000
1695674905880 0.99 136000
1695674983803 0.99 140000
1695675057340 0.99 144000
1695675130677 0.99 148000
1695675200976 0.99 152000
1695675272573 0.99 156000
1695675343496 0.99 160000
1695675413974 0.99 164000
1695675488768 0.99 168000
1695675564902 0.99 172000
1695675636451 0.99 176000
1695675707579 0.99 180000
1695675779417 0.99 184000
1695675846289 0.99 188000
1695675912917 0.99 192000
1695675979027 0.99 196000
1695676044680 0.99 200000
1695676110909 0.99 204000
1695676191512 0.99 208000
1695676270180 0.99 212000
1695676339781 0.99 216000
1695676408448 0.99 220000
1695676480489 0.99 224000
1695676554969 0.99 228000
1695676625416 0.99 232000
1695676703895 0.99 236000
1695676788128 0.99 240000
1695676877896 0.99 244000
1695676966972 0.99 248000
1695677042603 0.99 252000
1695677114789 0.99 256000
1695677195395 0.99 260000
1695677276730 0.99 264000
1695677358122 0.99 268000
1695677439945 0.99 272000
1695677527103 0.99 276000
