1695672393913 -1.0 4000
1695672462616 -1.0 8000
1695672529125 -1.0 12000
1695672599966 -1.0 16000
1695672672242 -1.0 20000
1695672745182 -1.0 24000
1695672809571 -1.0 28000
1695672873919 -1.0 32000
1695672940605 -1.0 36000
1695673005140 -1.0 40000
1695673074174 -1.0 44000
1695673141116 -1.0 48000
1695673218410 -1.0 52000
1695673294673 -1.0 56000
1695673372398 -1.0 60000
1695673449617 -1.0 64000
1695673533515 -1.0 68000
1695673613718 -1.0 72000
1695673696503 -1.0 76000
1695673782513 -1.0 80000
1695673861002 -1.0 84000
1695673945952 -1.0 88000
1695674026285 -1.0 92000
1695674106739 -1.0 96000
1695674188481 -1.0 100000
1695674272876 -1.0 104000
1695674360491 -1.0 108000
1695674442884 -1.0 112000
1695674524807 -1.0 116000
1695674604727 -1.0 120000
1695674686257 -1.0 124000
1695674760928 -1.0 128000
1695674835800 -1.0 132000
1695674905922 -1.0 136000
1695674983839 -1.0 140000
1695675057375 -1.0 144000
1695675130719 -1.0 148000
1695675201012 -1.0 152000
1695675272606 -1.0 156000
1695675343531 -1.0 160000
1695675414005 -1.0 164000
1695675488825 -1.0 168000
1695675564937 -1.0 172000
1695675636488 -1.0 176000
1695675707614 -1.0 180000
1695675779453 -1.0 184000
1695675846320 -1.0 188000
1695675912949 -1.0 192000
1695675979063 -1.0 196000
1695676044714 -1.0 200000
1695676110942 -1.0 204000
1695676191548 -1.0 208000
1695676270214 -1.0 212000
1695676339817 -1.0 216000
1695676408482 -1.0 220000
1695676480523 -1.0 224000
1695676555008 -1.0 228000
1695676625451 -1.0 232000
1695676703932 -1.0 236000
1695676788165 -1.0 240000
1695676877946 -1.0 244000
1695676967034 -1.0 248000
1695677042638 -1.0 252000
1695677114825 -1.0 256000
1695677195434 -1.0 260000
1695677276770 -1.0 264000
1695677358160 -1.0 268000
1695677439986 -1.0 272000
1695677527139 -1.0 276000
