1695672393901 0.0 4000
1695672462604 0.0 8000
1695672529113 0.0 12000
1695672599954 0.0 16000
1695672672231 0.0 20000
1695672745172 0.0 24000
1695672809560 0.0 28000
1695672873909 0.0 32000
1695672940595 0.0 36000
1695673005130 0.0 40000
1695673074164 0.0 44000
1695673141105 0.0 48000
1695673218399 0.0 52000
1695673294659 0.0 56000
1695673372386 0.0 60000
1695673449603 0.0 64000
1695673533498 0.0 68000
1695673613705 0.0 72000
1695673696490 0.0 76000
1695673782499 0.0 80000
1695673860988 0.0 84000
1695673945939 0.0 88000
1695674026272 0.0 92000
1695674106726 0.0 96000
1695674188468 0.0 100000
1695674272854 0.0 104000
1695674360477 0.0 108000
1695674442868 0.0 112000
1695674524793 0.0 116000
1695674604714 0.0 120000
1695674686243 0.0 124000
1695674760914 0.0 128000
1695674835788 0.0 132000
1695674905909 0.0 136000
1695674983827 0.0 140000
1695675057363 0.0 144000
1695675130705 0.0 148000
1695675201000 0.0 152000
1695675272595 0.0 156000
1695675343519 0.0 160000
1695675413995 0.0 164000
1695675488804 0.0 168000
1695675564925 0.0 172000
1695675636476 0.0 176000
1695675707603 0.0 180000
1695675779441 0.0 184000
1695675846309 0.0 188000
1695675912938 0.0 192000
1695675979052 0.0 196000
1695676044704 0.0 200000
1695676110931 0.0 204000
1695676191536 0.0 208000
1695676270203 0.0 212000
1695676339806 0.0 216000
1695676408471 0.0 220000
1695676480512 0.0 224000
1695676554995 0.0 228000
1695676625439 0.0 232000
1695676703920 0.0 236000
1695676788153 0.0 240000
1695676877927 0.0 244000
1695676967016 0.0 248000
1695677042626 0.0 252000
1695677114813 0.0 256000
1695677195421 0.0 260000
1695677276757 0.0 264000
1695677358147 0.0 268000
1695677439973 0.0 272000
1695677527127 0.0 276000
