1695672393866 0.0 4000
1695672462572 0.0 8000
1695672529081 0.0 12000
1695672599919 0.0 16000
1695672672198 0.0 20000
1695672745141 0.0 24000
1695672809530 0.0 28000
1695672873880 0.0 32000
1695672940565 0.0 36000
1695673005102 0.0 40000
1695673074132 0.0 44000
1695673141077 0.0 48000
1695673218369 0.0 52000
1695673294623 0.0 56000
1695673372350 0.0 60000
1695673449565 0.0 64000
1695673533454 0.0 68000
1695673613671 0.0 72000
1695673696451 0.0 76000
1695673782461 0.0 80000
1695673860951 0.0 84000
1695673945902 0.0 88000
1695674026235 0.0 92000
1695674106687 0.0 96000
1695674188430 0.0 100000
1695674272817 0.0 104000
1695674360440 0.0 108000
1695674442820 0.0 112000
1695674524755 0.0 116000
1695674604676 0.0 120000
1695674686205 0.0 124000
1695674760876 0.0 128000
1695674835755 0.0 132000
1695674905870 0.0 136000
1695674983794 0.0 140000
1695675057331 0.0 144000
1695675130668 0.0 148000
1695675200968 0.0 152000
1695675272565 0.0 156000
1695675343487 0.0 160000
1695675413966 0.0 164000
1695675488756 0.0 168000
1695675564894 0.0 172000
1695675636443 0.0 176000
1695675707571 0.0 180000
1695675779409 0.0 184000
1695675846282 0.0 188000
1695675912909 0.0 192000
1695675979020 0.0 196000
1695676044672 0.0 200000
1695676110901 0.0 204000
1695676191503 0.0 208000
1695676270171 0.0 212000
1695676339773 0.0 216000
1695676408440 0.0 220000
1695676480480 0.0 224000
1695676554961 0.0 228000
1695676625407 0.0 232000
1695676703887 0.0 236000
1695676788119 0.0 240000
1695676877882 0.0 244000
1695676966961 0.0 248000
1695677042594 0.0 252000
1695677114781 0.0 256000
1695677195386 0.0 260000
1695677276721 0.0 264000
1695677358113 0.0 268000
1695677439930 0.0 272000
1695677527095 0.0 276000
