1695672393892 0.0 4000
1695672462597 0.0 8000
1695672529105 0.0 12000
1695672599946 0.0 16000
1695672672223 0.0 20000
1695672745164 0.0 24000
1695672809554 0.0 28000
1695672873902 0.0 32000
1695672940588 0.0 36000
1695673005123 0.0 40000
1695673074156 0.0 44000
1695673141099 0.0 48000
1695673218392 0.0 52000
1695673294651 0.0 56000
1695673372377 0.0 60000
1695673449593 0.0 64000
1695673533488 0.0 68000
1695673613697 0.0 72000
1695673696481 0.0 76000
1695673782490 0.0 80000
1695673860979 0.0 84000
1695673945931 0.0 88000
1695674026264 0.0 92000
1695674106717 0.0 96000
1695674188459 0.0 100000
1695674272844 0.0 104000
1695674360468 0.0 108000
1695674442856 0.0 112000
1695674524784 0.0 116000
1695674604705 0.0 120000
1695674686234 0.0 124000
1695674760905 0.0 128000
1695674835780 0.0 132000
1695674905899 0.0 136000
1695674983819 0.0 140000
1695675057356 0.0 144000
1695675130696 0.0 148000
1695675200992 0.0 152000
1695675272588 0.0 156000
1695675343512 0.0 160000
1695675413988 0.0 164000
1695675488794 0.0 168000
1695675564918 0.0 172000
1695675636468 0.0 176000
1695675707595 0.0 180000
1695675779434 0.0 184000
1695675846302 0.0 188000
1695675912932 0.0 192000
1695675979045 0.0 196000
1695676044697 0.0 200000
1695676110924 0.0 204000
1695676191529 0.0 208000
1695676270195 0.0 212000
1695676339797 0.0 216000
1695676408464 0.0 220000
1695676480504 0.0 224000
1695676554986 0.0 228000
1695676625432 0.0 232000
1695676703912 0.0 236000
1695676788145 0.0 240000
1695676877917 0.0 244000
1695676967004 0.0 248000
1695677042619 0.0 252000
1695677114805 0.0 256000
1695677195413 0.0 260000
1695677276748 0.0 264000
1695677358139 0.0 268000
1695677439964 0.0 272000
1695677527119 0.0 276000
