1695672393917 0.2 4000
1695672462620 0.2 8000
1695672529128 0.2 12000
1695672599970 0.2 16000
1695672672246 0.2 20000
1695672745187 0.2 24000
1695672809574 0.2 28000
1695672873922 0.2 32000
1695672940609 0.2 36000
1695673005143 0.2 40000
1695673074177 0.2 44000
1695673141119 0.2 48000
1695673218414 0.2 52000
1695673294677 0.2 56000
1695673372402 0.2 60000
1695673449621 0.2 64000
1695673533520 0.2 68000
1695673613722 0.2 72000
1695673696508 0.2 76000
1695673782517 0.2 80000
1695673861007 0.2 84000
1695673945957 0.2 88000
1695674026289 0.2 92000
1695674106744 0.2 96000
1695674188486 0.2 100000
1695674272884 0.2 104000
1695674360495 0.2 108000
1695674442889 0.2 112000
1695674524811 0.2 116000
1695674604731 0.2 120000
1695674686262 0.2 124000
1695674760934 0.2 128000
1695674835805 0.2 132000
1695674905926 0.2 136000
1695674983843 0.2 140000
1695675057379 0.2 144000
1695675130723 0.2 148000
1695675201016 0.2 152000
1695675272609 0.2 156000
1695675343534 0.2 160000
1695675414009 0.2 164000
1695675488830 0.2 168000
1695675564941 0.2 172000
1695675636492 0.2 176000
1695675707618 0.2 180000
1695675779457 0.2 184000
1695675846323 0.2 188000
1695675912952 0.2 192000
1695675979067 0.2 196000
1695676044718 0.2 200000
1695676110945 0.2 204000
1695676191552 0.2 208000
1695676270218 0.2 212000
1695676339821 0.2 216000
1695676408485 0.2 220000
1695676480527 0.2 224000
1695676555012 0.2 228000
1695676625455 0.2 232000
1695676703936 0.2 236000
1695676788169 0.2 240000
1695676877951 0.2 244000
1695676967040 0.2 248000
1695677042642 0.2 252000
1695677114828 0.2 256000
1695677195438 0.2 260000
1695677276774 0.2 264000
1695677358164 0.2 268000
1695677439990 0.2 272000
1695677527143 0.2 276000
