1695672393923 0.01 4000
1695672462626 0.01 8000
1695672529134 0.01 12000
1695672599977 0.01 16000
1695672672253 0.01 20000
1695672745193 0.01 24000
1695672809579 0.01 28000
1695672873928 0.01 32000
1695672940614 0.01 36000
1695673005148 0.01 40000
1695673074183 0.01 44000
1695673141125 0.01 48000
1695673218419 0.01 52000
1695673294684 0.01 56000
1695673372409 0.01 60000
1695673449629 0.01 64000
1695673533527 0.01 68000
1695673613728 0.01 72000
1695673696515 0.01 76000
1695673782524 0.01 80000
1695673861014 0.01 84000
1695673945964 0.01 88000
1695674026297 0.01 92000
1695674106751 0.01 96000
1695674188493 0.01 100000
1695674272895 0.01 104000
1695674360503 0.01 108000
1695674442898 0.01 112000
1695674524818 0.01 116000
1695674604738 0.01 120000
1695674686268 0.01 124000
1695674760946 0.01 128000
1695674835811 0.01 132000
1695674905932 0.01 136000
1695674983850 0.01 140000
1695675057385 0.01 144000
1695675130730 0.01 148000
1695675201022 0.01 152000
1695675272615 0.01 156000
1695675343540 0.01 160000
1695675414015 0.01 164000
1695675488837 0.01 168000
1695675564947 0.01 172000
1695675636498 0.01 176000
1695675707625 0.01 180000
1695675779463 0.01 184000
1695675846328 0.01 188000
1695675912958 0.01 192000
1695675979075 0.01 196000
1695676044723 0.01 200000
1695676110951 0.01 204000
1695676191558 0.01 208000
1695676270224 0.01 212000
1695676339827 0.01 216000
1695676408491 0.01 220000
1695676480533 0.01 224000
1695676555018 0.01 228000
1695676625461 0.01 232000
1695676703942 0.01 236000
1695676788176 0.01 240000
1695676877960 0.01 244000
1695676967051 0.01 248000
1695677042648 0.01 252000
1695677114834 0.01 256000
1695677195445 0.01 260000
1695677276781 0.01 264000
1695677358171 0.01 268000
1695677439997 0.01 272000
1695677527149 0.01 276000
