1695672393925 1.0 4000
1695672462627 1.0 8000
1695672529136 1.0 12000
1695672599978 1.0 16000
1695672672255 1.0 20000
1695672745195 1.0 24000
1695672809581 1.0 28000
1695672873929 1.0 32000
1695672940615 1.0 36000
1695673005150 1.0 40000
1695673074184 1.0 44000
1695673141126 1.0 48000
1695673218421 1.0 52000
1695673294686 1.0 56000
1695673372411 1.0 60000
1695673449631 1.0 64000
1695673533529 1.0 68000
1695673613730 1.0 72000
1695673696517 1.0 76000
1695673782526 1.0 80000
1695673861016 1.0 84000
1695673945965 1.0 88000
1695674026299 1.0 92000
1695674106752 1.0 96000
1695674188495 1.0 100000
1695674272898 1.0 104000
1695674360505 1.0 108000
1695674442900 1.0 112000
1695674524820 1.0 116000
1695674604740 1.0 120000
1695674686270 1.0 124000
1695674760948 1.0 128000
1695674835812 1.0 132000
1695674905934 1.0 136000
1695674983851 1.0 140000
1695675057386 1.0 144000
1695675130732 1.0 148000
1695675201024 1.0 152000
1695675272616 1.0 156000
1695675343542 1.0 160000
1695675414016 1.0 164000
1695675488839 1.0 168000
1695675564948 1.0 172000
1695675636500 1.0 176000
1695675707626 1.0 180000
1695675779465 1.0 184000
1695675846330 1.0 188000
1695675912959 1.0 192000
1695675979078 1.0 196000
1695676044724 1.0 200000
1695676110952 1.0 204000
1695676191560 1.0 208000
1695676270225 1.0 212000
1695676339828 1.0 216000
1695676408493 1.0 220000
1695676480534 1.0 224000
1695676555020 1.0 228000
1695676625462 1.0 232000
1695676703944 1.0 236000
1695676788178 1.0 240000
1695676877962 1.0 244000
1695676967053 1.0 248000
1695677042650 1.0 252000
1695677114836 1.0 256000
1695677195446 1.0 260000
1695677276782 1.0 264000
1695677358172 1.0 268000
1695677439999 1.0 272000
1695677527150 1.0 276000
