1695672393860 0.0 4000
1695672462566 0.0 8000
1695672529076 0.0 12000
1695672599914 0.0 16000
1695672672192 0.0 20000
1695672745136 0.0 24000
1695672809525 0.0 28000
1695672873875 0.0 32000
1695672940559 0.0 36000
1695673005097 0.0 40000
1695673074127 0.0 44000
1695673141072 0.0 48000
1695673218364 0.0 52000
1695673294617 0.0 56000
1695673372345 0.0 60000
1695673449559 0.0 64000
1695673533444 0.0 68000
1695673613665 0.0 72000
1695673696445 0.0 76000
1695673782455 0.0 80000
1695673860944 0.0 84000
1695673945896 0.0 88000
1695674026229 0.0 92000
1695674106681 0.0 96000
1695674188424 0.0 100000
1695674272811 0.0 104000
1695674360433 0.0 108000
1695674442812 0.0 112000
1695674524748 0.0 116000
1695674604670 0.0 120000
1695674686198 0.0 124000
1695674760870 0.0 128000
1695674835749 0.0 132000
1695674905864 0.0 136000
1695674983789 0.0 140000
1695675057326 0.0 144000
1695675130661 0.0 148000
1695675200963 0.0 152000
1695675272560 0.0 156000
1695675343482 0.0 160000
1695675413961 0.0 164000
1695675488748 0.0 168000
1695675564889 0.0 172000
1695675636437 0.0 176000
1695675707566 0.0 180000
1695675779403 0.0 184000
1695675846277 0.0 188000
1695675912904 0.0 192000
1695675979015 0.0 196000
1695676044668 0.0 200000
1695676110896 0.0 204000
1695676191497 0.0 208000
1695676270167 0.0 212000
1695676339768 0.0 216000
1695676408435 0.0 220000
1695676480475 0.0 224000
1695676554955 0.0 228000
1695676625402 0.0 232000
1695676703881 0.0 236000
1695676788113 0.0 240000
1695676877875 0.0 244000
1695676966952 0.0 248000
1695677042589 0.0 252000
1695677114775 0.0 256000
1695677195380 0.0 260000
1695677276715 0.0 264000
1695677358107 0.0 268000
1695677439923 0.0 272000
1695677527089 0.0 276000
