1695672393898 1.0 4000
1695672462602 1.0 8000
1695672529111 1.0 12000
1695672599952 1.0 16000
1695672672228 1.0 20000
1695672745170 1.0 24000
1695672809558 1.0 28000
1695672873907 1.0 32000
1695672940593 1.0 36000
1695673005128 1.0 40000
1695673074161 1.0 44000
1695673141103 1.0 48000
1695673218397 1.0 52000
1695673294657 1.0 56000
1695673372383 1.0 60000
1695673449600 1.0 64000
1695673533495 1.0 68000
1695673613703 1.0 72000
1695673696487 1.0 76000
1695673782497 1.0 80000
1695673860986 1.0 84000
1695673945936 1.0 88000
1695674026269 1.0 92000
1695674106723 1.0 96000
1695674188465 1.0 100000
1695674272850 1.0 104000
1695674360475 1.0 108000
1695674442863 1.0 112000
1695674524790 1.0 116000
1695674604711 1.0 120000
1695674686240 1.0 124000
1695674760912 1.0 128000
1695674835786 1.0 132000
1695674905906 1.0 136000
1695674983825 1.0 140000
1695675057361 1.0 144000
1695675130703 1.0 148000
1695675200998 1.0 152000
1695675272593 1.0 156000
1695675343517 1.0 160000
1695675413993 1.0 164000
1695675488801 1.0 168000
1695675564923 1.0 172000
1695675636474 1.0 176000
1695675707600 1.0 180000
1695675779439 1.0 184000
1695675846307 1.0 188000
1695675912936 1.0 192000
1695675979050 1.0 196000
1695676044702 1.0 200000
1695676110929 1.0 204000
1695676191534 1.0 208000
1695676270201 1.0 212000
1695676339803 1.0 216000
1695676408469 1.0 220000
1695676480510 1.0 224000
1695676554993 1.0 228000
1695676625437 1.0 232000
1695676703917 1.0 236000
1695676788150 1.0 240000
1695676877924 1.0 244000
1695676967013 1.0 248000
1695677042624 1.0 252000
1695677114811 1.0 256000
1695677195419 1.0 260000
1695677276754 1.0 264000
1695677358145 1.0 268000
1695677439970 1.0 272000
1695677527125 1.0 276000
