1695672393876 5e-05 4000
1695672462581 5e-05 8000
1695672529090 5e-05 12000
1695672599929 5e-05 16000
1695672672207 5e-05 20000
1695672745150 5e-05 24000
1695672809539 5e-05 28000
1695672873888 5e-05 32000
1695672940574 5e-05 36000
1695673005110 5e-05 40000
1695673074140 5e-05 44000
1695673141085 5e-05 48000
1695673218378 5e-05 52000
1695673294634 5e-05 56000
1695673372360 5e-05 60000
1695673449575 5e-05 64000
1695673533468 5e-05 68000
1695673613680 5e-05 72000
1695673696462 5e-05 76000
1695673782472 5e-05 80000
1695673860961 5e-05 84000
1695673945913 5e-05 88000
1695674026247 5e-05 92000
1695674106699 5e-05 96000
1695674188441 5e-05 100000
1695674272827 5e-05 104000
1695674360450 5e-05 108000
1695674442833 5e-05 112000
1695674524765 5e-05 116000
1695674604687 5e-05 120000
1695674686215 5e-05 124000
1695674760887 5e-05 128000
1695674835764 5e-05 132000
1695674905880 5e-05 136000
1695674983804 5e-05 140000
1695675057341 5e-05 144000
1695675130678 5e-05 148000
1695675200977 5e-05 152000
1695675272574 5e-05 156000
1695675343496 5e-05 160000
1695675413975 5e-05 164000
1695675488769 5e-05 168000
1695675564903 5e-05 172000
1695675636452 5e-05 176000
1695675707580 5e-05 180000
1695675779418 5e-05 184000
1695675846290 5e-05 188000
1695675912917 5e-05 192000
1695675979028 5e-05 196000
1695676044680 5e-05 200000
1695676110910 5e-05 204000
1695676191513 5e-05 208000
1695676270181 5e-05 212000
1695676339782 5e-05 216000
1695676408449 5e-05 220000
1695676480489 5e-05 224000
1695676554970 5e-05 228000
1695676625417 5e-05 232000
1695676703896 5e-05 236000
1695676788128 5e-05 240000
1695676877898 5e-05 244000
1695676966973 5e-05 248000
1695677042603 5e-05 252000
1695677114790 5e-05 256000
1695677195396 5e-05 260000
1695677276731 5e-05 264000
1695677358123 5e-05 268000
1695677439946 5e-05 272000
1695677527104 5e-05 276000
