1695672393877 2.0 4000
1695672462582 2.0 8000
1695672529092 2.0 12000
1695672599931 2.0 16000
1695672672209 2.0 20000
1695672745151 2.0 24000
1695672809540 2.0 28000
1695672873890 2.0 32000
1695672940575 2.0 36000
1695673005111 2.0 40000
1695673074142 2.0 44000
1695673141086 2.0 48000
1695673218379 2.0 52000
1695673294635 2.0 56000
1695673372362 2.0 60000
1695673449577 2.0 64000
1695673533471 2.0 68000
1695673613682 2.0 72000
1695673696464 2.0 76000
1695673782474 2.0 80000
1695673860963 2.0 84000
1695673945915 2.0 88000
1695674026249 2.0 92000
1695674106700 2.0 96000
1695674188443 2.0 100000
1695674272829 2.0 104000
1695674360452 2.0 108000
1695674442835 2.0 112000
1695674524767 2.0 116000
1695674604689 2.0 120000
1695674686217 2.0 124000
1695674760889 2.0 128000
1695674835766 2.0 132000
1695674905882 2.0 136000
1695674983805 2.0 140000
1695675057342 2.0 144000
1695675130680 2.0 148000
1695675200978 2.0 152000
1695675272575 2.0 156000
1695675343498 2.0 160000
1695675413976 2.0 164000
1695675488773 2.0 168000
1695675564904 2.0 172000
1695675636454 2.0 176000
1695675707581 2.0 180000
1695675779419 2.0 184000
1695675846291 2.0 188000
1695675912919 2.0 192000
1695675979030 2.0 196000
1695676044682 2.0 200000
1695676110911 2.0 204000
1695676191514 2.0 208000
1695676270183 2.0 212000
1695676339784 2.0 216000
1695676408451 2.0 220000
1695676480491 2.0 224000
1695676554972 2.0 228000
1695676625419 2.0 232000
1695676703897 2.0 236000
1695676788130 2.0 240000
1695676877900 2.0 244000
1695676966976 2.0 248000
1695677042605 2.0 252000
1695677114792 2.0 256000
1695677195398 2.0 260000
1695677276733 2.0 264000
1695677358125 2.0 268000
1695677439949 2.0 272000
1695677527105 2.0 276000
