1695672393902 1000.0 4000
1695672462606 1000.0 8000
1695672529115 1000.0 12000
1695672599956 1000.0 16000
1695672672232 1000.0 20000
1695672745173 1000.0 24000
1695672809562 1000.0 28000
1695672873910 1000.0 32000
1695672940596 1000.0 36000
1695673005131 1000.0 40000
1695673074165 1000.0 44000
1695673141107 1000.0 48000
1695673218400 1000.0 52000
1695673294661 1000.0 56000
1695673372387 1000.0 60000
1695673449605 1000.0 64000
1695673533500 1000.0 68000
1695673613707 1000.0 72000
1695673696492 1000.0 76000
1695673782501 1000.0 80000
1695673860990 1000.0 84000
1695673945941 1000.0 88000
1695674026274 1000.0 92000
1695674106727 1000.0 96000
1695674188470 1000.0 100000
1695674272857 1000.0 104000
1695674360479 1000.0 108000
1695674442869 1000.0 112000
1695674524795 1000.0 116000
1695674604715 1000.0 120000
1695674686245 1000.0 124000
1695674760916 1000.0 128000
1695674835789 1000.0 132000
1695674905911 1000.0 136000
1695674983829 1000.0 140000
1695675057365 1000.0 144000
1695675130707 1000.0 148000
1695675201002 1000.0 152000
1695675272596 1000.0 156000
1695675343521 1000.0 160000
1695675413996 1000.0 164000
1695675488806 1000.0 168000
1695675564927 1000.0 172000
1695675636478 1000.0 176000
1695675707605 1000.0 180000
1695675779443 1000.0 184000
1695675846310 1000.0 188000
1695675912940 1000.0 192000
1695675979053 1000.0 196000
1695676044705 1000.0 200000
1695676110932 1000.0 204000
1695676191538 1000.0 208000
1695676270205 1000.0 212000
1695676339807 1000.0 216000
1695676408473 1000.0 220000
1695676480514 1000.0 224000
1695676554997 1000.0 228000
1695676625441 1000.0 232000
1695676703922 1000.0 236000
1695676788154 1000.0 240000
1695676877929 1000.0 244000
1695676967018 1000.0 248000
1695677042628 1000.0 252000
1695677114815 1000.0 256000
1695677195423 1000.0 260000
1695677276759 1000.0 264000
1695677358149 1000.0 268000
1695677439975 1000.0 272000
1695677527129 1000.0 276000
