1695672393893 60.0 4000
1695672462597 60.0 8000
1695672529106 60.0 12000
1695672599947 60.0 16000
1695672672224 60.0 20000
1695672745165 60.0 24000
1695672809554 60.0 28000
1695672873902 60.0 32000
1695672940588 60.0 36000
1695673005123 60.0 40000
1695673074157 60.0 44000
1695673141099 60.0 48000
1695673218392 60.0 52000
1695673294652 60.0 56000
1695673372378 60.0 60000
1695673449594 60.0 64000
1695673533489 60.0 68000
1695673613698 60.0 72000
1695673696481 60.0 76000
1695673782491 60.0 80000
1695673860980 60.0 84000
1695673945931 60.0 88000
1695674026264 60.0 92000
1695674106717 60.0 96000
1695674188460 60.0 100000
1695674272845 60.0 104000
1695674360469 60.0 108000
1695674442857 60.0 112000
1695674524785 60.0 116000
1695674604706 60.0 120000
1695674686234 60.0 124000
1695674760906 60.0 128000
1695674835781 60.0 132000
1695674905900 60.0 136000
1695674983820 60.0 140000
1695675057357 60.0 144000
1695675130697 60.0 148000
1695675200993 60.0 152000
1695675272588 60.0 156000
1695675343512 60.0 160000
1695675413989 60.0 164000
1695675488795 60.0 168000
1695675564919 60.0 172000
1695675636469 60.0 176000
1695675707596 60.0 180000
1695675779434 60.0 184000
1695675846303 60.0 188000
1695675912932 60.0 192000
1695675979045 60.0 196000
1695676044698 60.0 200000
1695676110925 60.0 204000
1695676191529 60.0 208000
1695676270196 60.0 212000
1695676339798 60.0 216000
1695676408464 60.0 220000
1695676480505 60.0 224000
1695676554988 60.0 228000
1695676625433 60.0 232000
1695676703913 60.0 236000
1695676788146 60.0 240000
1695676877918 60.0 244000
1695676967006 60.0 248000
1695677042619 60.0 252000
1695677114806 60.0 256000
1695677195414 60.0 260000
1695677276749 60.0 264000
1695677358140 60.0 268000
1695677439965 60.0 272000
1695677527120 60.0 276000
