1695672393894 100.0 4000
1695672462598 100.0 8000
1695672529107 100.0 12000
1695672599948 100.0 16000
1695672672224 100.0 20000
1695672745166 100.0 24000
1695672809555 100.0 28000
1695672873903 100.0 32000
1695672940589 100.0 36000
1695673005124 100.0 40000
1695673074158 100.0 44000
1695673141100 100.0 48000
1695673218393 100.0 52000
1695673294652 100.0 56000
1695673372379 100.0 60000
1695673449595 100.0 64000
1695673533490 100.0 68000
1695673613699 100.0 72000
1695673696482 100.0 76000
1695673782492 100.0 80000
1695673860981 100.0 84000
1695673945932 100.0 88000
1695674026265 100.0 92000
1695674106718 100.0 96000
1695674188461 100.0 100000
1695674272846 100.0 104000
1695674360470 100.0 108000
1695674442858 100.0 112000
1695674524786 100.0 116000
1695674604706 100.0 120000
1695674686235 100.0 124000
1695674760907 100.0 128000
1695674835782 100.0 132000
1695674905901 100.0 136000
1695674983821 100.0 140000
1695675057357 100.0 144000
1695675130698 100.0 148000
1695675200994 100.0 152000
1695675272589 100.0 156000
1695675343513 100.0 160000
1695675413990 100.0 164000
1695675488796 100.0 168000
1695675564919 100.0 172000
1695675636470 100.0 176000
1695675707596 100.0 180000
1695675779435 100.0 184000
1695675846304 100.0 188000
1695675912933 100.0 192000
1695675979046 100.0 196000
1695676044698 100.0 200000
1695676110925 100.0 204000
1695676191530 100.0 208000
1695676270197 100.0 212000
1695676339799 100.0 216000
1695676408465 100.0 220000
1695676480506 100.0 224000
1695676554989 100.0 228000
1695676625434 100.0 232000
1695676703914 100.0 236000
1695676788146 100.0 240000
1695676877919 100.0 244000
1695676967008 100.0 248000
1695677042620 100.0 252000
1695677114807 100.0 256000
1695677195415 100.0 260000
1695677276750 100.0 264000
1695677358141 100.0 268000
1695677439966 100.0 272000
1695677527121 100.0 276000
