1695672393896 0.0 4000
1695672462600 0.0 8000
1695672529108 0.0 12000
1695672599949 0.0 16000
1695672672226 0.0 20000
1695672745167 0.0 24000
1695672809556 0.0 28000
1695672873905 0.0 32000
1695672940590 0.0 36000
1695673005125 0.0 40000
1695673074159 0.0 44000
1695673141101 0.0 48000
1695673218395 0.0 52000
1695673294654 0.0 56000
1695673372381 0.0 60000
1695673449597 0.0 64000
1695673533492 0.0 68000
1695673613701 0.0 72000
1695673696484 0.0 76000
1695673782494 0.0 80000
1695673860983 0.0 84000
1695673945934 0.0 88000
1695674026267 0.0 92000
1695674106720 0.0 96000
1695674188463 0.0 100000
1695674272848 0.0 104000
1695674360472 0.0 108000
1695674442860 0.0 112000
1695674524787 0.0 116000
1695674604708 0.0 120000
1695674686237 0.0 124000
1695674760909 0.0 128000
1695674835783 0.0 132000
1695674905902 0.0 136000
1695674983823 0.0 140000
1695675057359 0.0 144000
1695675130700 0.0 148000
1695675200996 0.0 152000
1695675272591 0.0 156000
1695675343515 0.0 160000
1695675413991 0.0 164000
1695675488798 0.0 168000
1695675564921 0.0 172000
1695675636471 0.0 176000
1695675707598 0.0 180000
1695675779437 0.0 184000
1695675846305 0.0 188000
1695675912934 0.0 192000
1695675979047 0.0 196000
1695676044700 0.0 200000
1695676110927 0.0 204000
1695676191532 0.0 208000
1695676270199 0.0 212000
1695676339801 0.0 216000
1695676408467 0.0 220000
1695676480507 0.0 224000
1695676554990 0.0 228000
1695676625435 0.0 232000
1695676703915 0.0 236000
1695676788148 0.0 240000
1695676877921 0.0 244000
1695676967010 0.0 248000
1695677042622 0.0 252000
1695677114809 0.0 256000
1695677195416 0.0 260000
1695677276752 0.0 264000
1695677358143 0.0 268000
1695677439968 0.0 272000
1695677527122 0.0 276000
