1695672393895 0.0 4000
1695672462599 0.0 8000
1695672529108 0.0 12000
1695672599948 0.0 16000
1695672672225 0.0 20000
1695672745167 0.0 24000
1695672809556 0.0 28000
1695672873904 0.0 32000
1695672940590 0.0 36000
1695673005125 0.0 40000
1695673074159 0.0 44000
1695673141101 0.0 48000
1695673218394 0.0 52000
1695673294653 0.0 56000
1695673372380 0.0 60000
1695673449596 0.0 64000
1695673533491 0.0 68000
1695673613700 0.0 72000
1695673696483 0.0 76000
1695673782493 0.0 80000
1695673860982 0.0 84000
1695673945933 0.0 88000
1695674026266 0.0 92000
1695674106719 0.0 96000
1695674188462 0.0 100000
1695674272847 0.0 104000
1695674360471 0.0 108000
1695674442859 0.0 112000
1695674524787 0.0 116000
1695674604707 0.0 120000
1695674686236 0.0 124000
1695674760908 0.0 128000
1695674835782 0.0 132000
1695674905902 0.0 136000
1695674983822 0.0 140000
1695675057358 0.0 144000
1695675130699 0.0 148000
1695675200995 0.0 152000
1695675272590 0.0 156000
1695675343514 0.0 160000
1695675413990 0.0 164000
1695675488797 0.0 168000
1695675564920 0.0 172000
1695675636471 0.0 176000
1695675707597 0.0 180000
1695675779436 0.0 184000
1695675846304 0.0 188000
1695675912934 0.0 192000
1695675979047 0.0 196000
1695676044699 0.0 200000
1695676110926 0.0 204000
1695676191531 0.0 208000
1695676270198 0.0 212000
1695676339799 0.0 216000
1695676408466 0.0 220000
1695676480507 0.0 224000
1695676554990 0.0 228000
1695676625434 0.0 232000
1695676703914 0.0 236000
1695676788147 0.0 240000
1695676877920 0.0 244000
1695676967009 0.0 248000
1695677042621 0.0 252000
1695677114808 0.0 256000
1695677195415 0.0 260000
1695677276751 0.0 264000
1695677358142 0.0 268000
1695677439967 0.0 272000
1695677527122 0.0 276000
