1695672393915 -1.0 4000
1695672462617 -1.0 8000
1695672529126 -1.0 12000
1695672599968 -1.0 16000
1695672672244 -1.0 20000
1695672745184 -1.0 24000
1695672809572 -1.0 28000
1695672873920 -1.0 32000
1695672940607 -1.0 36000
1695673005141 -1.0 40000
1695673074175 -1.0 44000
1695673141117 -1.0 48000
1695673218412 -1.0 52000
1695673294674 -1.0 56000
1695673372400 -1.0 60000
1695673449619 -1.0 64000
1695673533517 -1.0 68000
1695673613719 -1.0 72000
1695673696505 -1.0 76000
1695673782515 -1.0 80000
1695673861004 -1.0 84000
1695673945954 -1.0 88000
1695674026287 -1.0 92000
1695674106741 -1.0 96000
1695674188483 -1.0 100000
1695674272879 -1.0 104000
1695674360493 -1.0 108000
1695674442886 -1.0 112000
1695674524809 -1.0 116000
1695674604728 -1.0 120000
1695674686259 -1.0 124000
1695674760930 -1.0 128000
1695674835802 -1.0 132000
1695674905923 -1.0 136000
1695674983841 -1.0 140000
1695675057376 -1.0 144000
1695675130720 -1.0 148000
1695675201014 -1.0 152000
1695675272607 -1.0 156000
1695675343532 -1.0 160000
1695675414007 -1.0 164000
1695675488827 -1.0 168000
1695675564938 -1.0 172000
1695675636490 -1.0 176000
1695675707616 -1.0 180000
1695675779455 -1.0 184000
1695675846321 -1.0 188000
1695675912950 -1.0 192000
1695675979065 -1.0 196000
1695676044715 -1.0 200000
1695676110943 -1.0 204000
1695676191549 -1.0 208000
1695676270215 -1.0 212000
1695676339819 -1.0 216000
1695676408483 -1.0 220000
1695676480525 -1.0 224000
1695676555009 -1.0 228000
1695676625452 -1.0 232000
1695676703933 -1.0 236000
1695676788167 -1.0 240000
1695676877947 -1.0 244000
1695676967036 -1.0 248000
1695677042639 -1.0 252000
1695677114826 -1.0 256000
1695677195435 -1.0 260000
1695677276771 -1.0 264000
1695677358161 -1.0 268000
1695677439988 -1.0 272000
1695677527140 -1.0 276000
