1695672393863 1.0 4000
1695672462569 1.0 8000
1695672529079 1.0 12000
1695672599917 1.0 16000
1695672672195 1.0 20000
1695672745139 1.0 24000
1695672809528 1.0 28000
1695672873878 1.0 32000
1695672940562 1.0 36000
1695673005100 1.0 40000
1695673074130 1.0 44000
1695673141074 1.0 48000
1695673218367 1.0 52000
1695673294621 1.0 56000
1695673372348 1.0 60000
1695673449563 1.0 64000
1695673533449 1.0 68000
1695673613668 1.0 72000
1695673696449 1.0 76000
1695673782459 1.0 80000
1695673860947 1.0 84000
1695673945899 1.0 88000
1695674026232 1.0 92000
1695674106684 1.0 96000
1695674188427 1.0 100000
1695674272814 1.0 104000
1695674360437 1.0 108000
1695674442818 1.0 112000
1695674524752 1.0 116000
1695674604673 1.0 120000
1695674686202 1.0 124000
1695674760873 1.0 128000
1695674835753 1.0 132000
1695674905868 1.0 136000
1695674983792 1.0 140000
1695675057329 1.0 144000
1695675130665 1.0 148000
1695675200966 1.0 152000
1695675272563 1.0 156000
1695675343485 1.0 160000
1695675413964 1.0 164000
1695675488753 1.0 168000
1695675564892 1.0 172000
1695675636440 1.0 176000
1695675707569 1.0 180000
1695675779406 1.0 184000
1695675846280 1.0 188000
1695675912907 1.0 192000
1695675979018 1.0 196000
1695676044670 1.0 200000
1695676110899 1.0 204000
1695676191500 1.0 208000
1695676270169 1.0 212000
1695676339771 1.0 216000
1695676408438 1.0 220000
1695676480478 1.0 224000
1695676554958 1.0 228000
1695676625405 1.0 232000
1695676703884 1.0 236000
1695676788116 1.0 240000
1695676877879 1.0 244000
1695676966958 1.0 248000
1695677042592 1.0 252000
1695677114778 1.0 256000
1695677195383 1.0 260000
1695677276718 1.0 264000
1695677358110 1.0 268000
1695677439927 1.0 272000
1695677527092 1.0 276000
