1695672393905 100.0 4000
1695672462608 100.0 8000
1695672529117 100.0 12000
1695672599958 100.0 16000
1695672672234 100.0 20000
1695672745175 100.0 24000
1695672809564 100.0 28000
1695672873912 100.0 32000
1695672940598 100.0 36000
1695673005133 100.0 40000
1695673074167 100.0 44000
1695673141109 100.0 48000
1695673218403 100.0 52000
1695673294664 100.0 56000
1695673372390 100.0 60000
1695673449608 100.0 64000
1695673533502 100.0 68000
1695673613709 100.0 72000
1695673696494 100.0 76000
1695673782504 100.0 80000
1695673860993 100.0 84000
1695673945943 100.0 88000
1695674026276 100.0 92000
1695674106730 100.0 96000
1695674188472 100.0 100000
1695674272861 100.0 104000
1695674360482 100.0 108000
1695674442872 100.0 112000
1695674524798 100.0 116000
1695674604718 100.0 120000
1695674686247 100.0 124000
1695674760919 100.0 128000
1695674835792 100.0 132000
1695674905913 100.0 136000
1695674983831 100.0 140000
1695675057367 100.0 144000
1695675130710 100.0 148000
1695675201004 100.0 152000
1695675272598 100.0 156000
1695675343523 100.0 160000
1695675413998 100.0 164000
1695675488809 100.0 168000
1695675564929 100.0 172000
1695675636480 100.0 176000
1695675707607 100.0 180000
1695675779445 100.0 184000
1695675846312 100.0 188000
1695675912942 100.0 192000
1695675979056 100.0 196000
1695676044707 100.0 200000
1695676110935 100.0 204000
1695676191540 100.0 208000
1695676270207 100.0 212000
1695676339809 100.0 216000
1695676408475 100.0 220000
1695676480516 100.0 224000
1695676554999 100.0 228000
1695676625443 100.0 232000
1695676703924 100.0 236000
1695676788157 100.0 240000
1695676877934 100.0 244000
1695676967023 100.0 248000
1695677042630 100.0 252000
1695677114817 100.0 256000
1695677195425 100.0 260000
1695677276761 100.0 264000
1695677358151 100.0 268000
1695677439977 100.0 272000
1695677527131 100.0 276000
