1695672393928 10.0 4000
1695672462629 10.0 8000
1695672529138 10.0 12000
1695672599981 10.0 16000
1695672672259 10.0 20000
1695672745197 10.0 24000
1695672809583 10.0 28000
1695672873931 10.0 32000
1695672940618 10.0 36000
1695673005152 10.0 40000
1695673074186 10.0 44000
1695673141128 10.0 48000
1695673218423 10.0 52000
1695673294688 10.0 56000
1695673372413 10.0 60000
1695673449633 10.0 64000
1695673533532 10.0 68000
1695673613732 10.0 72000
1695673696520 10.0 76000
1695673782529 10.0 80000
1695673861018 10.0 84000
1695673945968 10.0 88000
1695674026304 10.0 92000
1695674106755 10.0 96000
1695674188498 10.0 100000
1695674272903 10.0 104000
1695674360508 10.0 108000
1695674442905 10.0 112000
1695674524823 10.0 116000
1695674604743 10.0 120000
1695674686273 10.0 124000
1695674760951 10.0 128000
1695674835815 10.0 132000
1695674905937 10.0 136000
1695674983853 10.0 140000
1695675057388 10.0 144000
1695675130735 10.0 148000
1695675201026 10.0 152000
1695675272619 10.0 156000
1695675343544 10.0 160000
1695675414018 10.0 164000
1695675488843 10.0 168000
1695675564951 10.0 172000
1695675636503 10.0 176000
1695675707628 10.0 180000
1695675779467 10.0 184000
1695675846332 10.0 188000
1695675912961 10.0 192000
1695675979080 10.0 196000
1695676044726 10.0 200000
1695676110954 10.0 204000
1695676191562 10.0 208000
1695676270227 10.0 212000
1695676339831 10.0 216000
1695676408495 10.0 220000
1695676480536 10.0 224000
1695676555023 10.0 228000
1695676625465 10.0 232000
1695676703946 10.0 236000
1695676788180 10.0 240000
1695676877965 10.0 244000
1695676967056 10.0 248000
1695677042652 10.0 252000
1695677114838 10.0 256000
1695677195449 10.0 260000
1695677276785 10.0 264000
1695677358175 10.0 268000
1695677440001 10.0 272000
1695677527153 10.0 276000
