1695672393858 0.0 4000
1695672462564 0.0 8000
1695672529073 0.0 12000
1695672599911 0.0 16000
1695672672190 0.0 20000
1695672745134 0.0 24000
1695672809523 0.0 28000
1695672873873 0.0 32000
1695672940557 0.0 36000
1695673005095 0.0 40000
1695673074125 0.0 44000
1695673141070 0.0 48000
1695673218362 0.0 52000
1695673294614 0.0 56000
1695673372342 0.0 60000
1695673449557 0.0 64000
1695673533441 0.0 68000
1695673613663 0.0 72000
1695673696442 0.0 76000
1695673782453 0.0 80000
1695673860941 0.0 84000
1695673945894 0.0 88000
1695674026226 0.0 92000
1695674106678 0.0 96000
1695674188421 0.0 100000
1695674272808 0.0 104000
1695674360431 0.0 108000
1695674442809 0.0 112000
1695674524746 0.0 116000
1695674604667 0.0 120000
1695674686196 0.0 124000
1695674760867 0.0 128000
1695674835747 0.0 132000
1695674905862 0.0 136000
1695674983786 0.0 140000
1695675057324 0.0 144000
1695675130658 0.0 148000
1695675200960 0.0 152000
1695675272558 0.0 156000
1695675343480 0.0 160000
1695675413959 0.0 164000
1695675488744 0.0 168000
1695675564887 0.0 172000
1695675636435 0.0 176000
1695675707564 0.0 180000
1695675779401 0.0 184000
1695675846275 0.0 188000
1695675912902 0.0 192000
1695675979013 0.0 196000
1695676044666 0.0 200000
1695676110894 0.0 204000
1695676191495 0.0 208000
1695676270164 0.0 212000
1695676339766 0.0 216000
1695676408433 0.0 220000
1695676480473 0.0 224000
1695676554952 0.0 228000
1695676625400 0.0 232000
1695676703878 0.0 236000
1695676788110 0.0 240000
1695676877872 0.0 244000
1695676966949 0.0 248000
1695677042587 0.0 252000
1695677114773 0.0 256000
1695677195377 0.0 260000
1695677276712 0.0 264000
1695677358105 0.0 268000
1695677439920 0.0 272000
1695677527087 0.0 276000
