1695672393856 0.0 4000
1695672462562 0.0 8000
1695672529072 0.0 12000
1695672599910 0.0 16000
1695672672188 0.0 20000
1695672745132 0.0 24000
1695672809522 0.0 28000
1695672873872 0.0 32000
1695672940556 0.0 36000
1695673005094 0.0 40000
1695673074124 0.0 44000
1695673141068 0.0 48000
1695673218361 0.0 52000
1695673294613 0.0 56000
1695673372340 0.0 60000
1695673449555 0.0 64000
1695673533440 0.0 68000
1695673613661 0.0 72000
1695673696440 0.0 76000
1695673782451 0.0 80000
1695673860939 0.0 84000
1695673945892 0.0 88000
1695674026225 0.0 92000
1695674106676 0.0 96000
1695674188419 0.0 100000
1695674272806 0.0 104000
1695674360429 0.0 108000
1695674442807 0.0 112000
1695674524744 0.0 116000
1695674604665 0.0 120000
1695674686194 0.0 124000
1695674760864 0.0 128000
1695674835745 0.0 132000
1695674905860 0.0 136000
1695674983785 0.0 140000
1695675057322 0.0 144000
1695675130657 0.0 148000
1695675200959 0.0 152000
1695675272557 0.0 156000
1695675343478 0.0 160000
1695675413958 0.0 164000
1695675488741 0.0 168000
1695675564885 0.0 172000
1695675636433 0.0 176000
1695675707562 0.0 180000
1695675779399 0.0 184000
1695675846274 0.0 188000
1695675912901 0.0 192000
1695675979012 0.0 196000
1695676044664 0.0 200000
1695676110893 0.0 204000
1695676191493 0.0 208000
1695676270163 0.0 212000
1695676339764 0.0 216000
1695676408432 0.0 220000
1695676480472 0.0 224000
1695676554951 0.0 228000
1695676625399 0.0 232000
1695676703877 0.0 236000
1695676788108 0.0 240000
1695676877870 0.0 244000
1695676966947 0.0 248000
1695677042585 0.0 252000
1695677114771 0.0 256000
1695677195375 0.0 260000
1695677276711 0.0 264000
1695677358103 0.0 268000
1695677439918 0.0 272000
1695677527085 0.0 276000
