1695672393855 1.0 4000
1695672462561 1.0 8000
1695672529071 1.0 12000
1695672599909 1.0 16000
1695672672188 1.0 20000
1695672745131 1.0 24000
1695672809521 1.0 28000
1695672873871 1.0 32000
1695672940555 1.0 36000
1695673005093 1.0 40000
1695673074123 1.0 44000
1695673141067 1.0 48000
1695673218360 1.0 52000
1695673294612 1.0 56000
1695673372339 1.0 60000
1695673449554 1.0 64000
1695673533439 1.0 68000
1695673613660 1.0 72000
1695673696439 1.0 76000
1695673782450 1.0 80000
1695673860938 1.0 84000
1695673945891 1.0 88000
1695674026224 1.0 92000
1695674106675 1.0 96000
1695674188418 1.0 100000
1695674272805 1.0 104000
1695674360428 1.0 108000
1695674442806 1.0 112000
1695674524743 1.0 116000
1695674604665 1.0 120000
1695674686193 1.0 124000
1695674760863 1.0 128000
1695674835745 1.0 132000
1695674905859 1.0 136000
1695674983784 1.0 140000
1695675057322 1.0 144000
1695675130656 1.0 148000
1695675200958 1.0 152000
1695675272556 1.0 156000
1695675343477 1.0 160000
1695675413957 1.0 164000
1695675488740 1.0 168000
1695675564885 1.0 172000
1695675636432 1.0 176000
1695675707562 1.0 180000
1695675779399 1.0 184000
1695675846273 1.0 188000
1695675912900 1.0 192000
1695675979011 1.0 196000
1695676044664 1.0 200000
1695676110892 1.0 204000
1695676191492 1.0 208000
1695676270162 1.0 212000
1695676339763 1.0 216000
1695676408431 1.0 220000
1695676480471 1.0 224000
1695676554950 1.0 228000
1695676625398 1.0 232000
1695676703876 1.0 236000
1695676788108 1.0 240000
1695676877869 1.0 244000
1695676966946 1.0 248000
1695677042585 1.0 252000
1695677114770 1.0 256000
1695677195374 1.0 260000
1695677276710 1.0 264000
1695677358102 1.0 268000
1695677439917 1.0 272000
1695677527085 1.0 276000
