1695672393859 1.0 4000
1695672462565 1.0 8000
1695672529075 1.0 12000
1695672599913 1.0 16000
1695672672191 1.0 20000
1695672745135 1.0 24000
1695672809525 1.0 28000
1695672873874 1.0 32000
1695672940559 1.0 36000
1695673005097 1.0 40000
1695673074127 1.0 44000
1695673141071 1.0 48000
1695673218364 1.0 52000
1695673294616 1.0 56000
1695673372344 1.0 60000
1695673449558 1.0 64000
1695673533443 1.0 68000
1695673613664 1.0 72000
1695673696444 1.0 76000
1695673782454 1.0 80000
1695673860943 1.0 84000
1695673945895 1.0 88000
1695674026228 1.0 92000
1695674106680 1.0 96000
1695674188423 1.0 100000
1695674272810 1.0 104000
1695674360433 1.0 108000
1695674442811 1.0 112000
1695674524747 1.0 116000
1695674604669 1.0 120000
1695674686197 1.0 124000
1695674760869 1.0 128000
1695674835749 1.0 132000
1695674905864 1.0 136000
1695674983788 1.0 140000
1695675057325 1.0 144000
1695675130660 1.0 148000
1695675200962 1.0 152000
1695675272560 1.0 156000
1695675343481 1.0 160000
1695675413960 1.0 164000
1695675488747 1.0 168000
1695675564888 1.0 172000
1695675636436 1.0 176000
1695675707565 1.0 180000
1695675779402 1.0 184000
1695675846277 1.0 188000
1695675912903 1.0 192000
1695675979014 1.0 196000
1695676044667 1.0 200000
1695676110895 1.0 204000
1695676191496 1.0 208000
1695676270166 1.0 212000
1695676339767 1.0 216000
1695676408434 1.0 220000
1695676480475 1.0 224000
1695676554954 1.0 228000
1695676625402 1.0 232000
1695676703880 1.0 236000
1695676788112 1.0 240000
1695676877874 1.0 244000
1695676966951 1.0 248000
1695677042588 1.0 252000
1695677114774 1.0 256000
1695677195379 1.0 260000
1695677276714 1.0 264000
1695677358106 1.0 268000
1695677439923 1.0 272000
1695677527088 1.0 276000
