1695672393859 0.0 4000
1695672462565 0.0 8000
1695672529074 0.0 12000
1695672599912 0.0 16000
1695672672191 0.0 20000
1695672745135 0.0 24000
1695672809524 0.0 28000
1695672873874 0.0 32000
1695672940558 0.0 36000
1695673005096 0.0 40000
1695673074126 0.0 44000
1695673141070 0.0 48000
1695673218363 0.0 52000
1695673294615 0.0 56000
1695673372343 0.0 60000
1695673449557 0.0 64000
1695673533442 0.0 68000
1695673613663 0.0 72000
1695673696443 0.0 76000
1695673782453 0.0 80000
1695673860942 0.0 84000
1695673945894 0.0 88000
1695674026227 0.0 92000
1695674106679 0.0 96000
1695674188422 0.0 100000
1695674272809 0.0 104000
1695674360432 0.0 108000
1695674442810 0.0 112000
1695674524747 0.0 116000
1695674604668 0.0 120000
1695674686196 0.0 124000
1695674760868 0.0 128000
1695674835748 0.0 132000
1695674905863 0.0 136000
1695674983787 0.0 140000
1695675057325 0.0 144000
1695675130659 0.0 148000
1695675200961 0.0 152000
1695675272559 0.0 156000
1695675343480 0.0 160000
1695675413960 0.0 164000
1695675488745 0.0 168000
1695675564888 0.0 172000
1695675636436 0.0 176000
1695675707564 0.0 180000
1695675779402 0.0 184000
1695675846276 0.0 188000
1695675912903 0.0 192000
1695675979014 0.0 196000
1695676044666 0.0 200000
1695676110895 0.0 204000
1695676191495 0.0 208000
1695676270165 0.0 212000
1695676339766 0.0 216000
1695676408434 0.0 220000
1695676480474 0.0 224000
1695676554953 0.0 228000
1695676625401 0.0 232000
1695676703879 0.0 236000
1695676788111 0.0 240000
1695676877873 0.0 244000
1695676966950 0.0 248000
1695677042588 0.0 252000
1695677114774 0.0 256000
1695677195378 0.0 260000
1695677276713 0.0 264000
1695677358105 0.0 268000
1695677439921 0.0 272000
1695677527088 0.0 276000
