1695672393868 1.0 4000
1695672462573 1.0 8000
1695672529083 1.0 12000
1695672599921 1.0 16000
1695672672199 1.0 20000
1695672745142 1.0 24000
1695672809532 1.0 28000
1695672873881 1.0 32000
1695672940566 1.0 36000
1695673005103 1.0 40000
1695673074134 1.0 44000
1695673141078 1.0 48000
1695673218371 1.0 52000
1695673294625 1.0 56000
1695673372352 1.0 60000
1695673449567 1.0 64000
1695673533457 1.0 68000
1695673613672 1.0 72000
1695673696453 1.0 76000
1695673782463 1.0 80000
1695673860953 1.0 84000
1695673945904 1.0 88000
1695674026237 1.0 92000
1695674106690 1.0 96000
1695674188432 1.0 100000
1695674272818 1.0 104000
1695674360442 1.0 108000
1695674442822 1.0 112000
1695674524756 1.0 116000
1695674604678 1.0 120000
1695674686206 1.0 124000
1695674760878 1.0 128000
1695674835756 1.0 132000
1695674905872 1.0 136000
1695674983796 1.0 140000
1695675057333 1.0 144000
1695675130669 1.0 148000
1695675200969 1.0 152000
1695675272567 1.0 156000
1695675343489 1.0 160000
1695675413967 1.0 164000
1695675488758 1.0 168000
1695675564896 1.0 172000
1695675636444 1.0 176000
1695675707572 1.0 180000
1695675779410 1.0 184000
1695675846283 1.0 188000
1695675912910 1.0 192000
1695675979021 1.0 196000
1695676044674 1.0 200000
1695676110903 1.0 204000
1695676191504 1.0 208000
1695676270173 1.0 212000
1695676339775 1.0 216000
1695676408442 1.0 220000
1695676480482 1.0 224000
1695676554962 1.0 228000
1695676625409 1.0 232000
1695676703888 1.0 236000
1695676788120 1.0 240000
1695676877884 1.0 244000
1695676966963 1.0 248000
1695677042596 1.0 252000
1695677114782 1.0 256000
1695677195388 1.0 260000
1695677276722 1.0 264000
1695677358115 1.0 268000
1695677439931 1.0 272000
1695677527096 1.0 276000
