1695672393927 1.0 4000
1695672462628 1.0 8000
1695672529137 1.0 12000
1695672599980 1.0 16000
1695672672258 1.0 20000
1695672745196 1.0 24000
1695672809582 1.0 28000
1695672873931 1.0 32000
1695672940617 1.0 36000
1695673005151 1.0 40000
1695673074186 1.0 44000
1695673141128 1.0 48000
1695673218422 1.0 52000
1695673294687 1.0 56000
1695673372412 1.0 60000
1695673449632 1.0 64000
1695673533531 1.0 68000
1695673613731 1.0 72000
1695673696519 1.0 76000
1695673782528 1.0 80000
1695673861017 1.0 84000
1695673945967 1.0 88000
1695674026303 1.0 92000
1695674106754 1.0 96000
1695674188497 1.0 100000
1695674272901 1.0 104000
1695674360507 1.0 108000
1695674442902 1.0 112000
1695674524822 1.0 116000
1695674604742 1.0 120000
1695674686272 1.0 124000
1695674760950 1.0 128000
1695674835814 1.0 132000
1695674905936 1.0 136000
1695674983853 1.0 140000
1695675057388 1.0 144000
1695675130734 1.0 148000
1695675201026 1.0 152000
1695675272618 1.0 156000
1695675343543 1.0 160000
1695675414018 1.0 164000
1695675488842 1.0 168000
1695675564950 1.0 172000
1695675636502 1.0 176000
1695675707628 1.0 180000
1695675779466 1.0 184000
1695675846331 1.0 188000
1695675912960 1.0 192000
1695675979079 1.0 196000
1695676044726 1.0 200000
1695676110954 1.0 204000
1695676191561 1.0 208000
1695676270226 1.0 212000
1695676339830 1.0 216000
1695676408494 1.0 220000
1695676480535 1.0 224000
1695676555022 1.0 228000
1695676625464 1.0 232000
1695676703946 1.0 236000
1695676788179 1.0 240000
1695676877964 1.0 244000
1695676967055 1.0 248000
1695677042651 1.0 252000
1695677114837 1.0 256000
1695677195448 1.0 260000
1695677276784 1.0 264000
1695677358174 1.0 268000
1695677440001 1.0 272000
1695677527152 1.0 276000
