1695672393919 30.0 4000
1695672462621 30.0 8000
1695672529130 30.0 12000
1695672599972 30.0 16000
1695672672248 30.0 20000
1695672745189 30.0 24000
1695672809575 30.0 28000
1695672873924 30.0 32000
1695672940610 30.0 36000
1695673005144 30.0 40000
1695673074179 30.0 44000
1695673141121 30.0 48000
1695673218415 30.0 52000
1695673294679 30.0 56000
1695673372404 30.0 60000
1695673449623 30.0 64000
1695673533522 30.0 68000
1695673613723 30.0 72000
1695673696510 30.0 76000
1695673782519 30.0 80000
1695673861008 30.0 84000
1695673945959 30.0 88000
1695674026291 30.0 92000
1695674106745 30.0 96000
1695674188488 30.0 100000
1695674272887 30.0 104000
1695674360497 30.0 108000
1695674442892 30.0 112000
1695674524813 30.0 116000
1695674604733 30.0 120000
1695674686263 30.0 124000
1695674760937 30.0 128000
1695674835806 30.0 132000
1695674905927 30.0 136000
1695674983845 30.0 140000
1695675057380 30.0 144000
1695675130725 30.0 148000
1695675201018 30.0 152000
1695675272610 30.0 156000
1695675343536 30.0 160000
1695675414010 30.0 164000
1695675488832 30.0 168000
1695675564942 30.0 172000
1695675636494 30.0 176000
1695675707619 30.0 180000
1695675779459 30.0 184000
1695675846324 30.0 188000
1695675912953 30.0 192000
1695675979069 30.0 196000
1695676044719 30.0 200000
1695676110947 30.0 204000
1695676191553 30.0 208000
1695676270219 30.0 212000
1695676339822 30.0 216000
1695676408487 30.0 220000
1695676480528 30.0 224000
1695676555013 30.0 228000
1695676625456 30.0 232000
1695676703937 30.0 236000
1695676788171 30.0 240000
1695676877954 30.0 244000
1695676967043 30.0 248000
1695677042643 30.0 252000
1695677114830 30.0 256000
1695677195440 30.0 260000
1695677276775 30.0 264000
1695677358166 30.0 268000
1695677439992 30.0 272000
1695677527144 30.0 276000
