1695672393854 0.0 4000
1695672462561 0.0 8000
1695672529070 0.0 12000
1695672599908 0.0 16000
1695672672187 0.0 20000
1695672745131 0.0 24000
1695672809521 0.0 28000
1695672873870 0.0 32000
1695672940554 0.0 36000
1695673005093 0.0 40000
1695673074123 0.0 44000
1695673141067 0.0 48000
1695673218359 0.0 52000
1695673294611 0.0 56000
1695673372339 0.0 60000
1695673449553 0.0 64000
1695673533438 0.0 68000
1695673613660 0.0 72000
1695673696438 0.0 76000
1695673782448 0.0 80000
1695673860938 0.0 84000
1695673945890 0.0 88000
1695674026223 0.0 92000
1695674106674 0.0 96000
1695674188418 0.0 100000
1695674272805 0.0 104000
1695674360427 0.0 108000
1695674442805 0.0 112000
1695674524742 0.0 116000
1695674604664 0.0 120000
1695674686192 0.0 124000
1695674760863 0.0 128000
1695674835744 0.0 132000
1695674905858 0.0 136000
1695674983783 0.0 140000
1695675057321 0.0 144000
1695675130655 0.0 148000
1695675200957 0.0 152000
1695675272555 0.0 156000
1695675343477 0.0 160000
1695675413956 0.0 164000
1695675488739 0.0 168000
1695675564884 0.0 172000
1695675636432 0.0 176000
1695675707561 0.0 180000
1695675779398 0.0 184000
1695675846272 0.0 188000
1695675912899 0.0 192000
1695675979010 0.0 196000
1695676044663 0.0 200000
1695676110891 0.0 204000
1695676191491 0.0 208000
1695676270161 0.0 212000
1695676339763 0.0 216000
1695676408430 0.0 220000
1695676480470 0.0 224000
1695676554949 0.0 228000
1695676625397 0.0 232000
1695676703875 0.0 236000
1695676788107 0.0 240000
1695676877868 0.0 244000
1695676966945 0.0 248000
1695677042584 0.0 252000
1695677114770 0.0 256000
1695677195373 0.0 260000
1695677276709 0.0 264000
1695677358101 0.0 268000
1695677439916 0.0 272000
1695677527084 0.0 276000
