1695672393884 0.0 4000
1695672462589 0.0 8000
1695672529098 0.0 12000
1695672599938 0.0 16000
1695672672215 0.0 20000
1695672745157 0.0 24000
1695672809546 0.0 28000
1695672873895 0.0 32000
1695672940581 0.0 36000
1695673005116 0.0 40000
1695673074149 0.0 44000
1695673141092 0.0 48000
1695673218385 0.0 52000
1695673294642 0.0 56000
1695673372369 0.0 60000
1695673449584 0.0 64000
1695673533479 0.0 68000
1695673613689 0.0 72000
1695673696471 0.0 76000
1695673782481 0.0 80000
1695673860970 0.0 84000
1695673945922 0.0 88000
1695674026255 0.0 92000
1695674106708 0.0 96000
1695674188450 0.0 100000
1695674272836 0.0 104000
1695674360460 0.0 108000
1695674442845 0.0 112000
1695674524774 0.0 116000
1695674604696 0.0 120000
1695674686225 0.0 124000
1695674760896 0.0 128000
1695674835772 0.0 132000
1695674905890 0.0 136000
1695674983811 0.0 140000
1695675057348 0.0 144000
1695675130687 0.0 148000
1695675200984 0.0 152000
1695675272581 0.0 156000
1695675343504 0.0 160000
1695675413982 0.0 164000
1695675488784 0.0 168000
1695675564910 0.0 172000
1695675636460 0.0 176000
1695675707587 0.0 180000
1695675779426 0.0 184000
1695675846296 0.0 188000
1695675912924 0.0 192000
1695675979037 0.0 196000
1695676044689 0.0 200000
1695676110917 0.0 204000
1695676191521 0.0 208000
1695676270188 0.0 212000
1695676339790 0.0 216000
1695676408456 0.0 220000
1695676480497 0.0 224000
1695676554978 0.0 228000
1695676625424 0.0 232000
1695676703904 0.0 236000
1695676788137 0.0 240000
1695676877908 0.0 244000
1695676966990 0.0 248000
1695677042611 0.0 252000
1695677114798 0.0 256000
1695677195404 0.0 260000
1695677276740 0.0 264000
1695677358131 0.0 268000
1695677439956 0.0 272000
1695677527112 0.0 276000
