1695672393887 1.0 4000
1695672462592 1.0 8000
1695672529101 1.0 12000
1695672599941 1.0 16000
1695672672218 1.0 20000
1695672745160 1.0 24000
1695672809549 1.0 28000
1695672873898 1.0 32000
1695672940584 1.0 36000
1695673005119 1.0 40000
1695673074152 1.0 44000
1695673141094 1.0 48000
1695673218387 1.0 52000
1695673294646 1.0 56000
1695673372372 1.0 60000
1695673449588 1.0 64000
1695673533483 1.0 68000
1695673613692 1.0 72000
1695673696475 1.0 76000
1695673782485 1.0 80000
1695673860974 1.0 84000
1695673945925 1.0 88000
1695674026258 1.0 92000
1695674106711 1.0 96000
1695674188454 1.0 100000
1695674272839 1.0 104000
1695674360463 1.0 108000
1695674442848 1.0 112000
1695674524778 1.0 116000
1695674604699 1.0 120000
1695674686228 1.0 124000
1695674760900 1.0 128000
1695674835775 1.0 132000
1695674905894 1.0 136000
1695674983814 1.0 140000
1695675057351 1.0 144000
1695675130691 1.0 148000
1695675200988 1.0 152000
1695675272584 1.0 156000
1695675343507 1.0 160000
1695675413984 1.0 164000
1695675488788 1.0 168000
1695675564913 1.0 172000
1695675636463 1.0 176000
1695675707590 1.0 180000
1695675779429 1.0 184000
1695675846299 1.0 188000
1695675912927 1.0 192000
1695675979040 1.0 196000
1695676044692 1.0 200000
1695676110920 1.0 204000
1695676191524 1.0 208000
1695676270191 1.0 212000
1695676339793 1.0 216000
1695676408459 1.0 220000
1695676480500 1.0 224000
1695676554981 1.0 228000
1695676625428 1.0 232000
1695676703907 1.0 236000
1695676788140 1.0 240000
1695676877911 1.0 244000
1695676966994 1.0 248000
1695677042614 1.0 252000
1695677114801 1.0 256000
1695677195408 1.0 260000
1695677276743 1.0 264000
1695677358135 1.0 268000
1695677439959 1.0 272000
1695677527115 1.0 276000
