1695672393883 67108864.0 4000
1695672462588 67108864.0 8000
1695672529097 67108864.0 12000
1695672599937 67108864.0 16000
1695672672214 67108864.0 20000
1695672745156 67108864.0 24000
1695672809546 67108864.0 28000
1695672873894 67108864.0 32000
1695672940580 67108864.0 36000
1695673005116 67108864.0 40000
1695673074148 67108864.0 44000
1695673141091 67108864.0 48000
1695673218384 67108864.0 52000
1695673294641 67108864.0 56000
1695673372368 67108864.0 60000
1695673449584 67108864.0 64000
1695673533478 67108864.0 68000
1695673613688 67108864.0 72000
1695673696470 67108864.0 76000
1695673782480 67108864.0 80000
1695673860969 67108864.0 84000
1695673945921 67108864.0 88000
1695674026254 67108864.0 92000
1695674106707 67108864.0 96000
1695674188449 67108864.0 100000
1695674272835 67108864.0 104000
1695674360459 67108864.0 108000
1695674442844 67108864.0 112000
1695674524773 67108864.0 116000
1695674604695 67108864.0 120000
1695674686224 67108864.0 124000
1695674760895 67108864.0 128000
1695674835771 67108864.0 132000
1695674905889 67108864.0 136000
1695674983811 67108864.0 140000
1695675057347 67108864.0 144000
1695675130686 67108864.0 148000
1695675200984 67108864.0 152000
1695675272580 67108864.0 156000
1695675343503 67108864.0 160000
1695675413981 67108864.0 164000
1695675488783 67108864.0 168000
1695675564910 67108864.0 172000
1695675636459 67108864.0 176000
1695675707586 67108864.0 180000
1695675779425 67108864.0 184000
1695675846296 67108864.0 188000
1695675912924 67108864.0 192000
1695675979036 67108864.0 196000
1695676044688 67108864.0 200000
1695676110916 67108864.0 204000
1695676191520 67108864.0 208000
1695676270188 67108864.0 212000
1695676339789 67108864.0 216000
1695676408456 67108864.0 220000
1695676480496 67108864.0 224000
1695676554977 67108864.0 228000
1695676625424 67108864.0 232000
1695676703903 67108864.0 236000
1695676788136 67108864.0 240000
1695676877907 67108864.0 244000
1695676966988 67108864.0 248000
1695677042610 67108864.0 252000
1695677114797 67108864.0 256000
1695677195404 67108864.0 260000
1695677276739 67108864.0 264000
1695677358131 67108864.0 268000
1695677439955 67108864.0 272000
1695677527111 67108864.0 276000
