1695672393880 0.0 4000
1695672462585 0.0 8000
1695672529094 0.0 12000
1695672599933 0.0 16000
1695672672211 0.0 20000
1695672745153 0.0 24000
1695672809543 0.0 28000
1695672873892 0.0 32000
1695672940577 0.0 36000
1695673005113 0.0 40000
1695673074144 0.0 44000
1695673141088 0.0 48000
1695673218381 0.0 52000
1695673294638 0.0 56000
1695673372365 0.0 60000
1695673449580 0.0 64000
1695673533474 0.0 68000
1695673613685 0.0 72000
1695673696467 0.0 76000
1695673782477 0.0 80000
1695673860966 0.0 84000
1695673945918 0.0 88000
1695674026251 0.0 92000
1695674106703 0.0 96000
1695674188445 0.0 100000
1695674272831 0.0 104000
1695674360455 0.0 108000
1695674442840 0.0 112000
1695674524770 0.0 116000
1695674604691 0.0 120000
1695674686220 0.0 124000
1695674760891 0.0 128000
1695674835768 0.0 132000
1695674905885 0.0 136000
1695674983807 0.0 140000
1695675057344 0.0 144000
1695675130683 0.0 148000
1695675200981 0.0 152000
1695675272577 0.0 156000
1695675343500 0.0 160000
1695675413978 0.0 164000
1695675488778 0.0 168000
1695675564907 0.0 172000
1695675636456 0.0 176000
1695675707584 0.0 180000
1695675779422 0.0 184000
1695675846293 0.0 188000
1695675912921 0.0 192000
1695675979033 0.0 196000
1695676044685 0.0 200000
1695676110914 0.0 204000
1695676191517 0.0 208000
1695676270185 0.0 212000
1695676339786 0.0 216000
1695676408453 0.0 220000
1695676480493 0.0 224000
1695676554974 0.0 228000
1695676625421 0.0 232000
1695676703900 0.0 236000
1695676788132 0.0 240000
1695676877903 0.0 244000
1695676966981 0.0 248000
1695677042607 0.0 252000
1695677114794 0.0 256000
1695677195400 0.0 260000
1695677276736 0.0 264000
1695677358127 0.0 268000
1695677439951 0.0 272000
1695677527108 0.0 276000
