1695672393881 0.0 4000
1695672462586 0.0 8000
1695672529096 0.0 12000
1695672599935 0.0 16000
1695672672212 0.0 20000
1695672745155 0.0 24000
1695672809544 0.0 28000
1695672873893 0.0 32000
1695672940579 0.0 36000
1695673005114 0.0 40000
1695673074146 0.0 44000
1695673141090 0.0 48000
1695673218383 0.0 52000
1695673294640 0.0 56000
1695673372366 0.0 60000
1695673449582 0.0 64000
1695673533476 0.0 68000
1695673613687 0.0 72000
1695673696469 0.0 76000
1695673782479 0.0 80000
1695673860968 0.0 84000
1695673945919 0.0 88000
1695674026253 0.0 92000
1695674106705 0.0 96000
1695674188447 0.0 100000
1695674272833 0.0 104000
1695674360457 0.0 108000
1695674442842 0.0 112000
1695674524772 0.0 116000
1695674604693 0.0 120000
1695674686222 0.0 124000
1695674760893 0.0 128000
1695674835770 0.0 132000
1695674905886 0.0 136000
1695674983809 0.0 140000
1695675057346 0.0 144000
1695675130685 0.0 148000
1695675200982 0.0 152000
1695675272579 0.0 156000
1695675343502 0.0 160000
1695675413980 0.0 164000
1695675488781 0.0 168000
1695675564908 0.0 172000
1695675636458 0.0 176000
1695675707585 0.0 180000
1695675779423 0.0 184000
1695675846294 0.0 188000
1695675912922 0.0 192000
1695675979035 0.0 196000
1695676044687 0.0 200000
1695676110915 0.0 204000
1695676191518 0.0 208000
1695676270186 0.0 212000
1695676339788 0.0 216000
1695676408454 0.0 220000
1695676480494 0.0 224000
1695676554976 0.0 228000
1695676625422 0.0 232000
1695676703902 0.0 236000
1695676788134 0.0 240000
1695676877905 0.0 244000
1695676966984 0.0 248000
1695677042609 0.0 252000
1695677114796 0.0 256000
1695677195402 0.0 260000
1695677276737 0.0 264000
1695677358129 0.0 268000
1695677439953 0.0 272000
1695677527109 0.0 276000
