1695672393902 0.0 4000
1695672462605 0.0 8000
1695672529114 0.0 12000
1695672599955 0.0 16000
1695672672231 0.0 20000
1695672745172 0.0 24000
1695672809561 0.0 28000
1695672873909 0.0 32000
1695672940595 0.0 36000
1695673005130 0.0 40000
1695673074165 0.0 44000
1695673141106 0.0 48000
1695673218400 0.0 52000
1695673294660 0.0 56000
1695673372387 0.0 60000
1695673449604 0.0 64000
1695673533499 0.0 68000
1695673613706 0.0 72000
1695673696491 0.0 76000
1695673782500 0.0 80000
1695673860989 0.0 84000
1695673945940 0.0 88000
1695674026273 0.0 92000
1695674106726 0.0 96000
1695674188469 0.0 100000
1695674272855 0.0 104000
1695674360478 0.0 108000
1695674442869 0.0 112000
1695674524794 0.0 116000
1695674604715 0.0 120000
1695674686244 0.0 124000
1695674760915 0.0 128000
1695674835789 0.0 132000
1695674905910 0.0 136000
1695674983828 0.0 140000
1695675057364 0.0 144000
1695675130706 0.0 148000
1695675201001 0.0 152000
1695675272595 0.0 156000
1695675343520 0.0 160000
1695675413996 0.0 164000
1695675488805 0.0 168000
1695675564926 0.0 172000
1695675636477 0.0 176000
1695675707604 0.0 180000
1695675779442 0.0 184000
1695675846310 0.0 188000
1695675912939 0.0 192000
1695675979053 0.0 196000
1695676044705 0.0 200000
1695676110932 0.0 204000
1695676191537 0.0 208000
1695676270204 0.0 212000
1695676339806 0.0 216000
1695676408472 0.0 220000
1695676480513 0.0 224000
1695676554996 0.0 228000
1695676625440 0.0 232000
1695676703921 0.0 236000
1695676788154 0.0 240000
1695676877928 0.0 244000
1695676967017 0.0 248000
1695677042627 0.0 252000
1695677114814 0.0 256000
1695677195422 0.0 260000
1695677276758 0.0 264000
1695677358148 0.0 268000
1695677439974 0.0 272000
1695677527128 0.0 276000
