1695672393870 0.0 4000
1695672462575 0.0 8000
1695672529085 0.0 12000
1695672599924 0.0 16000
1695672672202 0.0 20000
1695672745145 0.0 24000
1695672809534 0.0 28000
1695672873883 0.0 32000
1695672940568 0.0 36000
1695673005105 0.0 40000
1695673074136 0.0 44000
1695673141080 0.0 48000
1695673218373 0.0 52000
1695673294628 0.0 56000
1695673372355 0.0 60000
1695673449569 0.0 64000
1695673533461 0.0 68000
1695673613675 0.0 72000
1695673696456 0.0 76000
1695673782466 0.0 80000
1695673860955 0.0 84000
1695673945906 0.0 88000
1695674026240 0.0 92000
1695674106692 0.0 96000
1695674188435 0.0 100000
1695674272821 0.0 104000
1695674360444 0.0 108000
1695674442825 0.0 112000
1695674524759 0.0 116000
1695674604681 0.0 120000
1695674686209 0.0 124000
1695674760881 0.0 128000
1695674835759 0.0 132000
1695674905875 0.0 136000
1695674983798 0.0 140000
1695675057335 0.0 144000
1695675130672 0.0 148000
1695675200972 0.0 152000
1695675272569 0.0 156000
1695675343491 0.0 160000
1695675413969 0.0 164000
1695675488761 0.0 168000
1695675564898 0.0 172000
1695675636446 0.0 176000
1695675707575 0.0 180000
1695675779412 0.0 184000
1695675846285 0.0 188000
1695675912912 0.0 192000
1695675979023 0.0 196000
1695676044676 0.0 200000
1695676110905 0.0 204000
1695676191507 0.0 208000
1695676270176 0.0 212000
1695676339777 0.0 216000
1695676408444 0.0 220000
1695676480484 0.0 224000
1695676554965 0.0 228000
1695676625412 0.0 232000
1695676703890 0.0 236000
1695676788123 0.0 240000
1695676877886 0.0 244000
1695676966966 0.0 248000
1695677042598 0.0 252000
1695677114785 0.0 256000
1695677195390 0.0 260000
1695677276725 0.0 264000
1695677358117 0.0 268000
1695677439935 0.0 272000
1695677527099 0.0 276000
