1695672393871 0.0 4000
1695672462576 0.0 8000
1695672529086 0.0 12000
1695672599925 0.0 16000
1695672672202 0.0 20000
1695672745145 0.0 24000
1695672809535 0.0 28000
1695672873884 0.0 32000
1695672940569 0.0 36000
1695673005106 0.0 40000
1695673074136 0.0 44000
1695673141081 0.0 48000
1695673218373 0.0 52000
1695673294628 0.0 56000
1695673372355 0.0 60000
1695673449570 0.0 64000
1695673533461 0.0 68000
1695673613676 0.0 72000
1695673696457 0.0 76000
1695673782467 0.0 80000
1695673860956 0.0 84000
1695673945908 0.0 88000
1695674026241 0.0 92000
1695674106693 0.0 96000
1695674188436 0.0 100000
1695674272822 0.0 104000
1695674360445 0.0 108000
1695674442828 0.0 112000
1695674524760 0.0 116000
1695674604682 0.0 120000
1695674686210 0.0 124000
1695674760882 0.0 128000
1695674835760 0.0 132000
1695674905876 0.0 136000
1695674983799 0.0 140000
1695675057336 0.0 144000
1695675130673 0.0 148000
1695675200972 0.0 152000
1695675272569 0.0 156000
1695675343492 0.0 160000
1695675413970 0.0 164000
1695675488762 0.0 168000
1695675564899 0.0 172000
1695675636447 0.0 176000
1695675707576 0.0 180000
1695675779413 0.0 184000
1695675846286 0.0 188000
1695675912913 0.0 192000
1695675979024 0.0 196000
1695676044676 0.0 200000
1695676110906 0.0 204000
1695676191508 0.0 208000
1695676270177 0.0 212000
1695676339778 0.0 216000
1695676408445 0.0 220000
1695676480485 0.0 224000
1695676554965 0.0 228000
1695676625412 0.0 232000
1695676703891 0.0 236000
1695676788123 0.0 240000
1695676877887 0.0 244000
1695676966966 0.0 248000
1695677042599 0.0 252000
1695677114785 0.0 256000
1695677195391 0.0 260000
1695677276726 0.0 264000
1695677358118 0.0 268000
1695677439937 0.0 272000
1695677527099 0.0 276000
