1695672393863 0.0 4000
1695672462568 0.0 8000
1695672529078 0.0 12000
1695672599916 0.0 16000
1695672672195 0.0 20000
1695672745138 0.0 24000
1695672809527 0.0 28000
1695672873877 0.0 32000
1695672940562 0.0 36000
1695673005099 0.0 40000
1695673074129 0.0 44000
1695673141074 0.0 48000
1695673218366 0.0 52000
1695673294620 0.0 56000
1695673372347 0.0 60000
1695673449562 0.0 64000
1695673533448 0.0 68000
1695673613667 0.0 72000
1695673696448 0.0 76000
1695673782458 0.0 80000
1695673860946 0.0 84000
1695673945899 0.0 88000
1695674026231 0.0 92000
1695674106683 0.0 96000
1695674188427 0.0 100000
1695674272813 0.0 104000
1695674360436 0.0 108000
1695674442817 0.0 112000
1695674524751 0.0 116000
1695674604672 0.0 120000
1695674686201 0.0 124000
1695674760872 0.0 128000
1695674835752 0.0 132000
1695674905867 0.0 136000
1695674983791 0.0 140000
1695675057328 0.0 144000
1695675130664 0.0 148000
1695675200965 0.0 152000
1695675272562 0.0 156000
1695675343484 0.0 160000
1695675413963 0.0 164000
1695675488752 0.0 168000
1695675564891 0.0 172000
1695675636439 0.0 176000
1695675707568 0.0 180000
1695675779406 0.0 184000
1695675846279 0.0 188000
1695675912906 0.0 192000
1695675979017 0.0 196000
1695676044670 0.0 200000
1695676110898 0.0 204000
1695676191500 0.0 208000
1695676270169 0.0 212000
1695676339770 0.0 216000
1695676408437 0.0 220000
1695676480478 0.0 224000
1695676554957 0.0 228000
1695676625404 0.0 232000
1695676703883 0.0 236000
1695676788115 0.0 240000
1695676877878 0.0 244000
1695676966957 0.0 248000
1695677042591 0.0 252000
1695677114778 0.0 256000
1695677195383 0.0 260000
1695677276717 0.0 264000
1695677358110 0.0 268000
1695677439926 0.0 272000
1695677527092 0.0 276000
