1695672393904 0.0 4000
1695672462607 0.0 8000
1695672529116 0.0 12000
1695672599957 0.0 16000
1695672672234 0.0 20000
1695672745175 0.0 24000
1695672809563 0.0 28000
1695672873911 0.0 32000
1695672940598 0.0 36000
1695673005132 0.0 40000
1695673074167 0.0 44000
1695673141108 0.0 48000
1695673218402 0.0 52000
1695673294663 0.0 56000
1695673372389 0.0 60000
1695673449607 0.0 64000
1695673533501 0.0 68000
1695673613709 0.0 72000
1695673696493 0.0 76000
1695673782503 0.0 80000
1695673860992 0.0 84000
1695673945942 0.0 88000
1695674026275 0.0 92000
1695674106729 0.0 96000
1695674188471 0.0 100000
1695674272860 0.0 104000
1695674360481 0.0 108000
1695674442871 0.0 112000
1695674524797 0.0 116000
1695674604717 0.0 120000
1695674686246 0.0 124000
1695674760918 0.0 128000
1695674835791 0.0 132000
1695674905913 0.0 136000
1695674983830 0.0 140000
1695675057366 0.0 144000
1695675130709 0.0 148000
1695675201003 0.0 152000
1695675272598 0.0 156000
1695675343522 0.0 160000
1695675413998 0.0 164000
1695675488808 0.0 168000
1695675564928 0.0 172000
1695675636479 0.0 176000
1695675707606 0.0 180000
1695675779444 0.0 184000
1695675846312 0.0 188000
1695675912941 0.0 192000
1695675979055 0.0 196000
1695676044707 0.0 200000
1695676110934 0.0 204000
1695676191539 0.0 208000
1695676270206 0.0 212000
1695676339809 0.0 216000
1695676408474 0.0 220000
1695676480515 0.0 224000
1695676554998 0.0 228000
1695676625442 0.0 232000
1695676703923 0.0 236000
1695676788156 0.0 240000
1695676877933 0.0 244000
1695676967021 0.0 248000
1695677042629 0.0 252000
1695677114816 0.0 256000
1695677195425 0.0 260000
1695677276760 0.0 264000
1695677358151 0.0 268000
1695677439976 0.0 272000
1695677527130 0.0 276000
