1695672393900 0.0 4000
1695672462604 0.0 8000
1695672529112 0.0 12000
1695672599953 0.0 16000
1695672672230 0.0 20000
1695672745171 0.0 24000
1695672809560 0.0 28000
1695672873908 0.0 32000
1695672940594 0.0 36000
1695673005129 0.0 40000
1695673074163 0.0 44000
1695673141105 0.0 48000
1695673218398 0.0 52000
1695673294659 0.0 56000
1695673372385 0.0 60000
1695673449602 0.0 64000
1695673533497 0.0 68000
1695673613704 0.0 72000
1695673696489 0.0 76000
1695673782498 0.0 80000
1695673860988 0.0 84000
1695673945938 0.0 88000
1695674026271 0.0 92000
1695674106725 0.0 96000
1695674188467 0.0 100000
1695674272852 0.0 104000
1695674360476 0.0 108000
1695674442867 0.0 112000
1695674524792 0.0 116000
1695674604713 0.0 120000
1695674686242 0.0 124000
1695674760913 0.0 128000
1695674835787 0.0 132000
1695674905908 0.0 136000
1695674983827 0.0 140000
1695675057363 0.0 144000
1695675130704 0.0 148000
1695675200999 0.0 152000
1695675272594 0.0 156000
1695675343519 0.0 160000
1695675413994 0.0 164000
1695675488803 0.0 168000
1695675564925 0.0 172000
1695675636475 0.0 176000
1695675707602 0.0 180000
1695675779441 0.0 184000
1695675846308 0.0 188000
1695675912938 0.0 192000
1695675979051 0.0 196000
1695676044703 0.0 200000
1695676110930 0.0 204000
1695676191535 0.0 208000
1695676270203 0.0 212000
1695676339805 0.0 216000
1695676408470 0.0 220000
1695676480511 0.0 224000
1695676554994 0.0 228000
1695676625439 0.0 232000
1695676703919 0.0 236000
1695676788152 0.0 240000
1695676877926 0.0 244000
1695676967015 0.0 248000
1695677042626 0.0 252000
1695677114812 0.0 256000
1695677195420 0.0 260000
1695677276756 0.0 264000
1695677358147 0.0 268000
1695677439972 0.0 272000
1695677527126 0.0 276000
