1695672393918 128.0 4000
1695672462621 128.0 8000
1695672529129 128.0 12000
1695672599971 128.0 16000
1695672672247 128.0 20000
1695672745188 128.0 24000
1695672809575 128.0 28000
1695672873923 128.0 32000
1695672940609 128.0 36000
1695673005144 128.0 40000
1695673074178 128.0 44000
1695673141120 128.0 48000
1695673218414 128.0 52000
1695673294678 128.0 56000
1695673372403 128.0 60000
1695673449622 128.0 64000
1695673533521 128.0 68000
1695673613722 128.0 72000
1695673696509 128.0 76000
1695673782518 128.0 80000
1695673861008 128.0 84000
1695673945958 128.0 88000
1695674026290 128.0 92000
1695674106745 128.0 96000
1695674188487 128.0 100000
1695674272885 128.0 104000
1695674360496 128.0 108000
1695674442891 128.0 112000
1695674524812 128.0 116000
1695674604732 128.0 120000
1695674686262 128.0 124000
1695674760936 128.0 128000
1695674835805 128.0 132000
1695674905927 128.0 136000
1695674983844 128.0 140000
1695675057379 128.0 144000
1695675130724 128.0 148000
1695675201017 128.0 152000
1695675272610 128.0 156000
1695675343535 128.0 160000
1695675414010 128.0 164000
1695675488831 128.0 168000
1695675564941 128.0 172000
1695675636493 128.0 176000
1695675707618 128.0 180000
1695675779458 128.0 184000
1695675846324 128.0 188000
1695675912953 128.0 192000
1695675979068 128.0 196000
1695676044718 128.0 200000
1695676110946 128.0 204000
1695676191552 128.0 208000
1695676270219 128.0 212000
1695676339822 128.0 216000
1695676408486 128.0 220000
1695676480528 128.0 224000
1695676555013 128.0 228000
1695676625455 128.0 232000
1695676703937 128.0 236000
1695676788170 128.0 240000
1695676877953 128.0 244000
1695676967042 128.0 248000
1695677042643 128.0 252000
1695677114829 128.0 256000
1695677195439 128.0 260000
1695677276775 128.0 264000
1695677358165 128.0 268000
1695677439991 128.0 272000
1695677527143 128.0 276000
