1695672393919 1.0 4000
1695672462622 1.0 8000
1695672529131 1.0 12000
1695672599973 1.0 16000
1695672672249 1.0 20000
1695672745190 1.0 24000
1695672809576 1.0 28000
1695672873924 1.0 32000
1695672940611 1.0 36000
1695673005145 1.0 40000
1695673074179 1.0 44000
1695673141121 1.0 48000
1695673218416 1.0 52000
1695673294680 1.0 56000
1695673372405 1.0 60000
1695673449624 1.0 64000
1695673533523 1.0 68000
1695673613724 1.0 72000
1695673696511 1.0 76000
1695673782520 1.0 80000
1695673861009 1.0 84000
1695673945959 1.0 88000
1695674026292 1.0 92000
1695674106746 1.0 96000
1695674188488 1.0 100000
1695674272888 1.0 104000
1695674360498 1.0 108000
1695674442894 1.0 112000
1695674524814 1.0 116000
1695674604734 1.0 120000
1695674686264 1.0 124000
1695674760939 1.0 128000
1695674835807 1.0 132000
1695674905928 1.0 136000
1695674983846 1.0 140000
1695675057381 1.0 144000
1695675130726 1.0 148000
1695675201018 1.0 152000
1695675272611 1.0 156000
1695675343537 1.0 160000
1695675414011 1.0 164000
1695675488832 1.0 168000
1695675564943 1.0 172000
1695675636494 1.0 176000
1695675707620 1.0 180000
1695675779459 1.0 184000
1695675846325 1.0 188000
1695675912954 1.0 192000
1695675979070 1.0 196000
1695676044720 1.0 200000
1695676110947 1.0 204000
1695676191554 1.0 208000
1695676270220 1.0 212000
1695676339823 1.0 216000
1695676408488 1.0 220000
1695676480529 1.0 224000
1695676555014 1.0 228000
1695676625457 1.0 232000
1695676703938 1.0 236000
1695676788172 1.0 240000
1695676877955 1.0 244000
1695676967045 1.0 248000
1695677042644 1.0 252000
1695677114830 1.0 256000
1695677195440 1.0 260000
1695677276776 1.0 264000
1695677358166 1.0 268000
1695677439993 1.0 272000
1695677527145 1.0 276000
