1695672393882 0.0 4000
1695672462587 0.0 8000
1695672529096 0.0 12000
1695672599936 0.0 16000
1695672672213 0.0 20000
1695672745156 0.0 24000
1695672809545 0.0 28000
1695672873894 0.0 32000
1695672940580 0.0 36000
1695673005115 0.0 40000
1695673074147 0.0 44000
1695673141090 0.0 48000
1695673218383 0.0 52000
1695673294641 0.0 56000
1695673372367 0.0 60000
1695673449583 0.0 64000
1695673533477 0.0 68000
1695673613688 0.0 72000
1695673696469 0.0 76000
1695673782479 0.0 80000
1695673860969 0.0 84000
1695673945920 0.0 88000
1695674026254 0.0 92000
1695674106706 0.0 96000
1695674188448 0.0 100000
1695674272834 0.0 104000
1695674360458 0.0 108000
1695674442843 0.0 112000
1695674524773 0.0 116000
1695674604694 0.0 120000
1695674686223 0.0 124000
1695674760894 0.0 128000
1695674835771 0.0 132000
1695674905887 0.0 136000
1695674983810 0.0 140000
1695675057347 0.0 144000
1695675130686 0.0 148000
1695675200983 0.0 152000
1695675272579 0.0 156000
1695675343502 0.0 160000
1695675413980 0.0 164000
1695675488782 0.0 168000
1695675564909 0.0 172000
1695675636459 0.0 176000
1695675707586 0.0 180000
1695675779424 0.0 184000
1695675846295 0.0 188000
1695675912923 0.0 192000
1695675979035 0.0 196000
1695676044687 0.0 200000
1695676110916 0.0 204000
1695676191519 0.0 208000
1695676270187 0.0 212000
1695676339788 0.0 216000
1695676408455 0.0 220000
1695676480495 0.0 224000
1695676554977 0.0 228000
1695676625423 0.0 232000
1695676703902 0.0 236000
1695676788135 0.0 240000
1695676877906 0.0 244000
1695676966986 0.0 248000
1695677042610 0.0 252000
1695677114796 0.0 256000
1695677195403 0.0 260000
1695677276738 0.0 264000
1695677358130 0.0 268000
1695677439954 0.0 272000
1695677527110 0.0 276000
