1695672393912 1.0 4000
1695672462615 1.0 8000
1695672529124 1.0 12000
1695672599965 1.0 16000
1695672672242 1.0 20000
1695672745182 1.0 24000
1695672809570 1.0 28000
1695672873918 1.0 32000
1695672940604 1.0 36000
1695673005139 1.0 40000
1695673074173 1.0 44000
1695673141115 1.0 48000
1695673218409 1.0 52000
1695673294672 1.0 56000
1695673372397 1.0 60000
1695673449616 1.0 64000
1695673533514 1.0 68000
1695673613717 1.0 72000
1695673696502 1.0 76000
1695673782512 1.0 80000
1695673861001 1.0 84000
1695673945951 1.0 88000
1695674026284 1.0 92000
1695674106738 1.0 96000
1695674188480 1.0 100000
1695674272874 1.0 104000
1695674360490 1.0 108000
1695674442883 1.0 112000
1695674524806 1.0 116000
1695674604726 1.0 120000
1695674686256 1.0 124000
1695674760927 1.0 128000
1695674835800 1.0 132000
1695674905921 1.0 136000
1695674983838 1.0 140000
1695675057374 1.0 144000
1695675130718 1.0 148000
1695675201011 1.0 152000
1695675272605 1.0 156000
1695675343530 1.0 160000
1695675414005 1.0 164000
1695675488823 1.0 168000
1695675564936 1.0 172000
1695675636487 1.0 176000
1695675707613 1.0 180000
1695675779452 1.0 184000
1695675846319 1.0 188000
1695675912948 1.0 192000
1695675979063 1.0 196000
1695676044713 1.0 200000
1695676110941 1.0 204000
1695676191547 1.0 208000
1695676270213 1.0 212000
1695676339816 1.0 216000
1695676408481 1.0 220000
1695676480523 1.0 224000
1695676555007 1.0 228000
1695676625450 1.0 232000
1695676703931 1.0 236000
1695676788164 1.0 240000
1695676877945 1.0 244000
1695676967033 1.0 248000
1695677042637 1.0 252000
1695677114824 1.0 256000
1695677195433 1.0 260000
1695677276769 1.0 264000
1695677358159 1.0 268000
1695677439985 1.0 272000
1695677527138 1.0 276000
