1695672393914 -1.0 4000
1695672462617 -1.0 8000
1695672529125 -1.0 12000
1695672599967 -1.0 16000
1695672672243 -1.0 20000
1695672745183 -1.0 24000
1695672809571 -1.0 28000
1695672873920 -1.0 32000
1695672940606 -1.0 36000
1695673005141 -1.0 40000
1695673074175 -1.0 44000
1695673141116 -1.0 48000
1695673218411 -1.0 52000
1695673294673 -1.0 56000
1695673372399 -1.0 60000
1695673449618 -1.0 64000
1695673533516 -1.0 68000
1695673613719 -1.0 72000
1695673696504 -1.0 76000
1695673782514 -1.0 80000
1695673861003 -1.0 84000
1695673945953 -1.0 88000
1695674026286 -1.0 92000
1695674106740 -1.0 96000
1695674188482 -1.0 100000
1695674272877 -1.0 104000
1695674360492 -1.0 108000
1695674442885 -1.0 112000
1695674524808 -1.0 116000
1695674604728 -1.0 120000
1695674686258 -1.0 124000
1695674760929 -1.0 128000
1695674835801 -1.0 132000
1695674905922 -1.0 136000
1695674983840 -1.0 140000
1695675057376 -1.0 144000
1695675130719 -1.0 148000
1695675201013 -1.0 152000
1695675272606 -1.0 156000
1695675343531 -1.0 160000
1695675414006 -1.0 164000
1695675488826 -1.0 168000
1695675564937 -1.0 172000
1695675636489 -1.0 176000
1695675707615 -1.0 180000
1695675779454 -1.0 184000
1695675846320 -1.0 188000
1695675912949 -1.0 192000
1695675979064 -1.0 196000
1695676044715 -1.0 200000
1695676110942 -1.0 204000
1695676191549 -1.0 208000
1695676270215 -1.0 212000
1695676339818 -1.0 216000
1695676408483 -1.0 220000
1695676480524 -1.0 224000
1695676555008 -1.0 228000
1695676625452 -1.0 232000
1695676703933 -1.0 236000
1695676788166 -1.0 240000
1695676877946 -1.0 244000
1695676967035 -1.0 248000
1695677042639 -1.0 252000
1695677114825 -1.0 256000
1695677195435 -1.0 260000
1695677276770 -1.0 264000
1695677358161 -1.0 268000
1695677439987 -1.0 272000
1695677527140 -1.0 276000
