1695672393877 4000.0 4000
1695672462582 4000.0 8000
1695672529091 4000.0 12000
1695672599930 4000.0 16000
1695672672208 4000.0 20000
1695672745151 4000.0 24000
1695672809540 4000.0 28000
1695672873889 4000.0 32000
1695672940574 4000.0 36000
1695673005110 4000.0 40000
1695673074141 4000.0 44000
1695673141086 4000.0 48000
1695673218378 4000.0 52000
1695673294634 4000.0 56000
1695673372361 4000.0 60000
1695673449576 4000.0 64000
1695673533470 4000.0 68000
1695673613681 4000.0 72000
1695673696463 4000.0 76000
1695673782473 4000.0 80000
1695673860962 4000.0 84000
1695673945914 4000.0 88000
1695674026248 4000.0 92000
1695674106700 4000.0 96000
1695674188442 4000.0 100000
1695674272828 4000.0 104000
1695674360451 4000.0 108000
1695674442834 4000.0 112000
1695674524766 4000.0 116000
1695674604688 4000.0 120000
1695674686216 4000.0 124000
1695674760888 4000.0 128000
1695674835765 4000.0 132000
1695674905881 4000.0 136000
1695674983804 4000.0 140000
1695675057341 4000.0 144000
1695675130679 4000.0 148000
1695675200978 4000.0 152000
1695675272574 4000.0 156000
1695675343497 4000.0 160000
1695675413975 4000.0 164000
1695675488771 4000.0 168000
1695675564904 4000.0 172000
1695675636453 4000.0 176000
1695675707581 4000.0 180000
1695675779419 4000.0 184000
1695675846290 4000.0 188000
1695675912918 4000.0 192000
1695675979029 4000.0 196000
1695676044681 4000.0 200000
1695676110911 4000.0 204000
1695676191514 4000.0 208000
1695676270182 4000.0 212000
1695676339783 4000.0 216000
1695676408450 4000.0 220000
1695676480490 4000.0 224000
1695676554971 4000.0 228000
1695676625418 4000.0 232000
1695676703897 4000.0 236000
1695676788129 4000.0 240000
1695676877899 4000.0 244000
1695676966974 4000.0 248000
1695677042604 4000.0 252000
1695677114791 4000.0 256000
1695677195397 4000.0 260000
1695677276732 4000.0 264000
1695677358124 4000.0 268000
1695677439948 4000.0 272000
1695677527105 4000.0 276000
