1695672393916 1.0 4000
1695672462619 1.0 8000
1695672529128 1.0 12000
1695672599970 1.0 16000
1695672672245 1.0 20000
1695672745186 1.0 24000
1695672809573 1.0 28000
1695672873922 1.0 32000
1695672940608 1.0 36000
1695673005143 1.0 40000
1695673074177 1.0 44000
1695673141118 1.0 48000
1695673218413 1.0 52000
1695673294676 1.0 56000
1695673372402 1.0 60000
1695673449620 1.0 64000
1695673533519 1.0 68000
1695673613721 1.0 72000
1695673696507 1.0 76000
1695673782516 1.0 80000
1695673861006 1.0 84000
1695673945956 1.0 88000
1695674026288 1.0 92000
1695674106743 1.0 96000
1695674188485 1.0 100000
1695674272882 1.0 104000
1695674360494 1.0 108000
1695674442888 1.0 112000
1695674524810 1.0 116000
1695674604730 1.0 120000
1695674686261 1.0 124000
1695674760933 1.0 128000
1695674835804 1.0 132000
1695674905925 1.0 136000
1695674983842 1.0 140000
1695675057378 1.0 144000
1695675130722 1.0 148000
1695675201015 1.0 152000
1695675272608 1.0 156000
1695675343534 1.0 160000
1695675414008 1.0 164000
1695675488829 1.0 168000
1695675564940 1.0 172000
1695675636491 1.0 176000
1695675707617 1.0 180000
1695675779456 1.0 184000
1695675846322 1.0 188000
1695675912951 1.0 192000
1695675979066 1.0 196000
1695676044717 1.0 200000
1695676110945 1.0 204000
1695676191551 1.0 208000
1695676270217 1.0 212000
1695676339820 1.0 216000
1695676408485 1.0 220000
1695676480526 1.0 224000
1695676555011 1.0 228000
1695676625454 1.0 232000
1695676703935 1.0 236000
1695676788168 1.0 240000
1695676877950 1.0 244000
1695676967039 1.0 248000
1695677042641 1.0 252000
1695677114828 1.0 256000
1695677195437 1.0 260000
1695677276773 1.0 264000
1695677358163 1.0 268000
1695677439989 1.0 272000
1695677527142 1.0 276000
