1695672393915 1.0 4000
1695672462618 1.0 8000
1695672529127 1.0 12000
1695672599969 1.0 16000
1695672672245 1.0 20000
1695672745185 1.0 24000
1695672809573 1.0 28000
1695672873921 1.0 32000
1695672940607 1.0 36000
1695673005142 1.0 40000
1695673074176 1.0 44000
1695673141118 1.0 48000
1695673218412 1.0 52000
1695673294675 1.0 56000
1695673372401 1.0 60000
1695673449620 1.0 64000
1695673533518 1.0 68000
1695673613720 1.0 72000
1695673696506 1.0 76000
1695673782515 1.0 80000
1695673861005 1.0 84000
1695673945955 1.0 88000
1695674026287 1.0 92000
1695674106742 1.0 96000
1695674188484 1.0 100000
1695674272881 1.0 104000
1695674360494 1.0 108000
1695674442887 1.0 112000
1695674524810 1.0 116000
1695674604729 1.0 120000
1695674686260 1.0 124000
1695674760931 1.0 128000
1695674835803 1.0 132000
1695674905924 1.0 136000
1695674983841 1.0 140000
1695675057377 1.0 144000
1695675130721 1.0 148000
1695675201014 1.0 152000
1695675272608 1.0 156000
1695675343533 1.0 160000
1695675414008 1.0 164000
1695675488828 1.0 168000
1695675564939 1.0 172000
1695675636490 1.0 176000
1695675707616 1.0 180000
1695675779455 1.0 184000
1695675846322 1.0 188000
1695675912951 1.0 192000
1695675979066 1.0 196000
1695676044716 1.0 200000
1695676110944 1.0 204000
1695676191550 1.0 208000
1695676270216 1.0 212000
1695676339819 1.0 216000
1695676408484 1.0 220000
1695676480526 1.0 224000
1695676555010 1.0 228000
1695676625453 1.0 232000
1695676703934 1.0 236000
1695676788167 1.0 240000
1695676877949 1.0 244000
1695676967037 1.0 248000
1695677042640 1.0 252000
1695677114827 1.0 256000
1695677195436 1.0 260000
1695677276772 1.0 264000
1695677358162 1.0 268000
1695677439988 1.0 272000
1695677527141 1.0 276000
