1695672393923 10.0 4000
1695672462625 10.0 8000
1695672529134 10.0 12000
1695672599976 10.0 16000
1695672672252 10.0 20000
1695672745192 10.0 24000
1695672809579 10.0 28000
1695672873927 10.0 32000
1695672940613 10.0 36000
1695673005148 10.0 40000
1695673074182 10.0 44000
1695673141124 10.0 48000
1695673218419 10.0 52000
1695673294683 10.0 56000
1695673372408 10.0 60000
1695673449628 10.0 64000
1695673533526 10.0 68000
1695673613727 10.0 72000
1695673696515 10.0 76000
1695673782524 10.0 80000
1695673861013 10.0 84000
1695673945963 10.0 88000
1695674026296 10.0 92000
1695674106750 10.0 96000
1695674188492 10.0 100000
1695674272894 10.0 104000
1695674360502 10.0 108000
1695674442897 10.0 112000
1695674524818 10.0 116000
1695674604737 10.0 120000
1695674686268 10.0 124000
1695674760945 10.0 128000
1695674835810 10.0 132000
1695674905932 10.0 136000
1695674983849 10.0 140000
1695675057384 10.0 144000
1695675130729 10.0 148000
1695675201021 10.0 152000
1695675272614 10.0 156000
1695675343540 10.0 160000
1695675414014 10.0 164000
1695675488836 10.0 168000
1695675564946 10.0 172000
1695675636498 10.0 176000
1695675707624 10.0 180000
1695675779463 10.0 184000
1695675846328 10.0 188000
1695675912957 10.0 192000
1695675979074 10.0 196000
1695676044722 10.0 200000
1695676110950 10.0 204000
1695676191557 10.0 208000
1695676270223 10.0 212000
1695676339826 10.0 216000
1695676408491 10.0 220000
1695676480532 10.0 224000
1695676555017 10.0 228000
1695676625460 10.0 232000
1695676703942 10.0 236000
1695676788175 10.0 240000
1695676877958 10.0 244000
1695676967050 10.0 248000
1695677042647 10.0 252000
1695677114834 10.0 256000
1695677195444 10.0 260000
1695677276780 10.0 264000
1695677358170 10.0 268000
1695677439996 10.0 272000
1695677527148 10.0 276000
