1695672393920 1.0 4000
1695672462623 1.0 8000
1695672529131 1.0 12000
1695672599974 1.0 16000
1695672672250 1.0 20000
1695672745190 1.0 24000
1695672809577 1.0 28000
1695672873925 1.0 32000
1695672940611 1.0 36000
1695673005146 1.0 40000
1695673074180 1.0 44000
1695673141122 1.0 48000
1695673218416 1.0 52000
1695673294681 1.0 56000
1695673372406 1.0 60000
1695673449625 1.0 64000
1695673533523 1.0 68000
1695673613725 1.0 72000
1695673696512 1.0 76000
1695673782521 1.0 80000
1695673861010 1.0 84000
1695673945960 1.0 88000
1695674026292 1.0 92000
1695674106747 1.0 96000
1695674188489 1.0 100000
1695674272890 1.0 104000
1695674360499 1.0 108000
1695674442895 1.0 112000
1695674524815 1.0 116000
1695674604735 1.0 120000
1695674686265 1.0 124000
1695674760940 1.0 128000
1695674835808 1.0 132000
1695674905929 1.0 136000
1695674983846 1.0 140000
1695675057382 1.0 144000
1695675130727 1.0 148000
1695675201019 1.0 152000
1695675272612 1.0 156000
1695675343537 1.0 160000
1695675414012 1.0 164000
1695675488833 1.0 168000
1695675564944 1.0 172000
1695675636495 1.0 176000
1695675707622 1.0 180000
1695675779460 1.0 184000
1695675846326 1.0 188000
1695675912955 1.0 192000
1695675979071 1.0 196000
1695676044720 1.0 200000
1695676110948 1.0 204000
1695676191555 1.0 208000
1695676270221 1.0 212000
1695676339824 1.0 216000
1695676408488 1.0 220000
1695676480530 1.0 224000
1695676555015 1.0 228000
1695676625458 1.0 232000
1695676703939 1.0 236000
1695676788173 1.0 240000
1695676877956 1.0 244000
1695676967046 1.0 248000
1695677042645 1.0 252000
1695677114831 1.0 256000
1695677195441 1.0 260000
1695677276777 1.0 264000
1695677358167 1.0 268000
1695677439994 1.0 272000
1695677527146 1.0 276000
