1695672393924 -1.0 4000
1695672462626 -1.0 8000
1695672529135 -1.0 12000
1695672599978 -1.0 16000
1695672672254 -1.0 20000
1695672745194 -1.0 24000
1695672809580 -1.0 28000
1695672873929 -1.0 32000
1695672940615 -1.0 36000
1695673005149 -1.0 40000
1695673074183 -1.0 44000
1695673141126 -1.0 48000
1695673218420 -1.0 52000
1695673294685 -1.0 56000
1695673372410 -1.0 60000
1695673449630 -1.0 64000
1695673533528 -1.0 68000
1695673613729 -1.0 72000
1695673696516 -1.0 76000
1695673782525 -1.0 80000
1695673861015 -1.0 84000
1695673945965 -1.0 88000
1695674026298 -1.0 92000
1695674106752 -1.0 96000
1695674188494 -1.0 100000
1695674272897 -1.0 104000
1695674360504 -1.0 108000
1695674442899 -1.0 112000
1695674524819 -1.0 116000
1695674604739 -1.0 120000
1695674686269 -1.0 124000
1695674760947 -1.0 128000
1695674835811 -1.0 132000
1695674905933 -1.0 136000
1695674983850 -1.0 140000
1695675057385 -1.0 144000
1695675130731 -1.0 148000
1695675201023 -1.0 152000
1695675272616 -1.0 156000
1695675343541 -1.0 160000
1695675414015 -1.0 164000
1695675488838 -1.0 168000
1695675564948 -1.0 172000
1695675636499 -1.0 176000
1695675707625 -1.0 180000
1695675779464 -1.0 184000
1695675846329 -1.0 188000
1695675912958 -1.0 192000
1695675979077 -1.0 196000
1695676044724 -1.0 200000
1695676110952 -1.0 204000
1695676191559 -1.0 208000
1695676270224 -1.0 212000
1695676339828 -1.0 216000
1695676408492 -1.0 220000
1695676480533 -1.0 224000
1695676555019 -1.0 228000
1695676625461 -1.0 232000
1695676703943 -1.0 236000
1695676788177 -1.0 240000
1695676877961 -1.0 244000
1695676967052 -1.0 248000
1695677042649 -1.0 252000
1695677114835 -1.0 256000
1695677195446 -1.0 260000
1695677276782 -1.0 264000
1695677358171 -1.0 268000
1695677439998 -1.0 272000
1695677527150 -1.0 276000
