1695672393906 1800.0 4000
1695672462610 1800.0 8000
1695672529118 1800.0 12000
1695672599960 1800.0 16000
1695672672236 1800.0 20000
1695672745177 1800.0 24000
1695672809565 1800.0 28000
1695672873914 1800.0 32000
1695672940600 1800.0 36000
1695673005135 1800.0 40000
1695673074169 1800.0 44000
1695673141110 1800.0 48000
1695673218404 1800.0 52000
1695673294666 1800.0 56000
1695673372392 1800.0 60000
1695673449610 1800.0 64000
1695673533504 1800.0 68000
1695673613711 1800.0 72000
1695673696496 1800.0 76000
1695673782505 1800.0 80000
1695673860995 1800.0 84000
1695673945945 1800.0 88000
1695674026278 1800.0 92000
1695674106732 1800.0 96000
1695674188474 1800.0 100000
1695674272864 1800.0 104000
1695674360484 1800.0 108000
1695674442874 1800.0 112000
1695674524800 1800.0 116000
1695674604720 1800.0 120000
1695674686249 1800.0 124000
1695674760921 1800.0 128000
1695674835794 1800.0 132000
1695674905915 1800.0 136000
1695674983833 1800.0 140000
1695675057369 1800.0 144000
1695675130711 1800.0 148000
1695675201006 1800.0 152000
1695675272600 1800.0 156000
1695675343525 1800.0 160000
1695675414000 1800.0 164000
1695675488811 1800.0 168000
1695675564931 1800.0 172000
1695675636482 1800.0 176000
1695675707608 1800.0 180000
1695675779447 1800.0 184000
1695675846314 1800.0 188000
1695675912943 1800.0 192000
1695675979057 1800.0 196000
1695676044709 1800.0 200000
1695676110936 1800.0 204000
1695676191542 1800.0 208000
1695676270208 1800.0 212000
1695676339811 1800.0 216000
1695676408476 1800.0 220000
1695676480517 1800.0 224000
1695676555001 1800.0 228000
1695676625445 1800.0 232000
1695676703925 1800.0 236000
1695676788158 1800.0 240000
1695676877937 1800.0 244000
1695676967026 1800.0 248000
1695677042632 1800.0 252000
1695677114819 1800.0 256000
1695677195427 1800.0 260000
1695677276763 1800.0 264000
1695677358153 1800.0 268000
1695677439979 1800.0 272000
1695677527133 1800.0 276000
