1695672393906 60.0 4000
1695672462609 60.0 8000
1695672529118 60.0 12000
1695672599959 60.0 16000
1695672672235 60.0 20000
1695672745176 60.0 24000
1695672809564 60.0 28000
1695672873913 60.0 32000
1695672940599 60.0 36000
1695673005134 60.0 40000
1695673074168 60.0 44000
1695673141110 60.0 48000
1695673218403 60.0 52000
1695673294665 60.0 56000
1695673372391 60.0 60000
1695673449609 60.0 64000
1695673533503 60.0 68000
1695673613710 60.0 72000
1695673696495 60.0 76000
1695673782505 60.0 80000
1695673860994 60.0 84000
1695673945944 60.0 88000
1695674026277 60.0 92000
1695674106731 60.0 96000
1695674188473 60.0 100000
1695674272863 60.0 104000
1695674360483 60.0 108000
1695674442873 60.0 112000
1695674524799 60.0 116000
1695674604719 60.0 120000
1695674686248 60.0 124000
1695674760920 60.0 128000
1695674835793 60.0 132000
1695674905914 60.0 136000
1695674983832 60.0 140000
1695675057368 60.0 144000
1695675130710 60.0 148000
1695675201005 60.0 152000
1695675272599 60.0 156000
1695675343524 60.0 160000
1695675413999 60.0 164000
1695675488810 60.0 168000
1695675564930 60.0 172000
1695675636481 60.0 176000
1695675707608 60.0 180000
1695675779446 60.0 184000
1695675846313 60.0 188000
1695675912942 60.0 192000
1695675979056 60.0 196000
1695676044708 60.0 200000
1695676110935 60.0 204000
1695676191541 60.0 208000
1695676270208 60.0 212000
1695676339810 60.0 216000
1695676408475 60.0 220000
1695676480516 60.0 224000
1695676555000 60.0 228000
1695676625444 60.0 232000
1695676703925 60.0 236000
1695676788158 60.0 240000
1695676877936 60.0 244000
1695676967025 60.0 248000
1695677042631 60.0 252000
1695677114818 60.0 256000
1695677195426 60.0 260000
1695677276762 60.0 264000
1695677358152 60.0 268000
1695677439978 60.0 272000
1695677527132 60.0 276000
