1695731491991 0.0 244000
1695731555363 0.0 248000
1695731626995 0.0 252000
1695731693998 0.0 256000
1695731770446 0.0 260000
1695731847890 0.0 264000
1695731929324 0.0 268000
1695732007557 0.0 272000
1695732085649 0.0 276000
1695732161613 0.0 280000
1695732229847 0.0 284000
1695732296280 0.0 288000
1695732365391 0.0 292000
1695732431728 0.0 296000
1695732499302 0.0 300000
1695732565197 0.0 304000
1695732635468 0.0 308000
1695732703082 0.0 312000
1695732772400 0.0 316000
1695732841589 0.0 320000
1695732910248 0.0 324000
1695732988715 0.0 328000
1695733057782 0.0 332000
1695733127227 0.0 336000
1695733197217 0.0 340000
1695733266933 0.0 344000
1695733337759 0.0 348000
1695733406276 0.0 352000
1695733475113 0.0 356000
1695733547181 0.0 360000
1695733617746 0.0 364000
1695733686239 0.0 368000
1695733756217 0.0 372000
1695733824451 0.0 376000
1695733894959 0.0 380000
1695733964285 0.0 384000
1695734035297 0.0 388000
1695734104266 0.0 392000
1695734175695 0.0 396000
1695734244739 0.0 400000
1695734315766 0.0 404000
1695734384680 0.0 408000
1695734453455 0.0 412000
1695734520746 0.0 416000
1695734588451 0.0 420000
1695734658404 0.0 424000
1695734728069 0.0 428000
1695734796954 0.0 432000
1695734870322 0.0 436000
1695734945836 0.0 440000
1695735017153 0.0 444000
1695735086435 0.0 448000
1695735161761 0.0 452000
1695735232001 0.0 456000
1695735305952 0.0 460000
1695735382206 0.0 464000
1695735453202 0.0 468000
1695735524423 0.0 472000
1695735599208 0.0 476000
1695735678714 0.0 480000
1695735759838 0.0 484000
1695735842402 0.0 488000
1695735925836 0.0 492000
1695736013509 0.0 496000
1695736097354 0.0 500000
1695736173674 0.0 504000
1695736248946 0.0 508000
1695736320650 0.0 512000
1695736388212 0.0 516000
1695736454349 0.0 520000
1695736520678 0.0 524000
1695736587107 0.0 528000
1695736651743 0.0 532000
1695736716176 0.0 536000
1695736779521 0.0 540000
1695736842239 0.0 544000
1695736905441 0.0 548000
1695736968502 0.0 552000
1695737032203 0.0 556000
1695737094114 0.0 560000
1695737158021 0.0 564000
1695737219689 0.0 568000
1695737282006 0.0 572000
1695737344686 0.0 576000
1695737412023 0.0 580000
1695737478299 0.0 584000
1695737541968 0.0 588000
1695737604409 0.0 592000
1695737666491 0.0 596000
1695737728696 0.0 600000
1695737791624 0.0 604000
1695737853581 0.0 608000
1695737916268 0.0 612000
1695737978642 0.0 616000
1695738041283 0.0 620000
1695738103541 0.0 624000
1695738167370 0.0 628000
1695738230044 0.0 632000
1695738292599 0.0 636000
1695738355091 0.0 640000
1695738417947 0.0 644000
1695738479905 0.0 648000
1695738542490 0.0 652000
1695738605927 0.0 656000
1695738668202 0.0 660000
1695738731753 0.0 664000
1695738794221 0.0 668000
1695738858562 0.0 672000
1695738921305 0.0 676000
1695738984518 0.0 680000
1695739046764 0.0 684000
1695739110136 0.0 688000
1695739172013 0.0 692000
1695739235540 0.0 696000
1695739297786 0.0 700000
1695739360601 0.0 704000
1695739423287 0.0 708000
1695739488077 0.0 712000
1695739550728 0.0 716000
1695739613359 0.0 720000
1695739676057 0.0 724000
1695739737848 0.0 728000
1695739800534 0.0 732000
1695739862771 0.0 736000
1695739925913 0.0 740000
1695739987757 0.0 744000
1695740051657 0.0 748000
1695740114471 0.0 752000
1695740177689 0.0 756000
1695740240159 0.0 760000
1695740302028 0.0 764000
1695740363613 0.0 768000
1695740426098 0.0 772000
1695740488933 0.0 776000
1695740550768 0.0 780000
1695740613472 0.0 784000
1695740676095 0.0 788000
1695740739851 0.0 792000
1695740801758 0.0 796000
1695740865019 0.0 800000
1695740927234 0.0 804000
1695740989471 0.0 808000
1695741052809 0.0 812000
1695741116453 0.0 816000
1695741179188 0.0 820000
1695741242099 0.0 824000
1695741305202 0.0 828000
1695741368525 0.0 832000
1695741432766 0.0 836000
1695741500801 0.0 840000
1695741566840 0.0 844000
1695741631790 0.0 848000
1695741707438 0.0 852000
1695741770255 0.0 856000
1695741834330 0.0 860000
1695741896325 0.0 864000
1695741958478 0.0 868000
1695742020727 0.0 872000
1695742083875 0.0 876000
1695742146541 0.0 880000
1695742211660 0.0 884000
1695742275898 0.0 888000
1695742341642 0.0 892000
1695742413668 0.0 896000
1695742481982 0.0 900000
1695742548287 0.0 904000
1695742610753 0.0 908000
1695742672865 0.0 912000
1695742735155 0.0 916000
1695742798460 0.0 920000
1695742861555 0.0 924000
1695742924147 0.0 928000
1695742986378 0.0 932000
1695743049687 0.0 936000
1695743111969 0.0 940000
1695743175939 0.0 944000
1695743237900 0.0 948000
1695743299810 0.0 952000
1695743362004 0.0 956000
1695743425303 0.0 960000
1695743487778 0.0 964000
1695743552161 0.0 968000
1695743614315 0.0 972000
1695743677501 0.0 976000
1695743740550 0.0 980000
1695743804825 0.0 984000
1695743867006 0.0 988000
1695743930121 0.0 992000
1695743991753 0.0 996000
1695744055090 0.0 1000000
