1695731491993 0.0 244000
1695731555365 0.0 248000
1695731626996 0.0 252000
1695731694000 0.0 256000
1695731770447 0.0 260000
1695731847891 0.0 264000
1695731929326 0.0 268000
1695732007558 0.0 272000
1695732085651 0.0 276000
1695732161615 0.0 280000
1695732229849 0.0 284000
1695732296281 0.0 288000
1695732365393 0.0 292000
1695732431730 0.0 296000
1695732499303 0.0 300000
1695732565199 0.0 304000
1695732635470 0.0 308000
1695732703084 0.0 312000
1695732772402 0.0 316000
1695732841591 0.0 320000
1695732910249 0.0 324000
1695732988717 0.0 328000
1695733057783 0.0 332000
1695733127228 0.0 336000
1695733197219 0.0 340000
1695733266935 0.0 344000
1695733337761 0.0 348000
1695733406277 0.0 352000
1695733475115 0.0 356000
1695733547183 0.0 360000
1695733617748 0.0 364000
1695733686241 0.0 368000
1695733756218 0.0 372000
1695733824452 0.0 376000
1695733894960 0.0 380000
1695733964286 0.0 384000
1695734035299 0.0 388000
1695734104267 0.0 392000
1695734175696 0.0 396000
1695734244741 0.0 400000
1695734315767 0.0 404000
1695734384682 0.0 408000
1695734453456 0.0 412000
1695734520748 0.0 416000
1695734588453 0.0 420000
1695734658405 0.0 424000
1695734728071 0.0 428000
1695734796956 0.0 432000
1695734870324 0.0 436000
1695734945837 0.0 440000
1695735017154 0.0 444000
1695735086437 0.0 448000
1695735161762 0.0 452000
1695735232003 0.0 456000
1695735305953 0.0 460000
1695735382208 0.0 464000
1695735453203 0.0 468000
1695735524424 0.0 472000
1695735599210 0.0 476000
1695735678716 0.0 480000
1695735759840 0.0 484000
1695735842404 0.0 488000
1695735925839 0.0 492000
1695736013510 0.0 496000
1695736097356 0.0 500000
1695736173676 0.0 504000
1695736248948 0.0 508000
1695736320652 0.0 512000
1695736388213 0.0 516000
1695736454350 0.0 520000
1695736520679 0.0 524000
1695736587108 0.0 528000
1695736651745 0.0 532000
1695736716177 0.0 536000
1695736779523 0.0 540000
1695736842240 0.0 544000
1695736905443 0.0 548000
1695736968503 0.0 552000
1695737032205 0.0 556000
1695737094116 0.0 560000
1695737158022 0.0 564000
1695737219691 0.0 568000
1695737282007 0.0 572000
1695737344688 0.0 576000
1695737412024 0.0 580000
1695737478300 0.0 584000
1695737541970 0.0 588000
1695737604410 0.0 592000
1695737666493 0.0 596000
1695737728698 0.0 600000
1695737791625 0.0 604000
1695737853583 0.0 608000
1695737916270 0.0 612000
1695737978644 0.0 616000
1695738041284 0.0 620000
1695738103542 0.0 624000
1695738167371 0.0 628000
1695738230046 0.0 632000
1695738292601 0.0 636000
1695738355093 0.0 640000
1695738417949 0.0 644000
1695738479906 0.0 648000
1695738542491 0.0 652000
1695738605929 0.0 656000
1695738668204 0.0 660000
1695738731754 0.0 664000
1695738794223 0.0 668000
1695738858564 0.0 672000
1695738921307 0.0 676000
1695738984520 0.0 680000
1695739046766 0.0 684000
1695739110138 0.0 688000
1695739172015 0.0 692000
1695739235542 0.0 696000
1695739297788 0.0 700000
1695739360602 0.0 704000
1695739423289 0.0 708000
1695739488079 0.0 712000
1695739550729 0.0 716000
1695739613361 0.0 720000
1695739676059 0.0 724000
1695739737850 0.0 728000
1695739800535 0.0 732000
1695739862772 0.0 736000
1695739925915 0.0 740000
1695739987759 0.0 744000
1695740051658 0.0 748000
1695740114472 0.0 752000
1695740177690 0.0 756000
1695740240161 0.0 760000
1695740302030 0.0 764000
1695740363615 0.0 768000
1695740426100 0.0 772000
1695740488935 0.0 776000
1695740550770 0.0 780000
1695740613474 0.0 784000
1695740676096 0.0 788000
1695740739852 0.0 792000
1695740801760 0.0 796000
1695740865020 0.0 800000
1695740927236 0.0 804000
1695740989472 0.0 808000
1695741052811 0.0 812000
1695741116455 0.0 816000
1695741179190 0.0 820000
1695741242101 0.0 824000
1695741305204 0.0 828000
1695741368527 0.0 832000
1695741432767 0.0 836000
1695741500802 0.0 840000
1695741566841 0.0 844000
1695741631791 0.0 848000
1695741707440 0.0 852000
1695741770256 0.0 856000
1695741834332 0.0 860000
1695741896326 0.0 864000
1695741958480 0.0 868000
1695742020728 0.0 872000
1695742083876 0.0 876000
1695742146543 0.0 880000
1695742211662 0.0 884000
1695742275900 0.0 888000
1695742341644 0.0 892000
1695742413671 0.0 896000
1695742481984 0.0 900000
1695742548289 0.0 904000
1695742610754 0.0 908000
1695742672866 0.0 912000
1695742735156 0.0 916000
1695742798462 0.0 920000
1695742861557 0.0 924000
1695742924148 0.0 928000
1695742986380 0.0 932000
1695743049688 0.0 936000
1695743111971 0.0 940000
1695743175940 0.0 944000
1695743237902 0.0 948000
1695743299811 0.0 952000
1695743362006 0.0 956000
1695743425304 0.0 960000
1695743487780 0.0 964000
1695743552163 0.0 968000
1695743614317 0.0 972000
1695743677503 0.0 976000
1695743740551 0.0 980000
1695743804827 0.0 984000
1695743867008 0.0 988000
1695743930122 0.0 992000
1695743991755 0.0 996000
1695744055092 0.0 1000000
