1695731491992 0.0 244000
1695731555364 0.0 248000
1695731626995 0.0 252000
1695731693999 0.0 256000
1695731770446 0.0 260000
1695731847891 0.0 264000
1695731929325 0.0 268000
1695732007558 0.0 272000
1695732085650 0.0 276000
1695732161614 0.0 280000
1695732229848 0.0 284000
1695732296280 0.0 288000
1695732365392 0.0 292000
1695732431729 0.0 296000
1695732499302 0.0 300000
1695732565198 0.0 304000
1695732635469 0.0 308000
1695732703083 0.0 312000
1695732772401 0.0 316000
1695732841590 0.0 320000
1695732910249 0.0 324000
1695732988716 0.0 328000
1695733057783 0.0 332000
1695733127227 0.0 336000
1695733197218 0.0 340000
1695733266934 0.0 344000
1695733337760 0.0 348000
1695733406276 0.0 352000
1695733475114 0.0 356000
1695733547182 0.0 360000
1695733617747 0.0 364000
1695733686240 0.0 368000
1695733756218 0.0 372000
1695733824452 0.0 376000
1695733894959 0.0 380000
1695733964286 0.0 384000
1695734035298 0.0 388000
1695734104267 0.0 392000
1695734175695 0.0 396000
1695734244740 0.0 400000
1695734315766 0.0 404000
1695734384681 0.0 408000
1695734453456 0.0 412000
1695734520747 0.0 416000
1695734588452 0.0 420000
1695734658404 0.0 424000
1695734728070 0.0 428000
1695734796955 0.0 432000
1695734870323 0.0 436000
1695734945836 0.0 440000
1695735017154 0.0 444000
1695735086436 0.0 448000
1695735161762 0.0 452000
1695735232002 0.0 456000
1695735305952 0.0 460000
1695735382207 0.0 464000
1695735453203 0.0 468000
1695735524424 0.0 472000
1695735599209 0.0 476000
1695735678715 0.0 480000
1695735759839 0.0 484000
1695735842403 0.0 488000
1695735925838 0.0 492000
1695736013510 0.0 496000
1695736097355 0.0 500000
1695736173675 0.0 504000
1695736248947 0.0 508000
1695736320650 0.0 512000
1695736388212 0.0 516000
1695736454349 0.0 520000
1695736520678 0.0 524000
1695736587107 0.0 528000
1695736651744 0.0 532000
1695736716177 0.0 536000
1695736779522 0.0 540000
1695736842240 0.0 544000
1695736905442 0.0 548000
1695736968503 0.0 552000
1695737032204 0.0 556000
1695737094115 0.0 560000
1695737158021 0.0 564000
1695737219690 0.0 568000
1695737282007 0.0 572000
1695737344687 0.0 576000
1695737412023 0.0 580000
1695737478300 0.0 584000
1695737541969 0.0 588000
1695737604410 0.0 592000
1695737666492 0.0 596000
1695737728697 0.0 600000
1695737791625 0.0 604000
1695737853582 0.0 608000
1695737916269 0.0 612000
1695737978643 0.0 616000
1695738041284 0.0 620000
1695738103541 0.0 624000
1695738167371 0.0 628000
1695738230045 0.0 632000
1695738292600 0.0 636000
1695738355092 0.0 640000
1695738417948 0.0 644000
1695738479906 0.0 648000
1695738542491 0.0 652000
1695738605928 0.0 656000
1695738668203 0.0 660000
1695738731753 0.0 664000
1695738794222 0.0 668000
1695738858563 0.0 672000
1695738921306 0.0 676000
1695738984519 0.0 680000
1695739046765 0.0 684000
1695739110137 0.0 688000
1695739172014 0.0 692000
1695739235541 0.0 696000
1695739297787 0.0 700000
1695739360602 0.0 704000
1695739423288 0.0 708000
1695739488078 0.0 712000
1695739550728 0.0 716000
1695739613360 0.0 720000
1695739676058 0.0 724000
1695739737849 0.0 728000
1695739800535 0.0 732000
1695739862771 0.0 736000
1695739925914 0.0 740000
1695739987758 0.0 744000
1695740051657 0.0 748000
1695740114471 0.0 752000
1695740177690 0.0 756000
1695740240160 0.0 760000
1695740302029 0.0 764000
1695740363614 0.0 768000
1695740426099 0.0 772000
1695740488934 0.0 776000
1695740550769 0.0 780000
1695740613473 0.0 784000
1695740676095 0.0 788000
1695740739851 0.0 792000
1695740801759 0.0 796000
1695740865019 0.0 800000
1695740927235 0.0 804000
1695740989472 0.0 808000
1695741052810 0.0 812000
1695741116454 0.0 816000
1695741179189 0.0 820000
1695741242100 0.0 824000
1695741305203 0.0 828000
1695741368526 0.0 832000
1695741432767 0.0 836000
1695741500801 0.0 840000
1695741566841 0.0 844000
1695741631790 0.0 848000
1695741707439 0.0 852000
1695741770256 0.0 856000
1695741834331 0.0 860000
1695741896326 0.0 864000
1695741958479 0.0 868000
1695742020728 0.0 872000
1695742083875 0.0 876000
1695742146542 0.0 880000
1695742211661 0.0 884000
1695742275899 0.0 888000
1695742341643 0.0 892000
1695742413669 0.0 896000
1695742481983 0.0 900000
1695742548288 0.0 904000
1695742610753 0.0 908000
1695742672866 0.0 912000
1695742735156 0.0 916000
1695742798461 0.0 920000
1695742861556 0.0 924000
1695742924148 0.0 928000
1695742986379 0.0 932000
1695743049688 0.0 936000
1695743111970 0.0 940000
1695743175940 0.0 944000
1695743237901 0.0 948000
1695743299811 0.0 952000
1695743362005 0.0 956000
1695743425303 0.0 960000
1695743487779 0.0 964000
1695743552162 0.0 968000
1695743614316 0.0 972000
1695743677502 0.0 976000
1695743740550 0.0 980000
1695743804826 0.0 984000
1695743867007 0.0 988000
1695743930122 0.0 992000
1695743991754 0.0 996000
1695744055091 0.0 1000000
