1695731491999 0.0 244000
1695731555372 0.0 248000
1695731627003 0.0 252000
1695731694009 0.0 256000
1695731770456 0.0 260000
1695731847900 0.0 264000
1695731929334 0.0 268000
1695732007567 0.0 272000
1695732085660 0.0 276000
1695732161622 0.0 280000
1695732229856 0.0 284000
1695732296288 0.0 288000
1695732365400 0.0 292000
1695732431736 0.0 296000
1695732499310 0.0 300000
1695732565207 0.0 304000
1695732635477 0.0 308000
1695732703092 0.0 312000
1695732772410 0.0 316000
1695732841598 0.0 320000
1695732910257 0.0 324000
1695732988725 0.0 328000
1695733057791 0.0 332000
1695733127235 0.0 336000
1695733197226 0.0 340000
1695733266942 0.0 344000
1695733337770 0.0 348000
1695733406284 0.0 352000
1695733475122 0.0 356000
1695733547190 0.0 360000
1695733617755 0.0 364000
1695733686248 0.0 368000
1695733756226 0.0 372000
1695733824459 0.0 376000
1695733894968 0.0 380000
1695733964293 0.0 384000
1695734035307 0.0 388000
1695734104274 0.0 392000
1695734175703 0.0 396000
1695734244748 0.0 400000
1695734315775 0.0 404000
1695734384689 0.0 408000
1695734453464 0.0 412000
1695734520755 0.0 416000
1695734588460 0.0 420000
1695734658412 0.0 424000
1695734728078 0.0 428000
1695734796963 0.0 432000
1695734870332 0.0 436000
1695734945845 0.0 440000
1695735017163 0.0 444000
1695735086445 0.0 448000
1695735161770 0.0 452000
1695735232010 0.0 456000
1695735305961 0.0 460000
1695735382216 0.0 464000
1695735453211 0.0 468000
1695735524432 0.0 472000
1695735599218 0.0 476000
1695735678724 0.0 480000
1695735759849 0.0 484000
1695735842412 0.0 488000
1695735925848 0.0 492000
1695736013519 0.0 496000
1695736097364 0.0 500000
1695736173683 0.0 504000
1695736248958 0.0 508000
1695736320660 0.0 512000
1695736388220 0.0 516000
1695736454357 0.0 520000
1695736520685 0.0 524000
1695736587115 0.0 528000
1695736651751 0.0 532000
1695736716184 0.0 536000
1695736779529 0.0 540000
1695736842247 0.0 544000
1695736905450 0.0 548000
1695736968510 0.0 552000
1695737032212 0.0 556000
1695737094122 0.0 560000
1695737158029 0.0 564000
1695737219698 0.0 568000
1695737282015 0.0 572000
1695737344695 0.0 576000
1695737412031 0.0 580000
1695737478307 0.0 584000
1695737541976 0.0 588000
1695737604417 0.0 592000
1695737666499 0.0 596000
1695737728705 0.0 600000
1695737791632 0.0 604000
1695737853589 0.0 608000
1695737916276 0.0 612000
1695737978651 0.0 616000
1695738041291 0.0 620000
1695738103549 0.0 624000
1695738167378 0.0 628000
1695738230053 0.0 632000
1695738292607 0.0 636000
1695738355100 0.0 640000
1695738417955 0.0 644000
1695738479913 0.0 648000
1695738542498 0.0 652000
1695738605935 0.0 656000
1695738668211 0.0 660000
1695738731761 0.0 664000
1695738794230 0.0 668000
1695738858571 0.0 672000
1695738921314 0.0 676000
1695738984529 0.0 680000
1695739046773 0.0 684000
1695739110144 0.0 688000
1695739172021 0.0 692000
1695739235549 0.0 696000
1695739297795 0.0 700000
1695739360609 0.0 704000
1695739423296 0.0 708000
1695739488085 0.0 712000
1695739550736 0.0 716000
1695739613368 0.0 720000
1695739676065 0.0 724000
1695739737856 0.0 728000
1695739800542 0.0 732000
1695739862779 0.0 736000
1695739925922 0.0 740000
1695739987766 0.0 744000
1695740051665 0.0 748000
1695740114479 0.0 752000
1695740177697 0.0 756000
1695740240167 0.0 760000
1695740302037 0.0 764000
1695740363622 0.0 768000
1695740426106 0.0 772000
1695740488941 0.0 776000
1695740550776 0.0 780000
1695740613480 0.0 784000
1695740676102 0.0 788000
1695740739858 0.0 792000
1695740801767 0.0 796000
1695740865027 0.0 800000
1695740927244 0.0 804000
1695740989479 0.0 808000
1695741052817 0.0 812000
1695741116461 0.0 816000
1695741179196 0.0 820000
1695741242108 0.0 824000
1695741305211 0.0 828000
1695741368533 0.0 832000
1695741432775 0.0 836000
1695741500809 0.0 840000
1695741566849 0.0 844000
1695741631798 0.0 848000
1695741707447 0.0 852000
1695741770263 0.0 856000
1695741834339 0.0 860000
1695741896335 0.0 864000
1695741958486 0.0 868000
1695742020734 0.0 872000
1695742083883 0.0 876000
1695742146550 0.0 880000
1695742211669 0.0 884000
1695742275907 0.0 888000
1695742341651 0.0 892000
1695742413679 0.0 896000
1695742481991 0.0 900000
1695742548295 0.0 904000
1695742610760 0.0 908000
1695742672873 0.0 912000
1695742735164 0.0 916000
1695742798469 0.0 920000
1695742861563 0.0 924000
1695742924156 0.0 928000
1695742986387 0.0 932000
1695743049695 0.0 936000
1695743111977 0.0 940000
1695743175947 0.0 944000
1695743237909 0.0 948000
1695743299818 0.0 952000
1695743362014 0.0 956000
1695743425311 0.0 960000
1695743487786 0.0 964000
1695743552171 0.0 968000
1695743614323 0.0 972000
1695743677510 0.0 976000
1695743740557 0.0 980000
1695743804834 0.0 984000
1695743867015 0.0 988000
1695743930129 0.0 992000
1695743991762 0.0 996000
1695744055098 0.0 1000000
