1695731491995 0.0 244000
1695731555367 0.0 248000
1695731626998 0.0 252000
1695731694003 0.0 256000
1695731770450 0.0 260000
1695731847894 0.0 264000
1695731929329 0.0 268000
1695732007561 0.0 272000
1695732085653 0.0 276000
1695732161617 0.0 280000
1695732229851 0.0 284000
1695732296284 0.0 288000
1695732365396 0.0 292000
1695732431732 0.0 296000
1695732499306 0.0 300000
1695732565202 0.0 304000
1695732635472 0.0 308000
1695732703086 0.0 312000
1695732772405 0.0 316000
1695732841594 0.0 320000
1695732910252 0.0 324000
1695732988719 0.0 328000
1695733057786 0.0 332000
1695733127230 0.0 336000
1695733197221 0.0 340000
1695733266937 0.0 344000
1695733337764 0.0 348000
1695733406279 0.0 352000
1695733475118 0.0 356000
1695733547185 0.0 360000
1695733617750 0.0 364000
1695733686243 0.0 368000
1695733756221 0.0 372000
1695733824455 0.0 376000
1695733894963 0.0 380000
1695733964289 0.0 384000
1695734035302 0.0 388000
1695734104270 0.0 392000
1695734175699 0.0 396000
1695734244743 0.0 400000
1695734315770 0.0 404000
1695734384684 0.0 408000
1695734453459 0.0 412000
1695734520750 0.0 416000
1695734588455 0.0 420000
1695734658408 0.0 424000
1695734728073 0.0 428000
1695734796958 0.0 432000
1695734870326 0.0 436000
1695734945840 0.0 440000
1695735017157 0.0 444000
1695735086440 0.0 448000
1695735161765 0.0 452000
1695735232005 0.0 456000
1695735305956 0.0 460000
1695735382211 0.0 464000
1695735453206 0.0 468000
1695735524427 0.0 472000
1695735599213 0.0 476000
1695735678719 0.0 480000
1695735759843 0.0 484000
1695735842407 0.0 488000
1695735925842 0.0 492000
1695736013513 0.0 496000
1695736097358 0.0 500000
1695736173678 0.0 504000
1695736248952 0.0 508000
1695736320654 0.0 512000
1695736388215 0.0 516000
1695736454353 0.0 520000
1695736520681 0.0 524000
1695736587110 0.0 528000
1695736651747 0.0 532000
1695736716179 0.0 536000
1695736779525 0.0 540000
1695736842242 0.0 544000
1695736905445 0.0 548000
1695736968506 0.0 552000
1695737032207 0.0 556000
1695737094118 0.0 560000
1695737158024 0.0 564000
1695737219693 0.0 568000
1695737282010 0.0 572000
1695737344690 0.0 576000
1695737412027 0.0 580000
1695737478303 0.0 584000
1695737541972 0.0 588000
1695737604412 0.0 592000
1695737666495 0.0 596000
1695737728700 0.0 600000
1695737791628 0.0 604000
1695737853585 0.0 608000
1695737916272 0.0 612000
1695737978646 0.0 616000
1695738041286 0.0 620000
1695738103544 0.0 624000
1695738167374 0.0 628000
1695738230049 0.0 632000
1695738292603 0.0 636000
1695738355095 0.0 640000
1695738417951 0.0 644000
1695738479908 0.0 648000
1695738542494 0.0 652000
1695738605931 0.0 656000
1695738668206 0.0 660000
1695738731756 0.0 664000
1695738794225 0.0 668000
1695738858566 0.0 672000
1695738921309 0.0 676000
1695738984522 0.0 680000
1695739046768 0.0 684000
1695739110140 0.0 688000
1695739172017 0.0 692000
1695739235544 0.0 696000
1695739297790 0.0 700000
1695739360605 0.0 704000
1695739423291 0.0 708000
1695739488081 0.0 712000
1695739550732 0.0 716000
1695739613363 0.0 720000
1695739676061 0.0 724000
1695739737852 0.0 728000
1695739800538 0.0 732000
1695739862774 0.0 736000
1695739925917 0.0 740000
1695739987761 0.0 744000
1695740051660 0.0 748000
1695740114474 0.0 752000
1695740177693 0.0 756000
1695740240163 0.0 760000
1695740302032 0.0 764000
1695740363617 0.0 768000
1695740426102 0.0 772000
1695740488937 0.0 776000
1695740550772 0.0 780000
1695740613476 0.0 784000
1695740676098 0.0 788000
1695740739854 0.0 792000
1695740801762 0.0 796000
1695740865022 0.0 800000
1695740927239 0.0 804000
1695740989474 0.0 808000
1695741052813 0.0 812000
1695741116457 0.0 816000
1695741179192 0.0 820000
1695741242103 0.0 824000
1695741305206 0.0 828000
1695741368529 0.0 832000
1695741432770 0.0 836000
1695741500805 0.0 840000
1695741566844 0.0 844000
1695741631794 0.0 848000
1695741707443 0.0 852000
1695741770258 0.0 856000
1695741834334 0.0 860000
1695741896329 0.0 864000
1695741958482 0.0 868000
1695742020730 0.0 872000
1695742083878 0.0 876000
1695742146545 0.0 880000
1695742211664 0.0 884000
1695742275902 0.0 888000
1695742341646 0.0 892000
1695742413673 0.0 896000
1695742481986 0.0 900000
1695742548291 0.0 904000
1695742610756 0.0 908000
1695742672869 0.0 912000
1695742735159 0.0 916000
1695742798464 0.0 920000
1695742861559 0.0 924000
1695742924151 0.0 928000
1695742986382 0.0 932000
1695743049690 0.0 936000
1695743111973 0.0 940000
1695743175943 0.0 944000
1695743237904 0.0 948000
1695743299814 0.0 952000
1695743362008 0.0 956000
1695743425307 0.0 960000
1695743487782 0.0 964000
1695743552165 0.0 968000
1695743614319 0.0 972000
1695743677505 0.0 976000
1695743740553 0.0 980000
1695743804829 0.0 984000
1695743867010 0.0 988000
1695743930124 0.0 992000
1695743991757 0.0 996000
1695744055094 0.0 1000000
