1695731491994 0.0 244000
1695731555366 0.0 248000
1695731626997 0.0 252000
1695731694001 0.0 256000
1695731770448 0.0 260000
1695731847892 0.0 264000
1695731929327 0.0 268000
1695732007559 0.0 272000
1695732085651 0.0 276000
1695732161616 0.0 280000
1695732229850 0.0 284000
1695732296282 0.0 288000
1695732365394 0.0 292000
1695732431730 0.0 296000
1695732499304 0.0 300000
1695732565200 0.0 304000
1695732635471 0.0 308000
1695732703085 0.0 312000
1695732772403 0.0 316000
1695732841592 0.0 320000
1695732910250 0.0 324000
1695732988718 0.0 328000
1695733057784 0.0 332000
1695733127229 0.0 336000
1695733197219 0.0 340000
1695733266935 0.0 344000
1695733337762 0.0 348000
1695733406278 0.0 352000
1695733475116 0.0 356000
1695733547184 0.0 360000
1695733617749 0.0 364000
1695733686242 0.0 368000
1695733756219 0.0 372000
1695733824453 0.0 376000
1695733894961 0.0 380000
1695733964287 0.0 384000
1695734035300 0.0 388000
1695734104268 0.0 392000
1695734175697 0.0 396000
1695734244741 0.0 400000
1695734315768 0.0 404000
1695734384683 0.0 408000
1695734453457 0.0 412000
1695734520749 0.0 416000
1695734588454 0.0 420000
1695734658406 0.0 424000
1695734728072 0.0 428000
1695734796957 0.0 432000
1695734870325 0.0 436000
1695734945838 0.0 440000
1695735017155 0.0 444000
1695735086438 0.0 448000
1695735161763 0.0 452000
1695735232004 0.0 456000
1695735305954 0.0 460000
1695735382209 0.0 464000
1695735453204 0.0 468000
1695735524425 0.0 472000
1695735599211 0.0 476000
1695735678717 0.0 480000
1695735759841 0.0 484000
1695735842405 0.0 488000
1695735925840 0.0 492000
1695736013511 0.0 496000
1695736097357 0.0 500000
1695736173677 0.0 504000
1695736248950 0.0 508000
1695736320652 0.0 512000
1695736388214 0.0 516000
1695736454351 0.0 520000
1695736520680 0.0 524000
1695736587109 0.0 528000
1695736651745 0.0 532000
1695736716178 0.0 536000
1695736779523 0.0 540000
1695736842241 0.0 544000
1695736905444 0.0 548000
1695736968504 0.0 552000
1695737032205 0.0 556000
1695737094117 0.0 560000
1695737158023 0.0 564000
1695737219692 0.0 568000
1695737282008 0.0 572000
1695737344688 0.0 576000
1695737412025 0.0 580000
1695737478301 0.0 584000
1695737541971 0.0 588000
1695737604411 0.0 592000
1695737666493 0.0 596000
1695737728698 0.0 600000
1695737791626 0.0 604000
1695737853583 0.0 608000
1695737916271 0.0 612000
1695737978644 0.0 616000
1695738041285 0.0 620000
1695738103543 0.0 624000
1695738167372 0.0 628000
1695738230047 0.0 632000
1695738292601 0.0 636000
1695738355094 0.0 640000
1695738417950 0.0 644000
1695738479907 0.0 648000
1695738542492 0.0 652000
1695738605929 0.0 656000
1695738668204 0.0 660000
1695738731755 0.0 664000
1695738794224 0.0 668000
1695738858565 0.0 672000
1695738921307 0.0 676000
1695738984520 0.0 680000
1695739046767 0.0 684000
1695739110138 0.0 688000
1695739172016 0.0 692000
1695739235542 0.0 696000
1695739297788 0.0 700000
1695739360603 0.0 704000
1695739423290 0.0 708000
1695739488079 0.0 712000
1695739550730 0.0 716000
1695739613361 0.0 720000
1695739676059 0.0 724000
1695739737850 0.0 728000
1695739800536 0.0 732000
1695739862773 0.0 736000
1695739925916 0.0 740000
1695739987760 0.0 744000
1695740051659 0.0 748000
1695740114473 0.0 752000
1695740177691 0.0 756000
1695740240162 0.0 760000
1695740302031 0.0 764000
1695740363616 0.0 768000
1695740426100 0.0 772000
1695740488935 0.0 776000
1695740550770 0.0 780000
1695740613474 0.0 784000
1695740676097 0.0 788000
1695740739853 0.0 792000
1695740801761 0.0 796000
1695740865021 0.0 800000
1695740927237 0.0 804000
1695740989473 0.0 808000
1695741052811 0.0 812000
1695741116456 0.0 816000
1695741179191 0.0 820000
1695741242102 0.0 824000
1695741305205 0.0 828000
1695741368527 0.0 832000
1695741432768 0.0 836000
1695741500803 0.0 840000
1695741566842 0.0 844000
1695741631792 0.0 848000
1695741707441 0.0 852000
1695741770257 0.0 856000
1695741834333 0.0 860000
1695741896327 0.0 864000
1695741958480 0.0 868000
1695742020729 0.0 872000
1695742083877 0.0 876000
1695742146543 0.0 880000
1695742211662 0.0 884000
1695742275901 0.0 888000
1695742341645 0.0 892000
1695742413672 0.0 896000
1695742481985 0.0 900000
1695742548289 0.0 904000
1695742610755 0.0 908000
1695742672867 0.0 912000
1695742735157 0.0 916000
1695742798463 0.0 920000
1695742861558 0.0 924000
1695742924149 0.0 928000
1695742986380 0.0 932000
1695743049689 0.0 936000
1695743111972 0.0 940000
1695743175941 0.0 944000
1695743237903 0.0 948000
1695743299812 0.0 952000
1695743362007 0.0 956000
1695743425305 0.0 960000
1695743487780 0.0 964000
1695743552163 0.0 968000
1695743614317 0.0 972000
1695743677504 0.0 976000
1695743740552 0.0 980000
1695743804828 0.0 984000
1695743867008 0.0 988000
1695743930123 0.0 992000
1695743991755 0.0 996000
1695744055093 0.0 1000000
