1695731491999 0.0 244000
1695731555371 0.0 248000
1695731627002 0.0 252000
1695731694007 0.0 256000
1695731770455 0.0 260000
1695731847899 0.0 264000
1695731929333 0.0 268000
1695732007566 0.0 272000
1695732085658 0.0 276000
1695732161621 0.0 280000
1695732229855 0.0 284000
1695732296288 0.0 288000
1695732365400 0.0 292000
1695732431735 0.0 296000
1695732499309 0.0 300000
1695732565206 0.0 304000
1695732635477 0.0 308000
1695732703091 0.0 312000
1695732772409 0.0 316000
1695732841598 0.0 320000
1695732910256 0.0 324000
1695732988724 0.0 328000
1695733057790 0.0 332000
1695733127234 0.0 336000
1695733197226 0.0 340000
1695733266941 0.0 344000
1695733337769 0.0 348000
1695733406283 0.0 352000
1695733475122 0.0 356000
1695733547190 0.0 360000
1695733617755 0.0 364000
1695733686247 0.0 368000
1695733756225 0.0 372000
1695733824459 0.0 376000
1695733894967 0.0 380000
1695733964292 0.0 384000
1695734035306 0.0 388000
1695734104274 0.0 392000
1695734175702 0.0 396000
1695734244747 0.0 400000
1695734315774 0.0 404000
1695734384689 0.0 408000
1695734453463 0.0 412000
1695734520754 0.0 416000
1695734588459 0.0 420000
1695734658412 0.0 424000
1695734728077 0.0 428000
1695734796962 0.0 432000
1695734870331 0.0 436000
1695734945844 0.0 440000
1695735017162 0.0 444000
1695735086444 0.0 448000
1695735161769 0.0 452000
1695735232009 0.0 456000
1695735305960 0.0 460000
1695735382215 0.0 464000
1695735453210 0.0 468000
1695735524430 0.0 472000
1695735599217 0.0 476000
1695735678723 0.0 480000
1695735759848 0.0 484000
1695735842411 0.0 488000
1695735925847 0.0 492000
1695736013518 0.0 496000
1695736097363 0.0 500000
1695736173683 0.0 504000
1695736248957 0.0 508000
1695736320659 0.0 512000
1695736388219 0.0 516000
1695736454356 0.0 520000
1695736520685 0.0 524000
1695736587114 0.0 528000
1695736651750 0.0 532000
1695736716183 0.0 536000
1695736779528 0.0 540000
1695736842246 0.0 544000
1695736905449 0.0 548000
1695736968510 0.0 552000
1695737032211 0.0 556000
1695737094121 0.0 560000
1695737158028 0.0 564000
1695737219697 0.0 568000
1695737282014 0.0 572000
1695737344694 0.0 576000
1695737412031 0.0 580000
1695737478306 0.0 584000
1695737541976 0.0 588000
1695737604416 0.0 592000
1695737666498 0.0 596000
1695737728704 0.0 600000
1695737791631 0.0 604000
1695737853589 0.0 608000
1695737916275 0.0 612000
1695737978650 0.0 616000
1695738041290 0.0 620000
1695738103548 0.0 624000
1695738167378 0.0 628000
1695738230053 0.0 632000
1695738292606 0.0 636000
1695738355099 0.0 640000
1695738417955 0.0 644000
1695738479912 0.0 648000
1695738542497 0.0 652000
1695738605934 0.0 656000
1695738668210 0.0 660000
1695738731760 0.0 664000
1695738794229 0.0 668000
1695738858570 0.0 672000
1695738921313 0.0 676000
1695738984528 0.0 680000
1695739046772 0.0 684000
1695739110143 0.0 688000
1695739172021 0.0 692000
1695739235548 0.0 696000
1695739297794 0.0 700000
1695739360609 0.0 704000
1695739423295 0.0 708000
1695739488085 0.0 712000
1695739550735 0.0 716000
1695739613367 0.0 720000
1695739676064 0.0 724000
1695739737855 0.0 728000
1695739800542 0.0 732000
1695739862778 0.0 736000
1695739925921 0.0 740000
1695739987765 0.0 744000
1695740051664 0.0 748000
1695740114478 0.0 752000
1695740177696 0.0 756000
1695740240167 0.0 760000
1695740302036 0.0 764000
1695740363622 0.0 768000
1695740426105 0.0 772000
1695740488940 0.0 776000
1695740550775 0.0 780000
1695740613479 0.0 784000
1695740676102 0.0 788000
1695740739857 0.0 792000
1695740801765 0.0 796000
1695740865026 0.0 800000
1695740927243 0.0 804000
1695740989478 0.0 808000
1695741052816 0.0 812000
1695741116461 0.0 816000
1695741179196 0.0 820000
1695741242107 0.0 824000
1695741305210 0.0 828000
1695741368533 0.0 832000
1695741432774 0.0 836000
1695741500809 0.0 840000
1695741566848 0.0 844000
1695741631797 0.0 848000
1695741707446 0.0 852000
1695741770262 0.0 856000
1695741834338 0.0 860000
1695741896334 0.0 864000
1695741958485 0.0 868000
1695742020734 0.0 872000
1695742083882 0.0 876000
1695742146549 0.0 880000
1695742211668 0.0 884000
1695742275906 0.0 888000
1695742341650 0.0 892000
1695742413678 0.0 896000
1695742481990 0.0 900000
1695742548295 0.0 904000
1695742610760 0.0 908000
1695742672873 0.0 912000
1695742735163 0.0 916000
1695742798468 0.0 920000
1695742861563 0.0 924000
1695742924155 0.0 928000
1695742986386 0.0 932000
1695743049694 0.0 936000
1695743111977 0.0 940000
1695743175947 0.0 944000
1695743237908 0.0 948000
1695743299818 0.0 952000
1695743362013 0.0 956000
1695743425311 0.0 960000
1695743487785 0.0 964000
1695743552170 0.0 968000
1695743614322 0.0 972000
1695743677509 0.0 976000
1695743740557 0.0 980000
1695743804833 0.0 984000
1695743867014 0.0 988000
1695743930128 0.0 992000
1695743991761 0.0 996000
1695744055097 0.0 1000000
