1695731491998 0.0 244000
1695731555371 0.0 248000
1695731627002 0.0 252000
1695731694006 0.0 256000
1695731770454 0.0 260000
1695731847898 0.0 264000
1695731929333 0.0 268000
1695732007565 0.0 272000
1695732085658 0.0 276000
1695732161620 0.0 280000
1695732229854 0.0 284000
1695732296287 0.0 288000
1695732365399 0.0 292000
1695732431735 0.0 296000
1695732499309 0.0 300000
1695732565205 0.0 304000
1695732635476 0.0 308000
1695732703090 0.0 312000
1695732772408 0.0 316000
1695732841597 0.0 320000
1695732910255 0.0 324000
1695732988723 0.0 328000
1695733057789 0.0 332000
1695733127233 0.0 336000
1695733197224 0.0 340000
1695733266940 0.0 344000
1695733337768 0.0 348000
1695733406282 0.0 352000
1695733475121 0.0 356000
1695733547189 0.0 360000
1695733617754 0.0 364000
1695733686247 0.0 368000
1695733756224 0.0 372000
1695733824458 0.0 376000
1695733894966 0.0 380000
1695733964292 0.0 384000
1695734035305 0.0 388000
1695734104273 0.0 392000
1695734175702 0.0 396000
1695734244746 0.0 400000
1695734315773 0.0 404000
1695734384688 0.0 408000
1695734453462 0.0 412000
1695734520753 0.0 416000
1695734588458 0.0 420000
1695734658411 0.0 424000
1695734728076 0.0 428000
1695734796961 0.0 432000
1695734870330 0.0 436000
1695734945843 0.0 440000
1695735017161 0.0 444000
1695735086443 0.0 448000
1695735161768 0.0 452000
1695735232009 0.0 456000
1695735305959 0.0 460000
1695735382214 0.0 464000
1695735453209 0.0 468000
1695735524430 0.0 472000
1695735599216 0.0 476000
1695735678723 0.0 480000
1695735759847 0.0 484000
1695735842410 0.0 488000
1695735925846 0.0 492000
1695736013517 0.0 496000
1695736097362 0.0 500000
1695736173682 0.0 504000
1695736248956 0.0 508000
1695736320658 0.0 512000
1695736388218 0.0 516000
1695736454356 0.0 520000
1695736520684 0.0 524000
1695736587113 0.0 528000
1695736651750 0.0 532000
1695736716182 0.0 536000
1695736779528 0.0 540000
1695736842246 0.0 544000
1695736905448 0.0 548000
1695736968509 0.0 552000
1695737032210 0.0 556000
1695737094121 0.0 560000
1695737158027 0.0 564000
1695737219696 0.0 568000
1695737282013 0.0 572000
1695737344693 0.0 576000
1695737412030 0.0 580000
1695737478305 0.0 584000
1695737541975 0.0 588000
1695737604416 0.0 592000
1695737666497 0.0 596000
1695737728703 0.0 600000
1695737791630 0.0 604000
1695737853588 0.0 608000
1695737916275 0.0 612000
1695737978649 0.0 616000
1695738041289 0.0 620000
1695738103548 0.0 624000
1695738167377 0.0 628000
1695738230052 0.0 632000
1695738292606 0.0 636000
1695738355098 0.0 640000
1695738417954 0.0 644000
1695738479911 0.0 648000
1695738542497 0.0 652000
1695738605933 0.0 656000
1695738668209 0.0 660000
1695738731759 0.0 664000
1695738794229 0.0 668000
1695738858569 0.0 672000
1695738921312 0.0 676000
1695738984527 0.0 680000
1695739046771 0.0 684000
1695739110143 0.0 688000
1695739172020 0.0 692000
1695739235547 0.0 696000
1695739297793 0.0 700000
1695739360608 0.0 704000
1695739423294 0.0 708000
1695739488084 0.0 712000
1695739550735 0.0 716000
1695739613366 0.0 720000
1695739676064 0.0 724000
1695739737855 0.0 728000
1695739800541 0.0 732000
1695739862777 0.0 736000
1695739925920 0.0 740000
1695739987764 0.0 744000
1695740051663 0.0 748000
1695740114478 0.0 752000
1695740177696 0.0 756000
1695740240166 0.0 760000
1695740302035 0.0 764000
1695740363621 0.0 768000
1695740426104 0.0 772000
1695740488940 0.0 776000
1695740550775 0.0 780000
1695740613479 0.0 784000
1695740676101 0.0 788000
1695740739857 0.0 792000
1695740801765 0.0 796000
1695740865025 0.0 800000
1695740927242 0.0 804000
1695740989477 0.0 808000
1695741052816 0.0 812000
1695741116460 0.0 816000
1695741179195 0.0 820000
1695741242106 0.0 824000
1695741305209 0.0 828000
1695741368532 0.0 832000
1695741432773 0.0 836000
1695741500808 0.0 840000
1695741566847 0.0 844000
1695741631797 0.0 848000
1695741707445 0.0 852000
1695741770261 0.0 856000
1695741834337 0.0 860000
1695741896333 0.0 864000
1695741958485 0.0 868000
1695742020733 0.0 872000
1695742083882 0.0 876000
1695742146548 0.0 880000
1695742211667 0.0 884000
1695742275905 0.0 888000
1695742341649 0.0 892000
1695742413677 0.0 896000
1695742481989 0.0 900000
1695742548294 0.0 904000
1695742610759 0.0 908000
1695742672872 0.0 912000
1695742735162 0.0 916000
1695742798467 0.0 920000
1695742861562 0.0 924000
1695742924154 0.0 928000
1695742986385 0.0 932000
1695743049693 0.0 936000
1695743111976 0.0 940000
1695743175946 0.0 944000
1695743237907 0.0 948000
1695743299817 0.0 952000
1695743362012 0.0 956000
1695743425310 0.0 960000
1695743487785 0.0 964000
1695743552168 0.0 968000
1695743614322 0.0 972000
1695743677508 0.0 976000
1695743740556 0.0 980000
1695743804832 0.0 984000
1695743867013 0.0 988000
1695743930127 0.0 992000
1695743991760 0.0 996000
1695744055097 0.0 1000000
