1695731491996 0.0 244000
1695731555369 0.0 248000
1695731627000 0.0 252000
1695731694004 0.0 256000
1695731770452 0.0 260000
1695731847896 0.0 264000
1695731929331 0.0 268000
1695732007563 0.0 272000
1695732085656 0.0 276000
1695732161619 0.0 280000
1695732229853 0.0 284000
1695732296285 0.0 288000
1695732365397 0.0 292000
1695732431733 0.0 296000
1695732499307 0.0 300000
1695732565204 0.0 304000
1695732635474 0.0 308000
1695732703088 0.0 312000
1695732772406 0.0 316000
1695732841595 0.0 320000
1695732910253 0.0 324000
1695732988721 0.0 328000
1695733057788 0.0 332000
1695733127232 0.0 336000
1695733197223 0.0 340000
1695733266939 0.0 344000
1695733337766 0.0 348000
1695733406281 0.0 352000
1695733475119 0.0 356000
1695733547187 0.0 360000
1695733617752 0.0 364000
1695733686245 0.0 368000
1695733756222 0.0 372000
1695733824456 0.0 376000
1695733894965 0.0 380000
1695733964290 0.0 384000
1695734035303 0.0 388000
1695734104271 0.0 392000
1695734175700 0.0 396000
1695734244745 0.0 400000
1695734315771 0.0 404000
1695734384686 0.0 408000
1695734453461 0.0 412000
1695734520752 0.0 416000
1695734588457 0.0 420000
1695734658409 0.0 424000
1695734728075 0.0 428000
1695734796960 0.0 432000
1695734870328 0.0 436000
1695734945841 0.0 440000
1695735017159 0.0 444000
1695735086441 0.0 448000
1695735161766 0.0 452000
1695735232007 0.0 456000
1695735305958 0.0 460000
1695735382212 0.0 464000
1695735453208 0.0 468000
1695735524428 0.0 472000
1695735599214 0.0 476000
1695735678721 0.0 480000
1695735759845 0.0 484000
1695735842408 0.0 488000
1695735925844 0.0 492000
1695736013515 0.0 496000
1695736097360 0.0 500000
1695736173680 0.0 504000
1695736248954 0.0 508000
1695736320656 0.0 512000
1695736388217 0.0 516000
1695736454354 0.0 520000
1695736520683 0.0 524000
1695736587112 0.0 528000
1695736651748 0.0 532000
1695736716181 0.0 536000
1695736779526 0.0 540000
1695736842244 0.0 544000
1695736905447 0.0 548000
1695736968507 0.0 552000
1695737032209 0.0 556000
1695737094119 0.0 560000
1695737158026 0.0 564000
1695737219695 0.0 568000
1695737282012 0.0 572000
1695737344691 0.0 576000
1695737412028 0.0 580000
1695737478304 0.0 584000
1695737541973 0.0 588000
1695737604414 0.0 592000
1695737666496 0.0 596000
1695737728702 0.0 600000
1695737791629 0.0 604000
1695737853586 0.0 608000
1695737916273 0.0 612000
1695737978648 0.0 616000
1695738041288 0.0 620000
1695738103546 0.0 624000
1695738167375 0.0 628000
1695738230050 0.0 632000
1695738292604 0.0 636000
1695738355097 0.0 640000
1695738417953 0.0 644000
1695738479910 0.0 648000
1695738542495 0.0 652000
1695738605932 0.0 656000
1695738668208 0.0 660000
1695738731758 0.0 664000
1695738794227 0.0 668000
1695738858568 0.0 672000
1695738921310 0.0 676000
1695738984526 0.0 680000
1695739046770 0.0 684000
1695739110141 0.0 688000
1695739172018 0.0 692000
1695739235546 0.0 696000
1695739297791 0.0 700000
1695739360606 0.0 704000
1695739423293 0.0 708000
1695739488082 0.0 712000
1695739550733 0.0 716000
1695739613365 0.0 720000
1695739676062 0.0 724000
1695739737853 0.0 728000
1695739800539 0.0 732000
1695739862776 0.0 736000
1695739925919 0.0 740000
1695739987763 0.0 744000
1695740051662 0.0 748000
1695740114476 0.0 752000
1695740177694 0.0 756000
1695740240165 0.0 760000
1695740302034 0.0 764000
1695740363619 0.0 768000
1695740426103 0.0 772000
1695740488938 0.0 776000
1695740550773 0.0 780000
1695740613477 0.0 784000
1695740676100 0.0 788000
1695740739855 0.0 792000
1695740801763 0.0 796000
1695740865024 0.0 800000
1695740927240 0.0 804000
1695740989476 0.0 808000
1695741052814 0.0 812000
1695741116458 0.0 816000
1695741179194 0.0 820000
1695741242105 0.0 824000
1695741305208 0.0 828000
1695741368530 0.0 832000
1695741432772 0.0 836000
1695741500806 0.0 840000
1695741566845 0.0 844000
1695741631795 0.0 848000
1695741707444 0.0 852000
1695741770260 0.0 856000
1695741834336 0.0 860000
1695741896332 0.0 864000
1695741958483 0.0 868000
1695742020732 0.0 872000
1695742083880 0.0 876000
1695742146547 0.0 880000
1695742211666 0.0 884000
1695742275904 0.0 888000
1695742341648 0.0 892000
1695742413675 0.0 896000
1695742481988 0.0 900000
1695742548292 0.0 904000
1695742610758 0.0 908000
1695742672870 0.0 912000
1695742735161 0.0 916000
1695742798466 0.0 920000
1695742861561 0.0 924000
1695742924153 0.0 928000
1695742986383 0.0 932000
1695743049692 0.0 936000
1695743111975 0.0 940000
1695743175944 0.0 944000
1695743237906 0.0 948000
1695743299815 0.0 952000
1695743362010 0.0 956000
1695743425308 0.0 960000
1695743487783 0.0 964000
1695743552166 0.0 968000
1695743614320 0.0 972000
1695743677507 0.0 976000
1695743740554 0.0 980000
1695743804831 0.0 984000
1695743867012 0.0 988000
1695743930126 0.0 992000
1695743991759 0.0 996000
1695744055095 0.0 1000000
