1695731491996 0.0 244000
1695731555368 0.0 248000
1695731626999 0.0 252000
1695731694003 0.0 256000
1695731770451 0.0 260000
1695731847895 0.0 264000
1695731929330 0.0 268000
1695732007562 0.0 272000
1695732085654 0.0 276000
1695732161618 0.0 280000
1695732229852 0.0 284000
1695732296284 0.0 288000
1695732365396 0.0 292000
1695732431732 0.0 296000
1695732499306 0.0 300000
1695732565203 0.0 304000
1695732635473 0.0 308000
1695732703087 0.0 312000
1695732772405 0.0 316000
1695732841595 0.0 320000
1695732910253 0.0 324000
1695732988720 0.0 328000
1695733057787 0.0 332000
1695733127231 0.0 336000
1695733197222 0.0 340000
1695733266938 0.0 344000
1695733337765 0.0 348000
1695733406280 0.0 352000
1695733475118 0.0 356000
1695733547186 0.0 360000
1695733617751 0.0 364000
1695733686244 0.0 368000
1695733756222 0.0 372000
1695733824456 0.0 376000
1695733894964 0.0 380000
1695733964289 0.0 384000
1695734035302 0.0 388000
1695734104270 0.0 392000
1695734175699 0.0 396000
1695734244744 0.0 400000
1695734315771 0.0 404000
1695734384685 0.0 408000
1695734453460 0.0 412000
1695734520751 0.0 416000
1695734588456 0.0 420000
1695734658408 0.0 424000
1695734728074 0.0 428000
1695734796959 0.0 432000
1695734870327 0.0 436000
1695734945841 0.0 440000
1695735017158 0.0 444000
1695735086440 0.0 448000
1695735161766 0.0 452000
1695735232006 0.0 456000
1695735305957 0.0 460000
1695735382212 0.0 464000
1695735453207 0.0 468000
1695735524427 0.0 472000
1695735599213 0.0 476000
1695735678720 0.0 480000
1695735759844 0.0 484000
1695735842407 0.0 488000
1695735925843 0.0 492000
1695736013514 0.0 496000
1695736097359 0.0 500000
1695736173679 0.0 504000
1695736248953 0.0 508000
1695736320655 0.0 512000
1695736388216 0.0 516000
1695736454353 0.0 520000
1695736520682 0.0 524000
1695736587111 0.0 528000
1695736651747 0.0 532000
1695736716180 0.0 536000
1695736779526 0.0 540000
1695736842243 0.0 544000
1695736905446 0.0 548000
1695736968507 0.0 552000
1695737032208 0.0 556000
1695737094119 0.0 560000
1695737158025 0.0 564000
1695737219694 0.0 568000
1695737282011 0.0 572000
1695737344691 0.0 576000
1695737412027 0.0 580000
1695737478303 0.0 584000
1695737541973 0.0 588000
1695737604413 0.0 592000
1695737666495 0.0 596000
1695737728701 0.0 600000
1695737791628 0.0 604000
1695737853586 0.0 608000
1695737916273 0.0 612000
1695737978647 0.0 616000
1695738041287 0.0 620000
1695738103545 0.0 624000
1695738167374 0.0 628000
1695738230049 0.0 632000
1695738292603 0.0 636000
1695738355096 0.0 640000
1695738417952 0.0 644000
1695738479909 0.0 648000
1695738542494 0.0 652000
1695738605931 0.0 656000
1695738668207 0.0 660000
1695738731757 0.0 664000
1695738794226 0.0 668000
1695738858567 0.0 672000
1695738921310 0.0 676000
1695738984523 0.0 680000
1695739046769 0.0 684000
1695739110141 0.0 688000
1695739172018 0.0 692000
1695739235545 0.0 696000
1695739297791 0.0 700000
1695739360606 0.0 704000
1695739423292 0.0 708000
1695739488081 0.0 712000
1695739550732 0.0 716000
1695739613364 0.0 720000
1695739676062 0.0 724000
1695739737852 0.0 728000
1695739800539 0.0 732000
1695739862775 0.0 736000
1695739925918 0.0 740000
1695739987762 0.0 744000
1695740051661 0.0 748000
1695740114475 0.0 752000
1695740177693 0.0 756000
1695740240164 0.0 760000
1695740302033 0.0 764000
1695740363618 0.0 768000
1695740426102 0.0 772000
1695740488937 0.0 776000
1695740550773 0.0 780000
1695740613477 0.0 784000
1695740676099 0.0 788000
1695740739855 0.0 792000
1695740801763 0.0 796000
1695740865023 0.0 800000
1695740927239 0.0 804000
1695740989475 0.0 808000
1695741052814 0.0 812000
1695741116458 0.0 816000
1695741179193 0.0 820000
1695741242104 0.0 824000
1695741305207 0.0 828000
1695741368529 0.0 832000
1695741432771 0.0 836000
1695741500805 0.0 840000
1695741566845 0.0 844000
1695741631794 0.0 848000
1695741707443 0.0 852000
1695741770259 0.0 856000
1695741834335 0.0 860000
1695741896329 0.0 864000
1695741958483 0.0 868000
1695742020731 0.0 872000
1695742083879 0.0 876000
1695742146546 0.0 880000
1695742211665 0.0 884000
1695742275903 0.0 888000
1695742341647 0.0 892000
1695742413674 0.0 896000
1695742481987 0.0 900000
1695742548292 0.0 904000
1695742610757 0.0 908000
1695742672870 0.0 912000
1695742735160 0.0 916000
1695742798465 0.0 920000
1695742861560 0.0 924000
1695742924151 0.0 928000
1695742986383 0.0 932000
1695743049691 0.0 936000
1695743111974 0.0 940000
1695743175943 0.0 944000
1695743237905 0.0 948000
1695743299814 0.0 952000
1695743362009 0.0 956000
1695743425307 0.0 960000
1695743487783 0.0 964000
1695743552166 0.0 968000
1695743614319 0.0 972000
1695743677506 0.0 976000
1695743740554 0.0 980000
1695743804830 0.0 984000
1695743867011 0.0 988000
1695743930125 0.0 992000
1695743991758 0.0 996000
1695744055095 0.0 1000000
