1695731491997 0.0 244000
1695731555370 0.0 248000
1695731627001 0.0 252000
1695731694005 0.0 256000
1695731770453 0.0 260000
1695731847897 0.0 264000
1695731929332 0.0 268000
1695732007564 0.0 272000
1695732085657 0.0 276000
1695732161619 0.0 280000
1695732229853 0.0 284000
1695732296286 0.0 288000
1695732365398 0.0 292000
1695732431734 0.0 296000
1695732499308 0.0 300000
1695732565205 0.0 304000
1695732635475 0.0 308000
1695732703089 0.0 312000
1695732772407 0.0 316000
1695732841596 0.0 320000
1695732910254 0.0 324000
1695732988722 0.0 328000
1695733057788 0.0 332000
1695733127233 0.0 336000
1695733197224 0.0 340000
1695733266940 0.0 344000
1695733337767 0.0 348000
1695733406282 0.0 352000
1695733475120 0.0 356000
1695733547188 0.0 360000
1695733617753 0.0 364000
1695733686246 0.0 368000
1695733756223 0.0 372000
1695733824457 0.0 376000
1695733894965 0.0 380000
1695733964291 0.0 384000
1695734035304 0.0 388000
1695734104272 0.0 392000
1695734175701 0.0 396000
1695734244745 0.0 400000
1695734315772 0.0 404000
1695734384687 0.0 408000
1695734453461 0.0 412000
1695734520752 0.0 416000
1695734588458 0.0 420000
1695734658410 0.0 424000
1695734728075 0.0 428000
1695734796960 0.0 432000
1695734870329 0.0 436000
1695734945842 0.0 440000
1695735017160 0.0 444000
1695735086442 0.0 448000
1695735161767 0.0 452000
1695735232008 0.0 456000
1695735305959 0.0 460000
1695735382213 0.0 464000
1695735453208 0.0 468000
1695735524429 0.0 472000
1695735599215 0.0 476000
1695735678722 0.0 480000
1695735759846 0.0 484000
1695735842409 0.0 488000
1695735925845 0.0 492000
1695736013516 0.0 496000
1695736097361 0.0 500000
1695736173681 0.0 504000
1695736248955 0.0 508000
1695736320657 0.0 512000
1695736388217 0.0 516000
1695736454355 0.0 520000
1695736520683 0.0 524000
1695736587112 0.0 528000
1695736651749 0.0 532000
1695736716181 0.0 536000
1695736779527 0.0 540000
1695736842245 0.0 544000
1695736905447 0.0 548000
1695736968508 0.0 552000
1695737032209 0.0 556000
1695737094120 0.0 560000
1695737158027 0.0 564000
1695737219695 0.0 568000
1695737282012 0.0 572000
1695737344692 0.0 576000
1695737412029 0.0 580000
1695737478305 0.0 584000
1695737541974 0.0 588000
1695737604415 0.0 592000
1695737666497 0.0 596000
1695737728703 0.0 600000
1695737791630 0.0 604000
1695737853587 0.0 608000
1695737916274 0.0 612000
1695737978649 0.0 616000
1695738041289 0.0 620000
1695738103547 0.0 624000
1695738167376 0.0 628000
1695738230051 0.0 632000
1695738292605 0.0 636000
1695738355098 0.0 640000
1695738417953 0.0 644000
1695738479911 0.0 648000
1695738542496 0.0 652000
1695738605933 0.0 656000
1695738668208 0.0 660000
1695738731759 0.0 664000
1695738794228 0.0 668000
1695738858568 0.0 672000
1695738921311 0.0 676000
1695738984526 0.0 680000
1695739046771 0.0 684000
1695739110142 0.0 688000
1695739172019 0.0 692000
1695739235546 0.0 696000
1695739297792 0.0 700000
1695739360607 0.0 704000
1695739423293 0.0 708000
1695739488083 0.0 712000
1695739550734 0.0 716000
1695739613366 0.0 720000
1695739676063 0.0 724000
1695739737854 0.0 728000
1695739800540 0.0 732000
1695739862776 0.0 736000
1695739925920 0.0 740000
1695739987764 0.0 744000
1695740051663 0.0 748000
1695740114477 0.0 752000
1695740177695 0.0 756000
1695740240165 0.0 760000
1695740302034 0.0 764000
1695740363620 0.0 768000
1695740426104 0.0 772000
1695740488939 0.0 776000
1695740550774 0.0 780000
1695740613478 0.0 784000
1695740676100 0.0 788000
1695740739856 0.0 792000
1695740801764 0.0 796000
1695740865024 0.0 800000
1695740927241 0.0 804000
1695740989477 0.0 808000
1695741052815 0.0 812000
1695741116459 0.0 816000
1695741179194 0.0 820000
1695741242106 0.0 824000
1695741305209 0.0 828000
1695741368531 0.0 832000
1695741432772 0.0 836000
1695741500807 0.0 840000
1695741566846 0.0 844000
1695741631796 0.0 848000
1695741707445 0.0 852000
1695741770261 0.0 856000
1695741834337 0.0 860000
1695741896333 0.0 864000
1695741958484 0.0 868000
1695742020732 0.0 872000
1695742083881 0.0 876000
1695742146547 0.0 880000
1695742211666 0.0 884000
1695742275904 0.0 888000
1695742341649 0.0 892000
1695742413676 0.0 896000
1695742481988 0.0 900000
1695742548293 0.0 904000
1695742610758 0.0 908000
1695742672871 0.0 912000
1695742735161 0.0 916000
1695742798467 0.0 920000
1695742861561 0.0 924000
1695742924153 0.0 928000
1695742986384 0.0 932000
1695743049692 0.0 936000
1695743111975 0.0 940000
1695743175945 0.0 944000
1695743237907 0.0 948000
1695743299816 0.0 952000
1695743362011 0.0 956000
1695743425309 0.0 960000
1695743487784 0.0 964000
1695743552167 0.0 968000
1695743614321 0.0 972000
1695743677508 0.0 976000
1695743740555 0.0 980000
1695743804832 0.0 984000
1695743867012 0.0 988000
1695743930127 0.0 992000
1695743991759 0.0 996000
1695744055096 0.0 1000000
